0.025       0          1463.92        2433.57         4029.94         4294.19  
    0.031       0          1732.45        2287.77         3111.81         4259.63  
    0.038       0          2141.84        2615.81         3617.90         4180.09  
    0.044       0          146.64        2228.63         2782.99         3701.53  
    0.050       389.78          2054.29        2746.48         3636.95         4086.69  
    0.056       426.57          2197.54        2774.08         3683.98         4097.63  
    0.062       431.08          2214.20        2783.25         3732.91         4118.25  
    0.069       436.10          2183.63        2689.43         3722.77         4071.77  
    0.075       434.56          2171.11        2724.33         3609.99         4033.70  
    0.081       438.00          2176.13        2696.02         3564.42         4006.28  
    0.088       441.07          2187.31        2737.71         3584.64         4007.05  
    0.094       441.51          2180.42        2767.74         3617.15         4029.39  
    0.100       442.08          2166.15        2743.83         3626.64         4025.54  
    0.106       442.10          2164.60        2666.74         3641.43         4036.15  
    0.113       444.25          2160.69        2633.31         3592.84         4020.69  
    0.119       448.48          2165.69        2661.41         3542.29         3833.30  
    0.125       454.05          2177.55        2694.57         3636.12         3912.37  
    0.131       459.97          2184.09        2714.75         3680.01         4003.15  
    0.138       466.18          2194.13        2723.40         3702.05         3981.06  
    0.144       471.81          2213.94        2744.58         3677.01         4379.68  
    0.150       477.73          2217.73        2767.99         3726.38         4380.72  
    0.156       476.07          2207.14        2758.30         3731.75         4171.43  
    0.163       480.39          2204.80        2731.88         3701.58         4106.23  
    0.169       489.62          2207.48        2722.30         3719.91         4176.07  
    0.175       491.09          2193.80        2721.23         3684.90         4355.50  
    0.181       495.25          2205.71        2718.54         3662.09         4524.28  
    0.188       494.96          2229.89        2769.15         3678.62         4510.69  
    0.194       498.33          2226.74        2799.44         3697.17         4657.05  
    0.200       504.64          2205.00        2766.79         3680.62         4774.85  
    0.206       499.96          2200.65        2774.66         3697.35         4819.65  
    0.213       499.46          2232.97        2822.63         3736.66         4774.15  
    0.219       501.79          2234.25        2821.84         3684.96         4699.52  
    0.225       507.57          2197.23        2808.80         3669.86         4615.41  
    0.231       504.94          2167.10        2812.10         3668.12         4500.22  
    0.238       506.85          2149.57        2768.26         3667.79         4479.45  
    0.244       501.95          2162.81        2754.12         3688.64         4359.92  
    0.250       487.13          2188.05        2765.56         3722.33         4507.99  
    0.256       484.72          2214.32        2717.91         3692.86         4450.83  
    0.263       477.84          2208.18        2693.30         3646.81         4213.13  
    0.269       472.10          2188.78        2741.96         3638.97         4313.61  
    0.275       470.10          2175.38        2741.78         3643.85         4127.80  
    0.281       460.92          2155.13        2789.81         3635.60         4088.16  
    0.288       455.08          2146.78        2747.66         3591.17         4042.45  
    0.294       446.81          2156.36        2704.51         3582.12         4023.33  
    0.300       443.57          2158.89        2678.83         3582.00         4002.10  
    0.306       449.81          2158.20        2707.27         3573.70         4026.77  
    0.312       464.08          2149.73        2792.14         3636.56         4030.13  
    0.319       464.94          2154.60        2790.57         3654.58         4094.60  
    0.325       452.91          2172.78        2770.76         3631.35         4069.01  
    0.331       451.39          2159.04        2725.68         3627.05         4055.93  
    0.338       441.81          2179.25        2695.29         3649.28         4008.04  
    0.344       433.29          2169.22        2663.80         3642.90         3895.23  
    0.350       425.16          2138.87        2672.78         3629.68         3853.68  
    0.356       414.34          2134.02        2658.86         3615.72         3923.46  
    0.363       397.46          2167.21        2690.57         3688.51         4024.05  
    0.369       395.55          2201.40        2807.16         3713.29         4054.20  
    0.375       379.00          2204.78        2768.60         3794.38         3998.12  
    0.381       324.59          2250.70        2783.56         3818.06         4107.17  
    0.388       249.09          2265.32        2827.77         3792.18         4334.87  
    0.394       216.24          2233.70        2841.36         3829.63         4305.98  
    0.400       152.25          2158.86        2850.56         3818.31         4383.60  
    0.406       154.04          2141.21        2854.93         3803.00         4715.41  
    0.413       169.01          2137.78        2875.71         3805.88         5142.11  
    0.419       158.55          2170.81        2860.87         3876.02         5477.79  
    0.425       128.58          2254.79        2806.57         3923.98         5500.00  
    0.431       8.55          269.41        2308.97         2933.99         3955.87  
    0.438       0          120.41        2261.15         2870.64         3798.84  
    