0.025       1000.80          2266.90        2947.51         3479.60         4112.11  
    0.031       764.60          2188.13        3070.75         3606.86         4131.60  
    0.038       939.97          2456.52        3199.59         3487.64         4328.83  
    0.044       120.72          1305.19        2574.15         3392.28         4303.55  
    0.050       0          1195.00        2340.63         3256.09         4366.29  
    0.056       0          1114.78        2230.97         3274.96         4418.87  
    0.062       274.33          1242.53        2501.62         3692.02         4893.77  
    0.069       39.01          157.17        1401.49         2684.90         3888.75  
    0.075       0          984.60        2251.60         3361.03         4311.70  
    0.081       717.27          1765.17        2809.61         3803.90         5070.83  
    0.088       559.45          1516.15        2716.92         3765.85         4855.17  
    0.094       721.79          1660.31        2584.23         3775.06         5372.05  
    0.100       791.44          1744.47        2611.62         3789.79         5494.01  
    0.106       99.26          1158.36        2298.52         3289.51         4562.64  
    0.113       0          1131.79        2256.80         3365.02         4537.97  
    0.119       559.41          1826.68        2750.94         4178.54         5382.16  
    0.125       497.69          2010.90        2411.67         3828.06         4829.48  
    0.131       59.46          1248.05        2294.17         3650.96         4777.07  
    0.138       0          1118.06        2409.89         3491.83         4492.10  
    0.144       0          1151.36        2302.05         3179.68         4203.75  
    0.150       0          1094.92        2097.35         3559.37         4677.61  
    0.156       0          1267.58        2064.32         3527.12         4960.53  
    0.163       0          1158.84        1962.96         3492.53         4855.03  
    0.169       0          1582.50        1743.43         3347.01         4890.53  
    0.175       0          1559.59        1814.27         3233.43         4740.25  
    0.181       0          1335.24        2300.20         3292.38         4528.62  
    0.188       0          1258.35        2618.77         3888.50         4725.30  
    0.194       533.53          1780.72        2754.41         3895.97         5010.55  
    0.200       713.19          1962.20        2633.05         3728.36         4967.23  
    0.206       90.62          1455.18        2360.24         3528.76         4648.91  
    0.213       0          775.83        1747.76         3147.58         4443.46  
    0.219       0          809.58        1946.11         3232.86         4631.18  
    0.225       0          1190.82        2265.38         3369.57         4534.26  
    0.231       0          1262.49        2392.31         3417.72         4488.61  
    0.238       0          157.52        1400.56         2620.62         3980.57  
    0.244       0          962.42        2177.90         3525.26         4331.29  
    0.250       650.88          1497.51        2577.76         3668.89         4985.56  
    0.256       824.59          2020.51        2591.89         3659.91         4953.27  
    0.263       362.26          1965.39        2759.38         3804.86         4924.23  
    0.269       454.36          1801.70        2802.62         3859.46         4849.90  
    0.275       649.91          1839.53        2946.49         4086.54         5417.78  
    0.281       83.97          1357.72        2325.89         3403.79         4484.95  
    0.288       613.99          1640.43        2770.88         3821.04         4954.61  
    0.294       794.26          1709.81        2883.71         3835.58         4852.81  
    0.300       100.52          1111.95        2429.44         3503.65         4702.74  
    0.306       0          1114.48        2425.69         3244.00         4651.04  
    0.312       0          1129.23        2299.78         3171.73         4448.98  
    0.319       620.65          1600.10        2758.03         3871.72         4830.24  
    0.325       653.82          1701.09        2944.79         3906.44         4830.33  
    0.331       650.14          1688.19        2938.70         3970.37         4925.06  
    0.338       738.86          1820.00        3115.62         4150.73         5430.25  
    0.344       93.54          228.95        1912.62         2921.07         3780.61  
    0.350       727.33          2008.04        2745.19         3258.03         4644.26  
    0.356       103.42          1332.49        2472.69         3514.99         4692.60  
    0.363       0          1301.20        2276.27         3268.79         4375.24  
    0.369       0          1258.34        2092.00         3315.83         4344.74  
    0.375       0          1288.35        2232.82         3436.57         4448.82  
    0.381       0          1333.51        2239.22         3558.03         4513.35  
    0.388       0          1246.79        2229.13         3502.97         4391.24  
    0.394       0          1028.36        2202.64         3182.00         4214.28  
    0.400       0          1278.37        2084.87         3056.47         4185.31  
    0.406       0          1433.11        2135.01         3224.84         4450.14  
    0.413       0          180.44        1732.61         2744.28         3761.02  
    0.419       307.31          1535.90        2351.74         3658.41         4595.63  
    0.425       43.70          1736.89        1856.55         3248.75         4357.39  
    0.431       0          1523.74        2091.86         2961.25         4081.05  
    0.438       0          1315.11        2479.44         3671.81         3855.63  
    0.444       0          1276.25        2527.15         3245.18         4110.78  
    0.450       238.64          2289.57        2991.65         3753.82         5332.06  
    0.456       33.93          668.44        2583.27         3194.04         4183.95  
    0.463       0          883.87        2669.06         3093.33         4071.07  
    0.469       566.83          2238.14        2911.87         3663.65         4210.19  
    0.475       544.26          2350.71        2967.18         3731.48         4213.56  
    0.481       370.06          2350.03        3014.50         3850.16         4739.52  
    0.488       381.68          2788.48        3124.52         3975.55         4352.19  
    0.494       405.86          2661.71        2897.77         3327.18         4071.46  
    0.500       50.87          682.37        2677.59         3036.36         3918.37  
    0.506       0          393.93        2439.90         3026.13         3912.39  
    0.513       332.25          2049.96        2850.58         3412.67         4038.51  
    0.519       375.83          2289.55        2920.54         3482.73         4061.47  
    0.525       46.72          629.41        2441.38         3215.37         3898.89  
    0.531       0          395.32        2272.60         3132.96         3874.61  
    0.537       341.70          2011.58        3001.14         3153.71         3920.97  
    0.544       390.42          2216.41        3102.38         3141.55         3965.92  
    0.550       392.35          2250.31        3126.09         3181.96         3989.78  
    0.556       392.77          2205.57        3173.49         3342.76         3950.20  
    0.562       391.89          2158.21        3137.67         3179.23         3989.18  
    0.569       395.60          2128.74        3081.82         3186.50         4006.71  
    0.575       397.64          2114.32        3153.28         3375.27         3964.49  
    0.581       404.41          2218.53        2639.90         3220.80         3962.67  
    0.588       50.46          642.07        2245.53         3198.23         3936.63  
    0.594       0          422.65        2228.27         3231.96         3909.43  
    0.600       0          429.64        2355.31         3241.12         3960.61  
    0.606       0          437.06        2442.67         3222.41         3925.02  
    0.613       385.44          2190.44        2476.60         3245.35         3883.86  
    0.619       439.25          2558.81        2748.97         3193.71         3856.38  
    0.625       439.31          2421.25        2915.09         3815.62         4222.21  
    0.631       437.58          2349.58        2906.85         3976.67         5347.46  
    0.638       433.75          2293.81        2863.54         3926.50         5500.00  
    0.644       53.93          660.87        2386.17         2993.44         4209.49  
    0.650       369.49          2103.11        2833.33         3174.35         4231.98  
    0.656       424.32          2348.17        2883.58         3806.15         5345.79  
    0.663       52.86          667.44        2398.12         3000.67         4116.66  
    0.669       0          427.09        2307.44         2943.16         3945.09  
    0.675       0          432.35        2545.36         2873.93         3874.72  
    0.681       0          421.62        2502.24         2977.89         3969.92  
    0.688       0          411.11        2465.08         2953.53         3947.00  
    0.694       0          403.53        2570.16         3030.31         3909.91  
    0.700       0          393.40        2576.50         2961.11         3962.23  
    0.706       0          340.02        2399.93         2847.20         4004.12  
    0.713       242.93          2088.43        2782.46         3943.46         5314.38  
    0.719       165.07          2514.67        2679.33         3648.36         4733.35  
    0.725       18.56          1346.69        2663.06         3056.47         4164.98  
    0.731       0          1118.01        2586.79         3141.09         4118.90  
    0.738       0          913.58        2493.33         3020.44         3965.02  
    0.744       497.82          1913.90        2743.73         3806.71         5306.14  
    0.750       70.79          800.37        2689.14         2857.45         4208.19  
    0.756       0          906.87        2435.46         2890.35         4087.57  
    0.763       0          760.74        2389.25         2968.39         4109.03  
    0.769       0          1154.78        2613.14         3094.16         4668.14  
    0.775       0          1546.06        2574.19         3121.82         4605.95  
    0.781       260.37          1897.72        2963.21         3718.32         4984.15  
    0.788       585.33          2063.72        3081.60         4225.16         5442.83  
    0.794       667.91          1996.30        3149.41         4497.85         5500.00  
    0.800       652.64          1768.86        3094.70         4184.73         5288.16  
    0.806       80.87          762.68        2205.06         3243.66         4336.47  
    0.812       0          77.68        1829.04         2857.10         3440.26  
    0.819       0          1267.04        2391.21         3499.83         4687.89  
    0.825       0          180.16        1717.50         2598.76         3688.89  
    0.831       0          0        1728.24         2577.14         3727.42  
    0.838       0          1080.47        2204.67         3092.60         4317.24  
    0.844       584.21          1988.46        2515.94         3372.53         4857.41  
    0.850       669.77          1740.76        2947.99         3586.79         4941.05  
    0.856       83.42          1511.14        2299.15         3386.35         4823.83  
    0.863       0          184.95        1569.72         2651.89         3775.73  
    0.869       0          1312.72        2405.43         3678.26         3934.26  
    0.875       0          1228.80        2515.07         3324.09         4018.26  
    0.881       0          927.96        2222.04         3381.27         4275.57  
    0.888       0          960.79        1834.31         3141.55         4226.86  
    0.894       0          1437.17        2346.78         3064.69         4208.89  
    0.900       0          1268.37        1665.84         2880.96         4174.19  
    0.906       0          776.58        2113.63         3312.41         4247.66  
    0.913       0          995.59        2068.08         3460.99         4365.99  
    0.919       0          1267.71        2254.90         3572.21         4535.18  
    0.925       0          1308.29        2403.83         3343.96         4071.47  
    0.931       450.35          1709.06        2962.03         4008.40         5313.57  
    0.938       660.87          1762.53        3115.25         4271.57         5500.00  
    0.944       84.86          947.07        1884.22         3375.99         4563.74  
    0.950       85.69          1504.46        2824.79         3970.98         5366.87  
    0.956       12.18          199.21        1725.87         3103.93         4271.76  
    0.963       0          1151.37        2324.42         3345.42         4230.13  
    0.969       0          1351.18        2553.27         3484.12         4189.53  
    0.975       417.61          1538.31        2807.51         3865.53         4726.07  
    0.981       485.48          1426.48        2742.72         3908.58         4785.95  
    0.988       60.59          1265.41        2610.25         4013.23         4422.23  
    0.994       429.44          1691.12        2774.91         4113.20         4849.45  
    1.000       61.06          1485.50        2767.02         3397.05         4523.77  
    1.006       0          1167.30        2238.77         3388.21         4465.84  
    1.012       0          1092.81        2212.79         3397.15         4578.50  
    1.019       0          1084.28        2280.15         3377.85         4565.19  
    1.025       621.88          1984.97        2392.88         3604.17         4803.01  
    1.031       556.07          1656.82        2701.64         3936.11         4885.06  
    1.038       66.49          1084.30        1772.12         3204.56         4386.49  
    1.044       0          1232.19        1961.33         3232.73         4397.22  
    1.050       0          157.29        1749.58         3078.99         4301.83  
    1.056       0          0        1798.46         3067.40         3920.50  
    1.062       0          1222.06        2164.00         3491.83         4640.55  
    1.069       0          1365.14        2274.18         3524.18         4463.93  
    1.075       0          169.40        1551.72         2713.95         3995.37  
    1.081       207.15          1242.16        2355.42         3750.79         4873.84  
    1.088       504.58          1661.11        2559.23         3955.54         4998.52  
    1.094       398.40          1536.16        2680.81         3936.60         5005.13  
    1.100       47.04          188.41        1633.86         3018.80         4127.53  
    1.106       0          0        1456.89         2851.21         4174.50  
    1.113       252.79          1352.09        2748.91         3891.97         5338.03  
    1.119       534.00          1690.20        2677.24         3938.38         5408.39  
    1.125       563.09          2023.62        2417.87         3799.28         5486.97  
    1.131       675.45          1773.48        2743.15         3934.54         5500.00  
    1.137       86.09          1239.44        2420.94         3478.93         4561.23  
    1.144       0          1135.65        2316.14         3582.28         4784.88  
    1.150       0          1117.34        2258.93         3360.30         4272.90  
    1.156       0          1392.19        2236.95         3282.62         4369.39  
    1.163       0          1485.67        2185.62         3296.36         4604.68  
    1.169       0          1696.86        2475.92         3666.12         4749.97  
    1.175       450.35          1747.98        2895.75         4093.79         4948.73  
    1.181       64.04          1192.74        2434.95         3792.07         4833.98  
    1.188       559.99          1381.97        2568.19         3961.33         4834.86  
    1.194       469.85          1635.17        2869.35         4307.34         5417.57  
    1.200       724.45          1718.25        2998.57         4136.70         4718.81  
    1.206       95.12          214.83        1716.98         3027.50         4203.41  
    1.213       0          814.90        2187.51         3304.77         4256.90  
    1.219       603.15          1769.65        2722.70         3839.83         4946.74  
    1.225       490.78          1666.10        2724.82         3723.55         4973.74  
    1.231       57.59          1441.87        2964.96         3090.25         4388.91  
    1.238       0          1252.77        2556.95         3127.72         4193.33  
    1.244       0          1150.95        2400.04         3250.56         4222.77  
    1.250       0          1112.33        2380.65         3426.17         4239.29  
    1.256       0          1100.19        2526.56         3811.20         3957.22  
    1.263       629.57          1654.18        2692.66         3841.62         4732.33  
    1.269       499.94          1556.71        2788.33         3880.77         4780.56  
    1.275       58.36          1375.75        2375.11         3489.41         4345.56  
    1.281       0          1349.80        2479.54         3568.92         4271.97  
    1.288       0          1414.27        2598.58         3663.89         4401.67  
    1.294       0          1335.87        2511.70         3621.82         4447.26  
    