0.025       468.72          1925.10        2901.02         3807.10         5500.00  
    0.031       446.43          1908.57        2863.59         3751.42         5012.09  
    0.038       422.20          1899.85        2825.86         3705.86         4556.91  
    0.044       428.24          1908.24        2831.21         3721.75         4821.73  
    0.050       429.95          1875.05        2839.56         3735.93         5128.55  
    0.056       422.34          1801.06        2842.02         3760.21         5180.47  
    0.062       422.91          1731.30        2862.20         3787.70         5154.38  
    0.069       424.71          1704.03        2867.27         3821.78         5013.69  
    0.075       423.86          1730.86        2851.68         3825.98         4825.60  
    0.081       424.82          1779.76        2837.37         3770.00         4792.00  
    0.088       424.71          1752.18        2787.40         3766.02         4728.56  
    0.094       422.23          1713.04        2762.97         3837.52         4690.22  
    0.100       422.31          1744.13        2788.40         3847.63         4868.40  
    0.106       426.51          1749.27        2821.68         3830.24         4985.37  
    0.113       431.34          1732.83        2844.77         3842.34         4949.75  
    0.119       432.33          1736.12        2839.81         3821.84         4955.43  
    0.125       436.84          1785.72        2843.85         3782.82         4999.72  
    0.131       443.54          1853.56        2838.33         3783.22         4899.10  
    0.138       442.62          1896.21        2826.17         3833.28         4749.99  
    0.144       440.34          1934.28        2841.87         3883.58         4758.43  
    0.150       440.38          1862.38        2853.95         3852.36         4805.72  
    0.156       439.85          1756.34        2835.25         3790.85         4877.48  
    0.163       438.87          1749.33        2817.20         3775.34         4922.10  
    0.169       435.81          1769.40        2811.16         3808.22         4808.05  
    0.175       436.22          1806.32        2816.04         3843.02         4655.01  
    0.181       437.65          1807.42        2835.22         3834.28         4592.91  
    0.188       434.99          1765.52        2819.81         3812.11         4612.56  
    0.194       438.34          1801.74        2804.05         3804.70         4712.48  
    0.200       442.67          1837.90        2802.94         3811.21         4778.03  
    0.206       442.04          1824.87        2785.98         3800.32         4753.82  
    0.213       445.18          1868.30        2784.53         3765.93         4683.42  
    0.219       449.99          1892.56        2809.45         3751.16         4650.96  
    0.225       446.68          1854.10        2820.42         3772.44         4684.47  
    0.231       437.56          1800.41        2791.87         3805.31         4698.57  
    0.238       433.07          1763.14        2769.18         3818.44         4688.31  
    0.244       431.53          1778.77        2785.97         3797.46         4649.30  
    0.250       429.77          1821.47        2793.95         3776.22         4611.47  
    0.256       429.38          1851.54        2783.27         3776.35         4509.65  
    0.263       426.31          1844.79        2789.19         3782.52         4392.84  
    0.269       420.29          1894.72        2790.63         3802.74         4382.03  
    0.275       413.75          1925.45        2795.75         3805.67         4419.55  
    0.281       411.36          1889.66        2809.49         3776.25         4409.42  
    0.288       413.63          1907.82        2810.10         3765.18         4409.58  
    0.294       414.00          1888.29        2787.07         3756.47         4480.06  
    0.300       412.03          1851.54        2784.94         3737.60         4486.82  
    0.306       413.35          1838.02        2820.52         3722.51         4454.29  
    0.312       396.71          1835.64        2805.18         3715.28         4474.68  
    0.319       372.51          1871.42        2754.29         3688.18         4442.04  
    0.325       361.43          1866.23        2692.64         3643.48         4428.67  
    0.331       339.71          1829.54        2704.08         3530.18         4480.81  
    0.338       287.07          1800.31        2788.19         3512.41         4512.36  
    0.344       238.33          1768.10        2791.66         3580.62         4557.72  
    0.350       247.97          1735.78        2691.21         3576.74         4600.92  
    0.356       306.81          1683.06        2567.53         3541.82         4602.06  
    0.363       394.50          1651.15        2591.59         3502.49         4578.12  
    0.369       400.84          1644.45        2682.86         3813.14         4835.26  
    0.375       340.08          1627.18        2657.44         4082.20         5301.25  
    0.381       351.60          1666.09        2627.57         3969.22         5500.00  
    0.388       188.66          1075.21        2368.68         3371.20         4781.33  
    0.394       0          451.96        2030.54         2865.40         4143.59  
    