0.025       0          1759.51        2281.92         3021.75         4434.53  
    0.031       0          47.08        2296.61         3037.86         3140.65  
    0.038       271.94          2177.09        2830.12         3419.27         4575.84  
    0.044       269.25          2264.34        2583.87         3182.11         4539.06  
    0.050       269.43          2223.45        2717.28         3250.68         4455.51  
    0.056       306.29          2214.64        2735.42         3342.15         4340.19  
    0.062       347.86          2242.72        2775.41         3423.98         4396.48  
    0.069       355.60          2239.95        2790.96         3551.89         4429.38  
    0.075       357.16          2259.24        2786.52         3556.41         4384.41  
    0.081       355.15          2228.96        2810.58         3554.06         4339.83  
    0.088       355.72          2198.94        2839.17         3621.17         4401.77  
    0.094       363.06          2208.95        2834.56         3656.90         4410.47  
    0.100       366.12          2212.94        2853.61         3673.12         4383.61  
    0.106       367.78          2216.98        2851.07         3677.73         4439.05  
    0.113       368.89          2216.26        2846.17         3616.82         4453.66  
    0.119       368.54          2206.30        2800.15         3554.00         4385.61  
    0.125       367.99          2222.06        2791.60         3556.39         4359.02  
    0.131       370.05          2200.36        2771.92         3569.80         4362.22  
    0.138       371.89          2210.65        2738.95         3554.74         4325.72  
    0.144       372.15          2243.76        2781.93         3594.29         4083.52  
    0.150       372.40          2245.30        2804.33         3646.65         4192.39  
    0.156       373.32          2244.08        2785.80         3671.40         4202.24  
    0.163       372.59          2240.58        2782.04         3690.63         4182.84  
    0.169       375.56          2247.20        2792.19         3684.02         4262.30  
    0.175       375.54          2264.58        2820.84         3605.15         4178.91  
    0.181       373.18          2262.97        2810.12         3526.16         4168.75  
    0.188       372.57          2252.65        2783.74         3439.15         4091.18  
    0.194       374.46          2244.67        2792.23         3493.56         4160.91  
    0.200       376.21          2261.28        2792.44         3581.47         4203.67  
    0.206       374.35          2252.89        2791.24         3596.56         4158.73  
    0.213       373.82          2243.75        2744.24         3577.22         4062.09  
    0.219       374.69          2238.42        2739.85         3516.73         4014.39  
    0.225       374.13          2238.03        2778.66         3506.63         4105.40  
    0.231       373.88          2227.81        2792.01         3506.33         4062.00  
    0.238       374.25          2225.83        2778.58         3581.28         3783.06  
    0.244       372.74          2235.11        2763.72         3453.86         3869.65  
    0.250       370.20          2233.88        2739.05         3267.28         4112.92  
    0.256       369.14          2258.82        2759.29         3371.51         4148.03  
    0.263       366.06          2279.87        2777.28         3417.25         4151.10  
    0.269       363.37          2307.43        2792.75         3473.02         4177.43  
    0.275       360.22          2297.76        2795.47         3528.37         4190.48  
    0.281       354.27          2284.06        2788.17         3540.45         4138.61  
    0.288       347.57          2280.40        2790.78         3538.83         4238.13  
    0.294       346.39          2278.24        2799.04         3439.41         4241.73  
    0.300       347.95          2259.89        2793.05         3476.40         4192.59  
    0.306       347.55          2251.37        2793.09         3479.18         4290.00  
    0.312       344.64          2245.06        2801.24         3499.59         4315.36  
    0.319       341.70          2252.76        2819.11         3471.49         4333.08  
    0.325       339.02          2293.89        2811.45         3507.31         4339.44  
    0.331       331.85          2308.70        2795.69         3527.07         4246.04  
    0.338       324.47          2324.43        2801.96         3582.19         4120.74  
    0.344       321.85          2310.42        2822.14         3598.76         4223.28  
    0.350       315.43          2344.23        2793.86         3579.56         4238.96  
    0.356       306.89          2339.57        2779.27         3631.31         4147.23  
    0.363       307.74          2293.09        2772.08         3615.99         4306.57  
    0.369       310.81          2275.39        2783.07         3580.20         4408.99  
    0.375       311.61          2350.71        2793.79         3556.68         4401.33  
    0.381       307.67          2352.65        2773.09         3488.81         4322.04  
    0.388       294.36          2340.33        2754.22         3517.30         4310.38  
    0.394       298.48          2317.85        2754.37         3512.79         4238.18  
    0.400       281.61          2335.33        2776.75         3375.00         4368.02  
    0.406       261.64          2321.35        2769.41         3308.55         4456.40  
    0.413       223.00          2317.81        2791.96         3413.07         4372.88  
    0.419       195.55          2334.10        2812.44         3359.00         4350.65  
    0.425       190.57          2327.62        2792.78         3136.58         4537.14  
    0.431       185.39          2320.08        2784.41         3145.24         4446.85  
    0.438       176.10          2293.76        2826.51         3269.62         4445.70  
    0.444       170.76          2283.84        2772.37         3572.40         4478.20  
    0.450       172.94          2298.58        2759.79         3881.16         4495.77  
    0.456       170.58          2317.87        2839.44         4060.02         5473.14  
    0.463       171.20          2375.22        2818.07         4113.72         5500.00  
    