0.025       403.57          2182.44        2819.95         3437.42         4345.41  
    0.031       405.41          2183.87        2811.90         3429.32         4248.53  
    0.038       407.51          2184.61        2785.07         3418.59         4232.40  
    0.044       405.98          2187.60        2773.86         3421.82         4248.28  
    0.050       403.70          2188.43        2774.80         3413.63         4266.72  
    0.056       403.35          2188.34        2776.18         3411.81         4269.29  
    0.062       406.28          2184.36        2772.78         3424.82         4266.10  
    0.069       407.14          2180.09        2771.49         3436.74         4282.43  
    0.075       406.22          2179.21        2759.09         3448.53         4271.80  
    0.081       406.15          2181.99        2751.20         3453.67         4282.07  
    0.088       406.26          2184.81        2746.29         3453.04         4287.04  
    0.094       405.78          2189.33        2732.07         3464.45         4271.86  
    0.100       406.53          2193.75        2730.56         3475.14         4256.18  
    0.106       410.52          2189.48        2735.38         3462.75         4287.09  
    0.113       417.32          2183.25        2728.62         3459.75         4301.51  
    0.119       422.29          2178.33        2717.75         3464.81         4301.18  
    0.125       428.01          2171.43        2715.33         3463.39         4278.35  
    0.131       436.30          2161.75        2720.06         3449.85         4267.86  
    0.138       441.92          2157.87        2706.56         3446.36         4260.10  
    0.144       446.08          2159.18        2693.02         3445.54         4245.66  
    0.150       448.37          2162.00        2687.02         3441.37         4259.61  
    0.156       450.39          2169.21        2695.80         3441.89         4235.93  
    0.163       450.96          2172.28        2701.71         3449.75         4227.10  
    0.169       449.95          2172.61        2693.97         3462.65         4267.65  
    0.175       448.70          2167.97        2697.27         3465.19         4301.45  
    0.181       449.03          2167.40        2704.04         3463.86         4309.60  
    