0.025       500.87          2081.77        2652.28         3165.10         4379.31  
    0.031       536.69          2067.58        2624.19         3149.66         4373.75  
    0.038       508.99          2095.67        2635.33         3165.52         4150.16  
    0.044       494.45          2136.89        2708.45         3258.20         4151.68  
    0.050       521.55          2140.61        2732.18         3316.97         4295.12  
    0.056       543.19          2119.04        2703.01         3317.52         4411.38  
    0.062       538.86          2113.38        2679.75         3311.72         4461.23  
    0.069       524.35          2114.61        2685.12         3322.56         4412.29  
    0.075       515.00          2107.39        2690.97         3337.21         4317.81  
    0.081       509.76          2112.92        2680.71         3363.90         4335.87  
    0.088       506.04          2127.48        2677.90         3444.59         4378.12  
    0.094       507.07          2126.38        2677.31         3421.19         4401.81  
    0.100       533.12          2132.20        2678.72         3349.13         4422.14  
    0.106       550.18          2148.61        2684.21         3392.82         4440.91  
    0.113       553.22          2150.49        2668.75         3427.96         4379.66  
    0.119       553.11          2153.22        2664.35         3410.54         4244.93  
    0.125       549.99          2157.80        2665.88         3390.42         4183.98  
    0.131       553.79          2159.28        2664.59         3395.33         4246.51  
    0.138       552.69          2156.51        2654.04         3394.27         4400.68  
    0.144       549.04          2159.33        2650.75         3388.41         4477.76  
    0.150       547.33          2162.79        2656.89         3378.46         4483.03  
    0.156       544.58          2162.56        2656.81         3359.43         4477.70  
    0.163       541.52          2163.50        2657.95         3357.06         4467.42  
    0.169       542.64          2161.42        2651.11         3360.02         4470.54  
    0.175       543.78          2156.14        2652.23         3364.20         4460.58  
    0.181       542.35          2160.34        2658.88         3364.84         4467.65  
    0.188       540.27          2168.60        2665.72         3370.40         4479.13  
    0.194       538.15          2179.48        2666.37         3394.23         4497.33  
    0.200       536.73          2177.69        2651.86         3433.85         4499.65  
    0.206       531.28          2160.35        2654.23         3446.50         4479.93  
    0.213       524.19          2159.96        2664.54         3428.36         4471.99  
    0.219       515.72          2182.29        2652.70         3431.77         4457.14  
    0.225       507.70          2196.13        2653.61         3469.58         4417.85  
    0.231       501.99          2185.49        2660.29         3493.98         4338.48  
    0.238       494.92          2176.46        2651.03         3493.30         4269.07  
    0.244       489.00          2193.25        2639.61         3504.59         4123.38  
    0.250       484.21          2187.62        2633.44         3510.37         3972.40  
    0.256       476.80          2166.86        2620.05         3519.39         3945.45  
    0.263       464.85          2163.44        2614.60         3505.32         3960.17  
    0.269       456.05          2153.54        2606.18         3478.01         3981.00  
    0.275       452.23          2145.00        2590.60         3488.81         3992.19  
    0.281       445.67          2142.78        2573.89         3529.08         4027.09  
    0.288       439.62          2146.95        2552.51         3553.11         4068.80  
    0.294       436.26          2126.81        2540.23         3649.12         4088.88  
    0.300       430.72          2127.12        2569.01         3773.24         4127.45  
    0.306       435.16          2140.35        2585.38         3775.39         4249.87  
    0.312       440.71          2144.81        2575.40         3854.83         4190.39  
    0.319       439.12          2210.19        2609.67         3615.87         4195.00  
    0.325       397.15          2205.51        2616.28         3545.02         4279.34  
    