0.025       393.75          2220.78        3200.16         4928.51         5500.00  
    0.031       360.34          2220.36        3001.70         4944.08         5500.00  
    0.038       320.76          2356.40        3006.37         4954.74         5500.00  
    0.044       324.32          2531.77        2770.41         3862.01         5283.42  
    0.050       343.51          2147.73        2702.24         3391.72         5209.55  
    0.056       352.89          1936.28        2723.38         3455.47         5280.46  
    0.062       361.24          1968.13        2707.96         3472.53         5288.04  
    0.069       369.16          1976.35        2736.69         3474.23         5251.13  
    0.075       376.41          2005.06        2783.20         3465.15         5234.73  
    0.081       384.79          2037.96        2823.51         3476.50         5212.49  
    0.088       390.96          2048.48        2844.31         3494.60         5239.64  
    0.094       391.65          2052.54        2863.03         3495.63         5264.20  
    0.100       389.05          2066.43        2876.90         3485.84         5264.13  
    0.106       386.33          2059.36        2838.60         3478.53         5268.19  
    0.113       387.82          2041.11        2801.06         3491.11         5254.71  
    0.119       389.80          2037.35        2798.03         3488.19         5221.84  
    0.125       391.45          2043.57        2813.85         3482.28         5203.91  
    0.131       395.18          2041.69        2820.13         3478.71         5209.50  
    0.138       396.64          1996.65        2794.14         3449.57         5225.44  
    0.144       398.56          1970.05        2766.17         3432.66         5213.27  
    0.150       398.78          1928.92        2732.71         3430.52         5187.08  
    0.156       395.87          1875.92        2711.80         3434.03         5193.51  
    0.163       394.43          1888.77        2699.17         3430.61         5212.75  
    0.169       399.23          1951.74        2716.71         3420.82         5223.00  
    0.175       403.25          2159.31        2712.30         3380.79         5211.80  
    0.181       401.09          2185.47        2695.85         3369.03         5173.88  
    0.188       399.97          2153.51        2651.94         3385.57         5130.46  
    0.194       398.46          2133.08        2639.27         3406.74         5121.33  
    0.200       395.76          2036.62        2647.18         3417.74         5160.10  
    0.206       394.80          1926.44        2659.72         3427.17         5199.62  
    0.213       397.65          1860.63        2617.05         3417.82         5225.14  
    0.219       396.78          1941.25        2589.38         3388.66         5254.24  
    0.225       391.82          1988.04        2663.98         3383.27         5261.82  
    0.231       390.91          2005.10        2663.43         3383.64         5266.19  
    0.238       395.71          2165.76        2523.09         3362.55         5255.22  
    0.244       396.89          2029.80        2570.84         3359.10         5238.10  
    0.250       395.00          1857.16        2570.86         3351.49         5223.75  
    0.256       395.32          1897.96        2481.65         3339.23         5260.33  
    0.263       395.23          1922.03        2577.28         3368.58         5279.88  
    0.269       396.85          1919.35        2636.07         3382.34         5302.62  
    0.275       399.42          1915.80        2610.88         3376.62         5303.91  
    0.281       402.70          1963.91        2585.35         3381.59         5288.09  
    0.288       404.73          2007.99        2595.58         3378.14         5258.86  
    0.294       406.18          2019.13        2619.70         3379.90         5262.78  
    0.300       409.23          2044.05        2643.03         3386.83         5258.30  
    0.306       412.65          2026.19        2673.64         3407.44         5228.12  
    0.312       417.98          1999.31        2676.39         3415.03         5203.32  
    0.319       426.68          2007.23        2683.25         3390.77         5198.88  
    0.325       433.93          1989.44        2674.94         3361.60         5208.14  
    0.331       435.08          1929.22        2630.34         3356.34         5207.51  
    0.338       433.62          1884.17        2604.22         3366.71         5184.21  
    0.344       422.61          1880.10        2617.03         3374.03         5155.53  
    0.350       398.93          1893.36        2600.53         3350.13         5129.01  
    0.356       382.74          1941.09        2587.54         3362.40         5104.12  
    0.363       380.72          1971.24        2595.62         3363.05         5100.30  
    0.369       376.22          1847.94        2576.04         3335.91         5150.33  
    0.375       367.51          1758.05        2475.32         3376.27         5169.51  
    0.381       373.66          1427.14        2354.36         3407.35         5150.51  
    0.388       392.44          786.09        2318.80         3349.85         5119.73  
    0.394       138.24          185.47        1070.74         2591.68         3801.89  
    0.400       0          0        422.36         2188.40         3147.96  
    0.406       0          0        423.99         2187.52         3199.68  
    0.413       0          0        361.80         2327.71         3207.49  
    0.419       0          0        304.30         2417.56         3200.94  
    0.425       0          0        285.44         2309.38         3186.40  
    0.431       166.03          742.01        1644.90         2865.93         4494.49  
    0.438       247.49          1444.67        2368.84         3172.05         5205.35  
    0.444       268.66          1672.51        2461.83         3181.11         5192.30  
    