0.025       0          955.31        2223.87         3223.20         4116.60  
    0.031       0          235.47        548.15         2452.15         3319.61  
    0.038       232.90          1654.59        2217.96         3608.04         4515.06  
    0.044       328.24          2222.71        3024.55         4052.21         4729.60  
    0.050       262.31          2259.58        2789.61         4028.86         4628.42  
    0.056       354.50          2265.08        2650.32         4050.80         4521.83  
    0.062       409.56          2264.58        2594.78         4076.61         4409.41  
    0.069       402.00          2270.01        2585.53         4058.23         4381.12  
    0.075       306.15          2261.96        2545.09         3982.38         4468.43  
    0.081       184.78          2257.27        2531.74         3983.76         4543.45  
    0.088       159.00          2251.16        2581.39         4067.71         4422.88  
    0.094       182.15          2274.77        2587.01         4068.92         4304.18  
    0.100       147.07          2320.65        2601.24         4027.45         4546.49  
    0.106       278.48          2303.13        2608.11         3999.15         4465.03  
    0.113       327.77          2266.97        2575.67         3959.71         4256.22  
    0.119       322.87          2258.26        2577.07         3945.39         4262.96  
    0.125       321.72          2249.45        2588.96         3941.28         4503.09  
    0.131       324.44          2286.50        2590.74         3921.41         4602.80  
    0.138       331.21          2315.94        2604.34         3934.42         4568.99  
    0.144       358.12          2306.39        2619.55         3995.39         4617.62  
    0.150       376.12          2257.76        2612.58         3981.75         4412.37  
    0.156       377.53          2251.61        2613.14         3959.29         4604.57  
    0.163       371.40          2284.40        2607.86         3951.36         4580.85  
    0.169       375.23          2309.54        2614.91         3968.77         4551.63  
    0.175       371.22          2317.16        2599.06         3945.03         4853.15  
    0.181       368.79          2255.70        2560.49         3958.26         4698.39  
    0.188       377.80          2250.77        2558.44         3915.53         4368.37  
    0.194       379.88          2255.60        2569.17         3869.61         4306.70  
    0.200       382.38          2239.02        2557.59         3934.92         4701.79  
    0.206       390.33          2261.32        2536.80         3985.87         5334.60  
    0.213       392.32          2271.25        2536.77         4007.35         5500.00  
    0.219       391.14          2238.45        2624.30         4018.44         5097.59  
    0.225       389.46          2272.25        2651.63         4039.45         4719.01  
    0.231       392.26          2312.84        2656.75         3992.79         4529.54  
    0.238       391.69          2310.28        2579.77         3889.92         4306.30  
    0.244       397.18          2319.10        2575.04         3973.79         4137.76  
    0.250       397.89          2321.76        2620.52         4016.75         4064.73  
    0.256       390.70          2295.45        2676.91         3894.93         4157.24  
    0.263       385.40          2300.16        2643.81         3824.77         4333.84  
    0.269       379.32          2285.98        2589.04         3860.84         4294.91  
    0.275       365.46          2279.59        2582.16         3923.36         4168.07  
    0.281       344.20          2263.80        2583.44         3875.35         4140.16  
    0.288       325.24          2261.51        2580.60         3895.02         4172.43  
    0.294       320.82          2260.82        2576.38         3909.34         4235.26  
    0.300       324.87          2246.60        2573.28         3885.81         4252.52  
    0.306       349.07          2260.70        2594.28         3917.05         4539.42  
    0.312       360.18          2279.59        2581.46         3967.31         4350.49  
    0.319       371.08          2251.43        2532.01         3969.62         4436.10  
    0.325       377.85          2256.38        2524.83         3959.99         5252.12  
    0.331       375.43          2290.71        2531.13         3964.92         5500.00  
    0.338       356.07          2250.64        2517.96         3978.56         4735.75  
    0.344       311.12          2192.00        2541.58         3966.03         4481.12  
    0.350       305.24          2208.46        2560.43         4000.43         4500.06  
    0.356       322.64          2227.68        2557.65         4034.29         4620.94  
    0.363       305.67          2256.26        2538.04         4077.00         4514.96  
    0.369       243.88          2268.10        2512.30         4198.66         4444.89  
    0.375       185.12          2264.80        2585.92         4034.15         4484.70  
    0.381       161.65          2225.99        2567.76         3943.57         4510.52  
    