0.025       0          971.25        2059.71         2914.51         3869.67  
    0.031       0          500.48        2084.53         2811.81         3945.35  
    0.038       0          562.63        2030.24         2910.79         4197.31  
    0.044       0          807.45        2059.87         2970.62         4267.05  
    0.050       0          958.25        1996.97         2928.32         4330.04  
    0.056       0          1002.59        2084.35         2931.30         4234.68  
    0.062       0          1062.42        1984.94         2933.27         4142.99  
    0.069       0          486.26        1952.79         2895.28         4074.60  
    0.075       0          676.20        1965.62         2842.33         4058.43  
    0.081       309.94          1875.97        2824.48         3468.80         4828.63  
    0.088       26.30          477.88        2826.12         3065.08         4623.44  
    0.094       335.16          2622.67        2962.49         4236.65         4864.87  
    0.100       373.61          2766.39        3262.83         3951.36         4844.80  
    0.106       368.06          2750.58        3408.14         3863.96         4686.56  
    0.113       358.15          2743.63        3718.84         4600.83         5435.34  
    0.119       27.96          545.40        2798.50         3891.01         4913.97  
    0.125       315.61          2458.61        2863.44         3986.18         4878.60  
    0.131       337.56          2630.23        2896.76         4052.80         4860.15  
    0.138       336.66          2639.86        2973.16         4073.65         5038.29  
    0.144       334.71          2629.08        3048.82         3995.82         4948.67  
    0.150       332.51          2627.59        2973.84         3935.33         4929.88  
    0.156       331.57          2608.30        2903.03         3930.47         4859.46  
    0.163       334.03          2582.99        3044.45         3935.62         4940.59  
    0.169       333.14          2531.33        3243.57         3927.22         4983.68  
    0.175       332.26          2522.67        3183.75         3870.58         4903.94  
    0.181       332.45          2557.54        3127.96         3853.53         4870.28  
    0.188       334.52          2560.34        3095.95         3850.60         4764.07  
    0.194       335.59          2521.99        3082.82         3860.49         4793.13  
    0.200       334.08          2494.33        3137.55         3914.72         4787.30  
    0.206       333.11          2450.17        3092.04         3953.55         4761.73  
    0.213       332.68          2428.02        3090.93         3961.46         4777.80  
    0.219       331.07          2422.26        3037.77         3985.26         4817.34  
    0.225       330.61          2413.48        3007.49         3985.30         4820.61  
    0.231       329.00          2406.05        3023.09         3959.29         4814.93  
    0.238       326.10          2413.73        3075.52         3899.21         4858.99  
    0.244       325.44          2451.36        3112.63         3862.15         4903.26  
    0.250       326.11          2473.29        3138.10         3835.57         4895.92  
    0.256       325.15          2497.34        3157.01         3865.92         4905.82  
    0.263       322.84          2506.55        3092.40         3912.13         4908.55  
    0.269       323.02          2497.54        2983.63         3978.69         4858.76  
    0.275       324.75          2473.75        2973.33         4005.37         4851.63  
    0.281       323.41          2492.56        3030.51         3979.72         4871.38  
    0.288       319.68          2486.32        3030.09         4004.57         4945.21  
    0.294       319.62          2480.33        3073.94         4003.36         4986.45  
    0.300       320.15          2465.56        3052.60         4020.87         4951.03  
    0.306       319.02          2458.34        2989.89         3999.33         4864.52  
    0.312       321.34          2459.88        2988.26         3937.19         4846.35  
    0.319       323.41          2484.56        3024.06         3935.79         4824.66  
    0.325       323.14          2559.99        3103.04         3928.49         4865.55  
    0.331       323.14          2597.67        3117.75         3916.96         4950.02  
    0.338       323.93          2644.96        3160.86         3932.19         4993.64  
    0.344       324.10          2683.94        3421.79         3893.11         4952.46  
    0.350       322.51          2668.43        3417.70         3918.30         4923.75  
    0.356       322.63          2573.42        3299.38         3995.50         4893.65  
    0.363       323.16          2533.26        3069.13         4039.07         4831.91  
    0.369       324.85          2562.87        3014.59         4042.28         4837.02  
    0.375       327.84          2598.84        3033.54         4022.10         4861.60  
    0.381       331.53          2549.85        2963.35         3980.32         4853.14  
    0.388       333.13          2569.69        2930.72         3937.33         4905.33  
    0.394       335.58          2542.23        2885.22         3942.89         4922.74  
    0.400       336.31          2341.45        2835.56         3990.74         4943.18  
    0.406       336.39          2315.76        2869.85         4033.13         4966.04  
    0.413       338.40          2478.37        2963.46         3976.75         4875.24  
    0.419       338.88          2509.42        2946.62         3992.38         4930.27  
    0.425       341.63          2509.34        2917.58         3980.54         4933.17  
    0.431       346.29          2532.63        2967.77         3972.50         4859.91  
    0.438       364.81          2554.24        2804.03         3939.78         4869.16  
    0.444       406.47          2611.35        2660.13         3992.11         4918.12  
    0.450       437.10          2478.56        2705.64         4011.33         4975.80  
    0.456       460.16          2438.93        2730.00         4009.06         5001.19  
    0.463       471.44          2416.13        2739.83         4096.83         5012.55  
    0.469       480.25          2402.53        2744.16         4082.49         4985.31  
    0.475       482.29          2146.37        2716.10         3949.19         5002.05  
    0.481       454.21          2378.06        2655.02         4012.22         5023.71  
    0.488       432.79          2411.83        2616.85         3930.30         5033.14  
    0.494       33.73          571.06        2577.32         3884.67         4908.14  
    0.500       0          376.52        2642.12         3839.26         4639.68  
    0.506       0          369.42        2681.88         3893.80         4611.82  
    0.513       0          405.43        2662.14         3870.57         4916.64  
    0.519       0          404.49        2652.39         3906.18         4980.67  
    0.525       295.62          1257.08        2649.97         3960.92         5031.69  
    0.531       296.49          1239.68        2689.37         3976.13         5052.41  
    0.537       277.34          1504.32        2676.08         4000.26         5198.83  
    0.544       273.98          1982.44        2724.49         3986.60         5477.40  
    0.550       277.81          1998.45        2717.69         4025.77         5500.00  
    0.556       286.88          1796.05        2712.03         4032.07         5420.53  
    0.562       338.80          1823.48        2716.56         3977.69         5193.39  
    0.569       380.01          1951.78        2562.59         3908.73         5132.81  
    