0.025       373.43          2123.10        2778.67         3733.85         4963.30  
    0.031       381.79          2106.11        2763.80         3700.64         4575.95  
    0.038       399.37          2101.92        2743.61         3682.98         4266.76  
    0.044       423.68          2113.46        2744.16         3654.56         4088.81  
    0.050       436.91          2110.04        2756.86         3663.86         4022.80  
    0.056       438.46          2071.35        2746.26         3722.17         4003.07  
    0.062       438.26          2047.65        2674.39         3713.53         3982.03  
    0.069       441.36          2058.59        2676.64         3627.67         3970.60  
    0.075       447.10          2068.26        2722.32         3644.13         4029.22  
    0.081       453.47          2059.47        2737.37         3656.96         4001.31  
    0.088       460.64          2058.57        2737.33         3720.90         4032.09  
    0.094       464.03          2068.20        2725.46         3762.18         4176.98  
    0.100       470.67          2060.64        2696.47         3753.35         4116.63  
    0.106       474.75          2054.04        2680.69         3760.36         4033.98  
    0.113       476.11          2072.69        2719.61         3779.29         4367.57  
    0.119       476.42          2087.72        2748.28         3772.10         4555.69  
    0.125       480.61          2077.75        2741.81         3757.87         4443.36  
    0.131       486.42          2060.68        2725.58         3756.32         4285.76  
    0.138       485.02          2070.96        2733.06         3755.02         4245.63  
    0.144       484.59          2090.61        2752.77         3758.26         4291.64  
    0.150       492.22          2089.13        2740.68         3793.32         4258.90  
    0.156       490.66          2095.76        2737.04         3760.98         4437.63  
    0.163       485.05          2101.53        2747.51         3706.52         4690.34  
    0.169       481.09          2090.36        2735.42         3694.82         4808.55  
    0.175       480.97          2080.01        2714.02         3703.12         4745.34  
    0.181       487.97          2074.11        2700.14         3715.88         4610.33  
    0.188       491.65          2073.91        2701.15         3747.43         4416.90  
    0.194       488.50          2075.81        2721.40         3748.13         4274.89  
    0.200       487.12          2073.35        2747.26         3729.43         4365.53  
    0.206       489.34          2055.28        2752.84         3736.02         4487.90  
    0.213       491.41          2053.68        2753.83         3791.18         4427.41  
    0.219       488.78          2069.34        2747.74         3796.20         4430.72  
    0.225       481.40          2078.08        2751.59         3781.57         4548.08  
    0.231       480.48          2076.60        2757.11         3813.44         4597.40  
    0.238       486.07          2076.98        2757.69         3818.19         4568.78  
    0.244       484.10          2071.72        2752.80         3803.74         4384.38  
    0.250       477.07          2062.63        2733.87         3787.07         4131.48  
    0.256       475.55          2070.34        2725.91         3764.66         4146.96  
    0.263       479.25          2077.12        2721.96         3739.88         4263.56  
    0.269       483.34          2079.33        2726.78         3734.51         4294.56  
    0.275       485.78          2083.49        2733.02         3721.77         4324.27  
    0.281       485.46          2080.53        2721.61         3732.11         4188.84  
    0.288       482.37          2076.84        2713.16         3749.33         4035.29  
    0.294       477.38          2075.45        2704.33         3699.48         3997.74  
    0.300       470.67          2071.11        2706.50         3653.20         4024.60  
    0.306       465.46          2069.92        2708.15         3646.66         4035.68  
    0.312       466.43          2066.68        2694.31         3613.17         3991.41  
    0.319       471.33          2066.60        2691.10         3587.58         3938.95  
    0.325       472.81          2072.60        2685.20         3605.73         3931.02  
    0.331       475.17          2074.02        2681.37         3655.50         3998.74  
    0.338       479.95          2071.22        2685.70         3701.75         4066.03  
    0.344       480.34          2066.62        2689.51         3697.29         4061.10  
    0.350       480.85          2068.92        2721.91         3729.14         3984.56  
    0.356       479.81          2079.36        2787.64         3755.38         3989.23  
    0.363       468.91          2101.80        2770.34         3705.57         3989.76  
    0.369       459.17          2097.53        2724.28         3643.13         3993.73  
    0.375       453.05          2067.95        2701.47         3613.54         4017.54  
    0.381       453.42          2054.20        2683.62         3606.02         4014.30  
    0.388       459.65          2038.15        2650.79         3570.57         3990.91  
    0.394       458.49          2027.75        2659.43         3576.17         3890.82  
    0.400       453.38          2057.94        2710.39         3601.82         3835.40  
    0.406       440.87          2081.44        2741.21         3543.34         3872.64  
    0.413       394.50          2209.01        2797.59         3301.98         3898.21  
    0.419       131.02          949.66        2684.72         2819.86         3863.50  
    0.425       111.53          1563.49        2633.41         3422.66         4291.05  
    0.431       166.77          2176.48        2746.23         3797.66         4648.60  
    0.438       166.88          2122.88        2812.11         3771.29         5002.16  
    0.444       172.54          2108.54        2805.70         3712.55         4528.38  
    0.450       185.01          2095.98        2799.08         3860.10         4180.61  
    0.456       67.03          905.08        2386.72         3244.07         4080.47  
    0.463       167.40          1459.29        2568.95         3500.41         4982.17  
    0.469       257.26          2053.94        2872.37         3824.37         5500.00  
    0.475       251.11          2036.48        2944.19         3813.56         5500.00  
    0.481       87.24          864.68        2356.65         3255.01         4453.59  
    