0.025       554.55          2153.80        2702.29         4967.98         5060.14  
    0.031       490.47          2158.81        2686.97         4647.07         5015.13  
    0.038       404.57          2151.86        2698.11         4197.86         4977.86  
    0.044       361.63          2103.27        2689.96         3795.31         4948.80  
    0.050       346.84          2066.09        2674.55         3611.53         4913.09  
    0.056       352.65          2065.49        2676.81         3624.00         4890.84  
    0.062       356.63          2066.74        2676.98         3625.62         4816.42  
    0.069       353.54          2062.46        2682.63         3614.05         4739.19  
    0.075       351.85          2058.11        2692.46         3604.96         4745.09  
    0.081       347.18          2052.85        2707.05         3612.58         4764.12  
    0.088       342.51          2047.89        2717.09         3612.36         4758.58  
    0.094       339.35          2044.01        2720.51         3590.46         4789.20  
    0.100       336.40          2042.49        2732.70         3582.33         4819.61  
    0.106       333.65          2040.38        2746.40         3587.97         4823.08  
    0.113       331.88          2040.66        2764.85         3591.80         4802.17  
    0.119       326.21          2045.62        2781.24         3597.61         4768.18  
    0.125       323.23          2048.84        2768.43         3586.93         4749.57  
    0.131       325.72          2047.91        2739.63         3554.00         4744.55  
    0.138       325.15          2049.54        2724.10         3528.06         4730.33  
    0.144       320.89          2047.38        2725.64         3524.00         4743.12  
    0.150       316.70          2042.29        2739.06         3526.17         4743.11  
    0.156       313.46          2048.68        2772.63         3528.84         4741.06  
    0.163       311.95          2059.46        2789.35         3525.95         4763.30  
    0.169       315.62          2060.26        2770.49         3512.92         4746.73  
    0.175       320.32          2053.53        2752.65         3503.94         4710.44  
    0.181       321.68          2039.12        2733.29         3501.08         4744.54  
    0.188       321.40          2028.86        2708.88         3502.12         4799.39  
    0.194       321.58          2021.61        2695.19         3492.67         4750.42  
    0.200       324.36          2016.31        2689.18         3481.44         4687.56  
    0.206       328.42          2014.83        2683.54         3493.59         4623.70  
    0.213       330.20          2012.49        2686.94         3500.99         4572.55  
    0.219       331.00          2009.52        2698.69         3480.03         4621.08  
    0.225       331.17          2008.36        2706.21         3465.46         4689.89  
    0.231       330.98          2006.02        2741.53         3487.10         4705.53  
    0.238       331.36          2002.73        2775.87         3508.11         4682.64  
    0.244       330.87          2000.65        2746.43         3490.59         4658.86  
    0.250       329.73          2001.97        2722.40         3477.22         4709.90  
    0.256       329.54          2005.69        2725.17         3483.22         4772.98  
    0.263       329.61          2009.41        2721.32         3504.45         4794.05  
    0.269       328.95          2011.38        2734.83         3522.24         4778.12  
    0.275       331.14          2012.00        2753.29         3537.23         4742.33  
    0.281       334.22          2015.13        2748.72         3529.67         4760.41  
    0.288       336.39          2018.09        2724.82         3517.95         4792.68  
    0.294       337.24          2020.45        2729.08         3566.55         4804.94  
    0.300       338.99          2023.15        2735.03         3597.12         4809.55  
    0.306       343.12          2022.53        2718.75         3578.51         4704.82  
    0.312       348.92          2027.40        2693.63         3533.16         4657.02  
    0.319       352.00          2034.12        2677.14         3503.70         4731.61  
    0.325       350.08          2037.31        2672.06         3520.83         4819.03  
    0.331       346.44          2042.94        2690.02         3570.91         4831.16  
    0.338       344.17          2050.65        2711.43         3645.35         4763.58  
    0.344       344.34          2051.28        2714.31         3701.98         4722.78  
    0.350       344.33          2047.87        2705.05         3646.18         4733.35  
    0.356       343.82          2047.01        2689.66         3575.24         4765.52  
    0.363       344.50          2037.76        2681.23         3569.85         4769.33  
    0.369       344.72          2027.18        2692.63         3622.64         4796.73  
    0.375       344.42          2025.26        2702.31         3666.36         4822.88  
    0.381       345.38          2018.41        2682.04         3618.19         4730.58  
    0.388       347.00          2008.94        2668.10         3595.54         4650.75  
    0.394       347.10          2012.30        2666.80         3602.81         4706.03  
    0.400       345.66          2014.39        2663.14         3598.62         4794.60  
    0.406       345.89          2007.17        2663.20         3608.78         4851.06  
    0.413       348.06          2001.22        2666.13         3663.06         4842.65  
    0.419       348.85          2007.11        2657.61         3683.91         4762.77  
    0.425       348.87          2010.02        2636.83         3636.80         4730.93  
    0.431       350.57          2003.56        2626.99         3620.89         4733.67  
    0.438       352.14          2002.09        2633.69         3628.04         4725.00  
    0.444       354.61          2008.49        2645.09         3607.41         4774.52  
    0.450       357.51          2013.89        2648.52         3551.85         4835.30  
    0.456       358.83          2020.00        2645.11         3511.84         4849.93  
    0.463       360.42          2033.45        2636.21         3523.05         4836.79  
    0.469       362.68          2048.86        2600.37         3561.59         4835.14  
    0.475       365.13          2061.15        2580.59         3635.51         4855.51  
    0.481       367.37          2061.18        2584.74         3725.75         4855.08  
    0.488       370.26          2041.37        2563.12         3809.32         4821.23  
    0.494       372.60          2033.59        2541.65         3862.87         4761.51  
    0.500       373.76          2037.78        2543.94         3874.21         4713.10  
    0.506       374.30          2028.49        2526.95         3942.55         4673.65  
    0.513       369.31          2010.98        2510.27         4050.38         4606.64  
    0.519       358.89          2002.62        2522.50         4295.83         5099.70  
    0.525       341.79          2009.35        2495.10         4432.87         5500.00  
    0.531       312.79          2021.01        2470.14         4455.89         5221.46  
    0.537       287.76          2023.51        2502.33         4309.80         4937.58  
    0.544       270.04          2046.07        2494.12         4082.46         4888.51  
    0.550       244.16          2097.34        2450.35         3942.91         4894.98  
    0.556       232.78          2084.21        2453.50         3832.59         4946.07  
    0.562       241.54          2036.60        2510.24         3745.90         5005.92  
    0.569       250.52          1979.53        2436.34         3672.23         5128.48  
    0.575       266.43          1907.43        2290.13         3622.83         5193.56  
    0.581       277.63          1878.64        2182.86         3622.31         5085.85  
    0.588       353.17          1907.11        2115.26         3645.09         5006.19  
    0.594       435.73          1895.89        2265.22         3657.17         4953.83  
    0.600       527.38          1849.11        2387.90         3637.29         4897.46  
    0.606       621.80          1876.55        2360.82         3623.07         4981.98  
    0.613       695.44          1848.42        2368.72         3635.02         5146.35  
    0.619       706.81          1738.66        2436.61         3655.53         5123.60  
    0.625       704.54          1651.93        2509.39         3681.46         5080.46  
    0.631       730.61          1668.60        2552.12         3697.11         5189.66  
    0.638       761.26          1697.03        2604.64         3699.75         5348.85  
    0.644       809.90          1753.55        2620.21         3696.58         5347.33  
    0.650       835.88          1837.24        2566.02         3715.20         5411.32  
    0.656       360.13          1294.98        2239.02         3365.30         4637.09  
    0.663       444.25          1533.20        2550.97         3576.04         4846.80  
    0.669       769.78          2013.22        2889.79         3939.12         5500.00  
    0.675       328.14          1273.85        2391.27         3670.46         4739.35  
    