0.025       1236.07          2003.31        2803.67         3922.22         5500.00  
    0.031       1201.58          2010.16        2798.15         3901.63         5080.75  
    0.038       1162.58          1970.72        2908.17         3820.21         5119.01  
    0.044       1257.32          1960.99        3217.59         3842.07         5373.07  
    0.050       74.49          1559.44        2669.86         3466.28         4526.89  
    0.056       0          1430.00        2594.11         3812.20         5439.45  
    0.062       0          83.92        1612.64         2797.76         4007.96  
    0.069       0          0        1583.23         2819.88         3790.11  
    0.075       332.89          1602.43        2980.99         3631.26         5398.73  
    0.081       339.61          1819.50        2991.08         3607.45         5500.00  
    0.088       345.02          2023.05        3019.36         3666.85         5500.00  
    0.094       352.82          2010.08        2871.08         3405.77         5500.00  
    0.100       365.24          2082.85        2916.96         3460.82         5500.00  
    0.106       372.82          2118.64        2982.89         3481.00         5500.00  
    0.113       22.01          483.94        2265.76         3088.40         3813.03  
    0.119       0          377.00        2218.92         3089.36         3529.53  
    0.125       0          376.95        2130.89         3075.97         3531.92  
    0.131       0          380.47        2145.60         3113.03         3596.69  
    0.138       0          382.15        2121.86         3014.63         3594.05  
    0.144       0          384.67        2101.06         2997.69         3524.78  
    0.150       360.16          1944.97        2622.44         3380.84         5383.29  
    0.156       382.28          2071.70        2713.34         3369.35         5500.00  
    0.163       386.57          2136.12        2912.65         3477.61         5500.00  
    0.169       384.00          2129.41        2962.04         3506.64         5500.00  
    0.175       384.77          2104.02        2886.62         3467.89         5500.00  
    0.181       389.39          2105.50        2907.87         3506.56         5500.00  
    0.188       392.78          2108.38        2887.32         3466.17         5500.00  
    0.194       395.19          2113.47        2952.73         3476.70         5500.00  
    0.200       394.77          2143.66        2997.05         3501.99         5500.00  
    0.206       395.13          2135.61        2994.86         3509.20         5500.00  
    0.213       392.79          2120.96        2921.62         3513.76         5500.00  
    0.219       391.41          2156.83        2967.19         3496.85         5500.00  
    0.225       391.57          2150.59        2952.85         3522.49         5500.00  
    0.231       391.81          2143.17        2895.55         3538.40         5500.00  
    0.238       395.25          2160.32        2914.94         3574.76         5500.00  
    0.244       401.24          2191.30        3016.37         3616.25         5500.00  
    0.250       405.81          2177.80        3022.67         3707.46         5500.00  
    0.256       407.62          2170.33        3016.21         3581.75         5500.00  
    0.263       405.69          2163.27        2974.06         3533.99         5500.00  
    0.269       406.57          2169.08        2989.10         3522.36         5500.00  
    0.275       406.57          2182.76        3093.40         3579.23         5500.00  
    0.281       409.22          2186.66        3122.27         3570.20         5500.00  
    0.288       409.96          2185.83        3082.55         3633.23         5500.00  
    0.294       408.36          2179.48        3062.80         3676.09         5500.00  
    0.300       406.32          2181.03        2787.00         3558.88         5500.00  
    0.306       405.86          2098.17        2695.77         3566.18         5500.00  
    0.312       407.35          1946.72        2660.01         3567.44         5432.61  
    0.319       408.43          1947.27        2618.91         3570.51         5495.78  
    0.325       408.14          2016.49        2621.36         3617.16         5500.00  
    0.331       410.15          2242.31        2650.63         3630.13         5500.00  
    0.338       415.70          2207.57        2623.25         3569.11         5500.00  
    0.344       419.67          2048.48        2669.77         3554.24         5500.00  
    0.350       421.19          1975.98        2714.89         3592.16         5500.00  
    0.356       420.35          1869.65        2710.14         3659.37         5500.00  
    0.363       419.79          1882.93        2713.08         3693.46         5500.00  
    0.369       419.89          1957.12        2704.00         3666.23         5500.00  
    0.375       420.65          2007.79        2731.23         3610.53         5500.00  
    0.381       423.53          2046.32        2728.41         3669.71         5500.00  
    0.388       433.70          2145.95        2841.79         3766.49         5500.00  
    0.394       447.73          2145.82        2818.33         3734.93         5500.00  
    0.400       459.19          2128.58        2769.57         3774.99         5500.00  
    0.406       455.36          2094.76        2709.88         3742.93         5441.07  
    0.413       443.85          2017.82        2682.12         3755.80         5362.28  
    0.419       448.18          1999.38        2689.55         3778.80         5333.14  
    0.425       474.01          2052.41        2742.25         3788.56         5438.01  
    0.431       487.75          2051.68        2759.16         3784.27         5496.74  
    0.438       487.80          2021.25        2760.20         3838.73         5480.84  
    0.444       491.10          1995.91        2725.19         3833.50         5498.80  
    0.450       489.61          1980.30        2666.26         3834.22         5500.00  
    0.456       487.15          1986.82        2676.34         3883.24         5500.00  
    0.463       493.38          1986.71        2741.64         3844.05         5353.41  
    0.469       497.17          2009.00        2783.11         3816.87         5370.20  
    0.475       504.99          2100.28        2757.49         3746.12         5447.07  
    0.481       518.00          2163.68        2703.98         3694.03         5432.30  
    0.488       486.75          2129.21        2752.86         3788.14         5495.94  
    0.494       432.44          2006.18        2886.96         3826.52         5500.00  
    0.500       367.94          2041.76        2950.98         4349.13         5500.00  
    0.506       334.15          1980.92        2820.62         4438.99         5500.00  
    0.513       339.21          1980.30        2879.95         4560.17         5500.00  
    0.519       20.02          508.40        2139.17         3100.32         4555.98  
    0.525       0          474.80        1926.07         2751.41         4505.63  
    0.531       0          439.42        1722.13         2694.73         4448.68  
    0.537       0          436.08        1749.15         2776.55         4371.83  
    0.544       0          442.86        1640.33         2774.95         4391.98  
    0.550       0          448.87        1455.07         2725.80         4382.94  
    0.556       0          437.06        1152.76         2744.86         4385.32  
    0.562       0          414.77        956.68         2754.48         4334.67  
    0.569       0          435.50        1670.62         2824.33         4233.58  
    0.575       0          401.49        2093.02         2847.03         4285.67  
    0.581       0          389.24        2116.69         2906.60         4420.77  
    0.588       0          384.77        2233.82         2910.25         4500.94  
    0.594       0          433.27        2382.24         2893.45         4692.25  
    0.600       0          425.37        2350.02         2868.06         4606.63  
    0.606       379.80          1925.32        2917.44         3537.46         5446.97  
    0.613       402.73          2018.30        3110.56         3695.27         5500.00  
    0.619       393.98          2010.97        3073.43         4208.70         5500.00  
    0.625       391.00          2100.40        2971.28         3799.93         5500.00  
    