0.025       0          399.22        2073.39         2872.16         4611.16  
    0.031       0          378.07        2136.16         2861.14         4503.27  
    0.038       0          355.25        2131.81         2848.52         4203.15  
    0.044       0          390.44        2098.24         2839.35         3751.77  
    0.050       0          439.25        2094.55         2840.03         3457.23  
    0.056       0          445.89        2074.35         2842.05         3359.95  
    0.062       0          434.22        2067.60         2844.87         3345.74  
    0.069       0          423.91        2099.24         2836.94         3338.13  
    0.075       0          414.26        2120.39         2814.32         3226.98  
    0.081       0          404.76        2126.44         2787.12         3198.78  
    0.088       0          400.93        2111.77         2780.03         3217.56  
    0.094       0          403.11        2108.41         2791.41         3190.99  
    0.100       0          406.46        2107.97         2807.11         3029.67  
    0.106       0          410.75        2106.90         2799.74         2909.43  
    0.113       0          412.70        2136.65         2776.51         2904.31  
    0.119       0          412.02        2141.92         2777.85         2993.40  
    0.125       281.35          1535.38        2615.85         3035.27         4725.43  
    0.131       409.71          2022.95        2846.85         3181.37         5500.00  
    0.138       410.61          2017.71        2862.31         3197.96         5500.00  
    0.144       412.64          2004.75        2876.23         3142.49         5299.99  
    0.150       414.01          1999.85        2852.25         3088.69         4878.86  
    0.156       414.13          2013.21        2829.88         3103.42         4694.50  
    0.163       413.04          2007.50        2810.13         3102.65         4441.36  
    0.169       412.13          2011.40        2876.20         3143.71         5133.94  
    0.175       129.18          915.25        2291.41         2970.31         3945.12  
    0.181       0          412.65        2004.03         2850.85         3230.99  
    0.188       0          412.59        2000.02         2818.29         3232.56  
    0.194       0          413.20        2003.33         2799.96         3243.27  
    0.200       0          414.24        2009.76         2793.26         3259.83  
    0.206       285.16          1511.09        2548.53         3084.25         4799.24  
    0.213       417.03          2015.98        2815.04         3207.44         5500.00  
    0.219       419.87          2014.22        2861.55         3184.73         5028.51  
    0.225       422.25          2011.55        2877.32         3152.20         5284.58  
    0.231       421.73          2010.42        2773.63         3181.13         5500.00  
    0.238       420.35          2017.47        2686.06         3199.35         5500.00  
    0.244       418.73          2017.68        2715.72         3206.47         5500.00  
    0.250       416.36          2017.53        2778.91         3222.05         5500.00  
    0.256       413.17          2012.20        2797.08         3244.06         5500.00  
    0.263       408.29          2005.95        2778.09         3238.14         5500.00  
    0.269       408.03          2035.60        2768.71         3206.31         5500.00  
    0.275       411.38          2047.04        2737.76         3173.25         5500.00  
    0.281       129.39          923.59        2271.77         2950.02         3861.45  
    0.288       0          408.41        2082.84         2810.61         3138.74  
    0.294       289.94          1594.37        2168.89         3068.53         4741.68  
    0.300       453.51          2078.38        2443.67         3135.56         5169.76  
    0.306       445.48          2047.87        2563.27         3000.39         5353.61  
    0.312       421.08          2028.90        2374.80         2952.98         5296.63  
    0.319       408.64          2023.86        2365.12         2982.74         5253.48  
    0.325       431.17          2028.11        2329.60         3036.60         5429.82  
    0.331       463.36          2030.77        2325.94         3046.80         5500.00  
    0.338       459.83          2010.95        2489.96         3096.50         5500.00  
    0.344       439.15          1989.81        2614.90         3056.00         5500.00  
    0.350       444.58          1964.19        2494.48         2943.16         5500.00  
    0.356       402.23          1942.01        2401.05         2988.33         5500.00  
    0.363       119.28          858.25        2110.13         2853.55         4166.41  
    0.369       0          342.28        1974.66         2800.76         3479.53  
    0.375       216.02          1456.53        2332.84         2840.05         4855.25  
    0.381       98.70          832.40        2139.18         2852.88         4536.78  
    