0.025       574.97          2326.67        4045.79         4508.09         5500.00  
    0.031       610.05          2312.51        4052.32         4506.08         5500.00  
    0.038       472.12          2305.13        3914.34         4445.74         5500.00  
    0.044       322.34          2334.07        3525.92         4304.47         5500.00  
    0.050       346.71          2387.96        3278.32         4020.79         5273.32  
    0.056       371.16          2414.59        3529.09         4094.75         5286.11  
    0.062       387.61          2385.63        3777.47         4278.86         5500.00  
    0.069       190.63          1350.73        3065.65         4007.81         4892.13  
    0.075       0          393.45        2401.34         3808.50         4228.61  
    0.081       196.93          1431.18        3178.27         3968.76         4841.56  
    0.088       382.48          2405.56        3877.64         4160.26         5500.00  
    0.094       383.37          2383.28        3829.41         4258.87         5500.00  
    0.100       385.16          2378.82        3821.02         4284.64         5307.21  
    0.106       386.96          2400.70        3839.51         4306.91         5318.09  
    0.113       388.61          2418.70        3858.80         4283.82         5007.59  
    0.119       391.97          2417.38        3762.70         4047.45         4635.90  
    0.125       396.32          2404.91        3715.47         3889.88         4723.31  
    0.131       399.23          2384.45        3786.66         3898.44         4709.98  
    0.138       399.75          2339.54        3691.14         3902.80         4720.46  
    0.144       399.99          2282.00        3507.22         3903.90         4710.96  
    0.150       402.30          2256.40        3364.57         3900.41         4657.97  
    0.156       405.61          2299.96        3236.55         3898.43         4659.38  
    0.163       409.66          2281.25        3163.31         3946.43         4682.29  
    0.169       414.32          2245.09        3259.06         3972.05         4647.28  
    0.175       416.15          2238.81        3375.58         3948.33         4633.80  
    0.181       412.81          2214.26        3336.36         3948.69         4700.81  
    0.188       409.74          2233.71        3351.94         3955.13         4765.68  
    0.194       410.75          2265.16        3661.37         4237.34         5152.40  
    0.200       200.06          1320.32        3069.40         4194.92         5001.85  
    0.206       215.14          1379.75        3017.86         3904.03         4565.34  
    0.213       416.63          2288.93        3758.22         3900.16         4581.05  
    0.219       414.31          2298.10        3685.04         3921.55         4592.23  
    0.225       410.34          2308.40        3454.64         3957.13         4664.83  
    0.231       407.31          2307.12        3301.52         3965.07         4710.20  
    0.238       407.25          2301.25        3238.39         4002.32         4708.11  
    0.244       406.19          2301.76        3284.44         4007.80         4706.72  
    0.250       404.37          2310.61        3415.76         3992.39         4691.16  
    0.256       402.80          2323.07        3611.69         3988.61         4647.29  
    0.263       401.26          2330.24        3754.73         3950.42         4627.33  
    0.269       399.25          2330.12        3600.61         3952.15         4645.19  
    0.275       396.67          2321.03        3405.67         3976.53         4679.88  
    0.281       395.66          2303.46        3489.10         3942.01         4656.22  
    0.288       395.59          2287.60        3619.79         3890.83         4613.37  
    0.294       394.62          2281.18        3701.50         3861.38         4571.24  
    0.300       392.89          2274.83        3600.97         3854.09         4539.37  
    0.306       392.10          2264.67        3537.31         3858.32         4528.20  
    0.312       391.46          2256.95        3730.81         3892.28         4446.30  
    0.319       388.22          2250.61        3777.30         3905.24         4398.28  
    0.325       383.91          2250.21        3685.28         3898.11         4439.04  
    0.331       380.99          2265.38        3636.68         3906.49         4494.48  
    0.338       379.28          2299.39        3595.03         3897.57         4516.97  
    0.344       377.84          2324.63        3571.61         3892.84         4490.01  
    0.350       376.10          2329.87        3595.70         3897.53         4448.05  
    0.356       375.88          2337.46        3654.52         3902.64         4457.86  
    0.363       377.94          2342.75        3670.22         3907.68         4490.97  
    0.369       378.74          2337.15        3545.88         3901.89         4478.36  
    0.375       378.13          2338.79        3398.87         3890.48         4439.85  
    0.381       377.12          2357.31        3392.22         3890.65         4411.06  
    0.388       374.03          2360.11        3449.42         3886.41         4404.80  
    0.394       370.41          2336.75        3439.51         3878.47         4414.48  
    0.400       369.39          2314.28        3432.46         3870.64         4416.23  
    0.406       372.70          2301.08        3396.50         3850.46         4408.72  
    0.413       375.59          2283.95        3528.04         3840.19         4397.52  
    0.419       374.80          2263.58        3772.69         4058.43         4373.25  
    0.425       375.22          2243.06        3836.89         4251.86         4509.07  
    0.431       375.21          2223.53        3843.15         4252.80         4729.21  
    0.438       373.60          2215.39        3846.25         4245.02         5161.48  
    0.444       374.46          2213.38        3859.25         4232.14         5500.00  
    0.450       374.81          2208.77        3890.12         4126.86         5046.86  
    0.456       371.25          2196.41        3869.56         4019.18         4710.20  
    0.463       368.23          2180.51        3853.33         4040.96         4801.00  
    0.469       369.27          2177.28        3760.31         4072.70         4732.51  
    0.475       375.27          2189.22        3496.81         4020.56         4635.23  
    0.481       383.82          2209.35        3320.59         4001.79         4616.08  
    0.488       390.56          2228.85        3637.37         4249.07         5074.29  
    0.494       394.47          2242.13        3978.38         4378.97         5500.00  
    0.500       192.10          1296.50        3100.32         4080.99         4891.13  
    0.506       0          398.18        2248.07         3850.86         4360.45  
    0.513       198.21          1337.47        3077.71         4118.43         4966.85  
    0.519       372.46          2285.43        3863.81         4437.97         5500.00  
    0.525       355.54          2323.41        3862.12         4404.64         4987.98  
    0.531       351.46          2252.61        3873.54         4383.62         5016.87  
    0.537       170.87          1246.29        3073.02         4182.38         4890.23  
    0.544       0          337.73        2342.48         3938.30         4321.64  
    