0.025       427.86          1881.03        2130.18         3192.11         4108.48  
    0.031       429.34          1994.40        2111.60         3275.15         3988.03  
    0.038       447.18          2059.68        2115.38         3078.64         3985.43  
    0.044       459.99          1964.82        2127.94         3054.69         4000.01  
    0.050       467.56          2094.65        2378.39         3223.75         3970.69  
    0.056       469.71          2091.44        3078.66         3194.72         4007.66  
    0.062       472.49          2109.48        3131.96         3211.14         4043.88  
    0.069       472.76          2121.10        3066.79         3080.44         4033.87  
    0.075       472.53          2124.36        3063.38         3344.03         3954.67  
    0.081       476.22          2089.27        3061.28         3705.07         3916.70  
    0.088       478.84          2116.69        3156.07         3415.68         3949.59  
    0.094       477.17          2144.46        3195.64         3407.22         4031.78  
    0.100       476.37          2130.64        2838.29         3564.09         4119.13  
    0.106       478.99          2134.80        2857.59         3509.98         4130.10  
    0.113       481.16          2143.33        2825.31         3420.15         4178.19  
    0.119       481.43          2126.66        2669.35         3572.52         4180.80  
    0.125       479.77          2108.96        2782.41         3674.27         4118.06  
    0.131       479.69          2115.27        2535.03         3677.20         4232.32  
    0.138       481.44          2115.86        2607.59         3566.56         4211.09  
    0.144       481.68          2117.88        3019.65         3520.92         4180.13  
    0.150       481.84          2109.83        2952.70         3541.06         4189.97  
    0.156       482.27          2105.44        2928.87         3500.67         4142.28  
    0.163       481.59          2095.99        2936.46         3472.23         4166.61  
    0.169       480.28          2100.24        2598.62         3560.65         4260.48  
    0.175       480.02          2123.71        2290.84         3728.35         4280.42  
    0.181       479.44          2131.18        2359.23         3707.18         4220.79  
    0.188       478.33          2138.97        2437.15         3550.28         4153.19  
    0.194       476.48          2139.85        2397.69         3542.72         4148.12  
    0.200       473.97          2127.29        2574.68         3432.31         4135.15  
    0.206       471.70          2097.64        2724.06         3407.13         4111.32  
    0.213       469.38          2106.08        2674.20         3280.46         4172.92  
    0.219       467.41          2130.44        2527.68         3491.20         4210.88  
    0.225       465.11          2132.59        2492.11         3720.33         4212.31  
    0.231       463.31          2130.66        2526.11         3619.45         4204.57  
    0.238       459.80          2122.18        2542.96         3413.39         4245.07  
    0.244       454.16          2119.40        2497.23         3465.36         4246.03  
    0.250       448.69          2106.46        2539.75         3430.44         4287.64  
    0.256       444.53          2105.83        2559.49         3584.71         4222.42  
    0.263       440.93          2103.31        2620.18         3656.45         4254.09  
    0.269       440.14          2105.24        2483.78         3701.72         4306.38  
    0.275       442.69          2097.74        2694.40         3654.56         4218.99  
    0.281       443.32          2101.53        2747.19         3660.37         4195.02  
    0.288       442.37          2088.95        2768.23         3788.03         4079.21  
    0.294       443.24          2076.82        2898.62         3771.84         3994.13  
    0.300       447.67          2080.01        2885.72         3705.24         4045.24  
    0.306       448.38          2075.41        2781.19         3645.43         4092.94  
    0.312       447.91          2070.42        2846.43         3603.72         4119.86  
    0.319       449.88          2079.50        2844.50         3669.30         4138.35  
    0.325       452.89          2083.36        2887.58         3627.89         4149.07  
    0.331       451.11          2090.32        2836.67         3494.04         4156.54  
    0.338       450.91          2102.82        2669.17         3508.78         4170.10  
    0.344       455.08          2103.60        2853.62         3527.21         4144.53  
    0.350       455.27          2101.48        2819.86         3684.30         4067.05  
    0.356       456.65          2094.46        2763.27         3719.89         4131.76  
    0.363       458.01          2079.63        2703.61         3713.86         4211.62  
    0.369       460.48          2078.13        2678.08         3673.01         4230.17  
    0.375       462.63          2067.23        2656.62         3735.57         4191.36  
    0.381       464.18          2035.36        2668.06         3660.68         4221.22  
    0.388       466.27          2034.49        2707.52         3656.39         4187.28  
    0.394       469.65          2068.74        2651.39         3515.07         4143.66  
    0.400       472.18          2081.44        2615.34         3294.41         4168.15  
    0.406       473.49          2055.37        2498.10         3259.55         4180.77  
    0.413       476.49          2036.52        2959.56         3079.20         4085.11  
    0.419       478.18          2077.85        2729.81         3246.43         4004.46  
    0.425       476.60          2119.76        2228.31         3432.01         4041.75  
    0.431       473.14          2137.97        2245.48         3321.96         4079.91  
    0.438       462.89          2076.27        2249.22         3163.49         4042.03  
    0.444       12.38          485.01        1941.42         3016.04         3957.19  
    0.450       0          412.02        1974.94         2968.78         3959.83  
    0.456       0          402.52        1983.29         2940.87         3925.21  
    0.463       0          406.92        1900.59         2962.78         3956.94  
    