0.025       753.44          2124.60        2750.98         4189.82         5500.00  
    0.031       723.53          2042.61        2589.97         4021.97         5303.78  
    0.038       646.93          2042.19        2442.61         3780.26         5105.39  
    0.044       497.32          2093.25        2435.39         3759.14         5042.48  
    0.050       406.02          2110.70        2496.37         3782.89         5021.87  
    0.056       376.39          2080.81        2518.71         3687.03         4983.39  
    0.062       325.38          2055.75        2532.46         3637.17         4885.65  
    0.069       310.07          2056.19        2554.65         3644.72         4824.33  
    0.075       337.71          2059.18        2564.78         3641.80         4682.84  
    0.081       332.50          2054.34        2563.04         3628.70         4540.59  
    0.088       245.11          2050.50        2562.37         3613.30         4531.18  
    0.094       73.36          748.87        2232.39         2960.24         3954.80  
    0.100       0          0        2036.49         2610.31         3612.95  
    0.106       120.66          1289.57        2412.00         3234.31         4252.48  
    0.113       69.45          742.23        2251.23         2988.71         3960.43  
    0.119       0          0        2031.66         2662.62         3578.75  
    0.125       0          0        2032.17         2676.51         3575.52  
    0.131       0          0        2032.04         2681.18         3575.24  
    0.138       0          0        2036.57         2679.92         3571.93  
    0.144       0          0        2040.08         2662.26         3556.14  
    0.150       0          0        2044.58         2625.18         3541.48  
    0.156       0          0        2045.93         2622.37         3537.68  
    0.163       0          0        2037.39         2647.66         3534.71  
    0.169       0          0        2040.59         2674.04         3528.37  
    0.175       0          0        2052.08         2695.30         3525.09  
    0.181       0          0        2054.48         2669.94         3516.67  
    0.188       0          0        2049.76         2633.00         3503.33  
    0.194       0          0        2034.37         2638.35         3496.70  
    0.200       0          0        2022.61         2650.86         3496.96  
    0.206       111.23          1277.07        2415.92         3185.73         4116.98  
    0.213       232.03          2011.42        2640.72         3487.13         4456.32  
    0.219       233.74          2007.87        2614.78         3488.48         4421.93  
    0.225       195.58          2003.81        2598.17         3494.78         4389.01  
    0.231       222.91          2003.44        2613.70         3484.97         4396.44  
    0.238       252.01          2003.57        2617.67         3475.08         4455.34  
    0.244       175.14          1999.32        2623.52         3480.24         4441.90  
    0.250       93.36          1995.72        2652.02         3490.41         4386.10  
    0.256       158.87          1996.26        2648.12         3488.22         4373.28  
    0.263       216.81          1997.29        2614.12         3475.39         4451.89  
    0.269       81.00          729.68        2219.71         2920.42         3853.91  
    0.275       0          0        2002.06         2594.57         3500.54  
    0.281       0          0        2004.89         2619.73         3511.14  
    0.288       0          0        2005.93         2656.28         3526.18  
    0.294       0          0        2008.84         2675.94         3533.24  
    0.300       0          0        2012.02         2651.51         3507.10  
    0.306       0          0        2012.90         2634.06         3511.62  
    0.312       0          0        2015.90         2635.63         3524.85  
    0.319       0          0        2017.04         2644.23         3527.12  
    0.325       0          0        2021.81         2649.19         3517.76  
    0.331       0          0        2029.46         2650.21         3506.96  
    0.338       0          0        2031.26         2630.87         3514.23  
    0.344       0          0        2027.41         2617.59         3547.38  
    0.350       0          0        2033.76         2636.12         3601.55  
    0.356       0          0        2041.01         2654.56         3655.63  
    0.363       0          0        2043.03         2661.15         3643.50  
    0.369       0          0        2044.70         2639.74         3578.82  
    0.375       0          0        2035.74         2626.65         3565.16  
    0.381       0          0        2017.46         2636.68         3625.17  
    0.388       0          0        2009.28         2624.18         3690.00  
    0.394       0          0        2005.16         2579.87         3621.05  
    0.400       0          0        1997.19         2578.89         3609.16  
    0.406       0          0        1998.68         2585.58         3614.31  
    0.413       0          0        2001.23         2593.52         3608.55  
    0.419       0          0        1997.84         2606.08         3624.50  
    0.425       0          0        1991.98         2613.69         3683.09  
    0.431       0          0        1993.16         2599.26         3696.34  
    0.438       0          0        1997.00         2581.38         3643.86  
    0.444       0          0        1994.80         2578.07         3613.06  
    0.450       0          0        1995.10         2585.19         3613.34  
    0.456       0          0        2002.98         2595.62         3602.76  
    0.463       0          0        2010.50         2601.02         3561.04  
    0.469       159.08          1281.57        2382.63         3184.36         4369.12  
    0.475       222.80          2029.04        2579.85         3539.09         4832.62  
    0.481       217.29          2044.35        2536.81         3574.36         4827.69  
    0.488       144.11          2055.55        2506.24         3634.37         4831.87  
    0.494       144.92          2057.00        2513.64         3752.33         4824.73  
    0.500       261.51          2036.28        2512.24         3827.11         4792.66  
    0.506       352.02          2027.45        2507.62         3883.08         4742.19  
    0.513       371.07          2035.33        2510.34         3918.16         4707.07  
    0.519       365.37          2031.13        2484.46         4014.80         4679.58  
    0.525       361.52          2010.97        2445.99         4106.67         4644.20  
    0.531       352.44          1998.63        2451.82         4253.59         4574.10  
    0.537       333.60          2014.21        2484.41         4342.94         4774.50  
    0.544       296.74          2018.96        2492.38         4341.20         4920.74  
    0.550       265.96          2009.64        2482.38         4276.24         4881.42  
    0.556       247.96          2015.40        2483.91         4180.17         4872.50  
    0.562       227.21          2044.39        2501.26         4114.10         4848.95  
    0.569       217.09          2052.48        2514.31         4024.18         4856.29  
    0.575       224.64          2031.25        2504.72         3927.79         4930.45  
    0.581       228.46          2001.39        2437.90         3845.60         5051.23  
    0.588       243.20          1971.59        2361.88         3756.16         5156.15  
    0.594       252.57          1958.12        2311.99         3702.48         5102.03  
    0.600       296.88          1918.88        2243.92         3679.49         4993.30  
    0.606       376.55          1889.19        2225.82         3671.94         4936.64  
    