0.025       0          0        2028.01         2883.96         3623.59  
    0.031       278.68          1263.11        2577.55         3390.43         4380.46  
    0.038       446.40          2000.81        2929.86         3646.90         4351.71  
    0.044       442.99          1980.59        2990.12         3379.75         3797.70  
    0.050       442.66          1992.44        2963.21         3499.04         3666.96  
    0.056       439.83          1909.34        2923.75         3719.92         3883.35  
    0.062       443.02          1849.97        2855.71         3698.92         4121.04  
    0.069       455.59          1879.49        2784.49         3687.76         3970.59  
    0.075       470.18          1900.90        2782.25         3696.94         3797.31  
    0.081       480.11          1874.04        2729.85         3648.91         4019.65  
    0.088       481.89          1848.44        2770.23         3676.13         4023.08  
    0.094       476.14          1852.66        2887.81         3628.55         3813.87  
    0.100       474.54          1886.62        2952.84         3213.57         3714.84  
    0.106       478.74          1912.76        2709.07         2973.88         3667.56  
    0.113       481.38          1844.65        2808.19         2989.14         3664.48  
    0.119       481.40          1777.61        2952.69         3181.83         3693.04  
    0.125       480.61          1748.44        2946.93         3371.91         3718.66  
    0.131       477.93          1769.58        2953.94         3422.77         3758.98  
    0.138       475.64          1801.67        2971.67         3461.87         3783.67  
    0.144       479.68          1808.30        2982.43         3582.17         3771.27  
    0.150       486.58          1792.02        2955.10         3710.71         3791.15  
    0.156       490.57          1800.11        2960.87         3650.21         3842.85  
    0.163       493.46          1822.22        2984.47         3669.73         3845.88  
    0.169       498.89          1833.50        3003.43         3753.91         3871.20  
    0.175       187.26          1003.39        2269.94         3296.58         3782.59  
    0.181       315.93          1328.04        2569.31         3338.74         3754.16  
    0.188       504.09          1816.92        3010.25         3478.20         3840.66  
    0.194       506.76          1850.44        2852.95         3224.04         3931.67  
    0.200       509.09          1878.61        2411.99         3271.31         3999.88  
    0.206       509.55          1860.73        2210.29         3377.74         4051.57  
    0.213       511.56          1836.52        2164.69         3430.99         4065.68  
    0.219       516.79          1826.36        2174.86         3474.03         4067.86  
    0.225       521.70          1831.38        2121.52         3501.75         4027.74  
    0.231       523.86          1849.09        2048.81         3483.96         3967.51  
    0.238       524.42          1865.72        2052.64         3576.07         3939.82  
    0.244       521.72          1765.85        1985.75         3669.79         4021.48  
    0.250       518.29          1639.51        1934.96         3684.38         4101.99  
    0.256       515.16          1665.85        1920.33         3632.17         4086.85  
    0.263       512.30          1732.98        1903.30         3516.43         4051.00  
    0.269       509.40          1709.61        1904.43         3490.92         4005.69  
    0.275       504.97          1666.17        1921.47         3595.00         3981.04  
    0.281       500.34          1653.51        1934.57         3709.25         3968.88  
    0.288       498.41          1690.16        1925.31         3771.29         3856.81  
    0.294       498.45          1771.66        1897.93         3384.77         3916.80  
    0.300       498.77          1783.20        1898.37         3085.07         3908.40  
    0.306       507.03          1786.82        1892.65         3040.40         3846.86  
    0.312       522.06          1843.59        1935.48         3030.40         3798.35  
    0.319       537.76          1871.66        2152.57         3029.90         3767.90  
    0.325       546.31          1865.17        2502.35         3009.15         3765.47  
    0.331       547.86          1861.60        2809.13         2975.45         3776.34  
    0.338       547.73          1865.43        2940.38         2997.80         3803.31  
    0.344       534.00          1869.57        2960.58         3127.85         3828.24  
    0.350       196.39          1013.15        2278.62         3034.73         3833.97  
    0.356       0          498.78        1861.46         2928.62         3786.22  
    0.363       322.92          1350.72        1918.33         2995.06         3817.18  
    0.369       512.97          1860.48        1910.34         3015.75         3800.02  
    0.375       510.74          1864.30        2000.07         3009.34         3782.95  
    0.381       515.67          1872.35        2346.82         2990.90         3776.20  
    0.388       537.33          1884.78        2610.65         2961.63         3742.66  
    0.394       535.12          1888.54        2834.08         3121.19         3731.32  
    0.400       553.43          1878.18        2795.94         3046.84         3758.53  
    0.406       553.34          1873.22        2852.73         3092.76         3781.24  
    0.413       524.56          1870.44        2923.57         3360.98         3803.61  
    0.419       513.92          1866.74        2919.10         3622.84         3816.65  
    0.425       192.14          1005.47        2282.68         3219.82         3807.47  
    0.431       0          526.34        1890.77         2930.86         3778.25  
    0.438       334.94          1382.57        2168.91         2940.45         3767.19  
    0.444       525.21          1880.15        2530.83         2915.28         3761.17  
    0.450       194.06          1019.68        2163.30         2898.20         3737.73  
    0.456       310.54          1366.80        2497.27         3468.65         3973.64  
    0.463       488.77          1884.54        2670.47         3410.70         4207.13  
    0.469       497.84          1890.31        2411.01         3289.57         4384.75  
    0.475       463.15          1857.76        2255.38         3513.68         4476.92  
    0.481       458.45          1846.30        2349.42         3639.85         4498.21  
    