0.025       0          1345.00        2304.88         3319.17         4596.67  
    0.031       0          1331.91        2380.55         3433.82         4726.91  
    0.038       0          1299.75        2428.02         3451.30         4660.16  
    0.044       0          1147.37        2131.04         3366.34         4491.55  
    0.050       0          1100.88        2081.79         3342.87         4433.98  
    0.056       0          1293.59        2121.77         3259.87         4391.91  
    0.062       0          934.24        1915.90         3143.26         4297.99  
    0.069       351.36          1160.87        2437.61         3544.94         4808.52  
    0.075       716.77          1668.69        2942.54         4047.62         5392.81  
    0.081       832.17          1675.10        2841.52         3983.55         5142.87  
    0.088       380.40          1458.31        2504.08         3670.08         4980.65  
    0.094       0          1353.87        2272.34         3466.76         4665.39  
    0.100       0          1496.47        2452.20         3266.24         4307.93  
    0.106       0          1505.54        2573.01         3443.62         4501.42  
    0.113       0          635.81        1895.22         2985.06         4144.54  
    0.119       408.26          919.07        2099.64         3273.79         4407.33  
    0.125       670.89          1725.76        2661.33         3947.32         4989.55  
    0.131       615.34          1836.08        2774.15         3995.02         5083.79  
    0.138       697.09          1805.94        2987.32         4190.16         5335.92  
    0.144       336.95          1523.52        2629.18         3704.85         4819.85  
    0.150       0          1477.40        1979.07         3044.59         4234.19  
    0.156       440.10          1759.43        2366.34         3580.25         4926.10  
    0.163       732.19          1857.27        2864.79         3991.97         5223.41  
    0.169       373.12          1759.72        2997.95         3811.86         4978.09  
    0.175       54.48          1079.74        2391.82         3575.60         4583.60  
    0.181       0          779.95        2024.08         3436.65         4350.07  
    0.188       0          996.76        2178.87         3325.54         4378.96  
    0.194       0          1115.37        2222.50         3346.20         4514.21  
    0.200       0          1177.29        2211.14         3474.45         4760.42  
    0.206       243.99          1478.13        2508.81         3819.18         4993.48  
    0.213       190.76          1716.23        2718.84         3761.78         4477.51  
    0.219       348.90          1831.68        2872.34         3710.46         4564.18  
    0.225       505.44          1812.32        2978.31         3731.50         5000.37  
    0.231       557.94          1783.48        2768.61         3705.65         5013.41  
    0.238       293.99          800.53        1985.86         3001.00         4355.74  
    0.244       0          664.55        1968.17         3035.89         4024.79  
    0.250       0          1156.27        2275.28         3447.87         4276.48  
    0.256       0          1178.48        2101.88         3469.92         4445.09  
    0.263       189.13          1704.97        2383.20         3661.75         4813.96  
    0.269       356.33          2150.62        2541.87         3753.64         4761.80  
    0.275       409.36          1971.21        2470.14         3766.41         4464.98  
    0.281       473.13          1780.15        2717.71         3762.74         4376.18  
    0.288       510.20          1729.56        2807.30         3676.98         4378.05  
    0.294       520.57          1680.79        2724.61         3620.37         4357.68  
    0.300       524.20          1658.10        2719.00         3624.79         4201.11  
    0.306       531.77          1652.04        2694.46         3605.90         4139.61  
    0.312       542.40          1653.97        2627.23         3580.12         4216.97  
    0.319       554.76          1654.04        2604.34         3576.11         4239.00  
    0.325       557.42          1645.57        2625.51         3581.18         4227.99  
    0.331       546.51          1643.74        2609.92         3593.46         4209.10  
    0.338       540.52          1650.86        2557.97         3594.75         4179.43  
    0.344       539.81          1657.24        2521.48         3588.67         4197.58  
    0.350       542.69          1654.14        2513.69         3598.37         4209.54  
    0.356       546.26          1643.74        2537.42         3606.98         4259.10  
    0.363       542.09          1635.46        2533.87         3608.77         4334.56  
    0.369       532.00          1631.03        2446.69         3617.75         4366.75  
    0.375       527.81          1642.87        2373.50         3640.03         4414.66  
    0.381       529.02          1653.05        2378.39         3653.30         4503.63  
    0.388       526.96          1644.45        2427.71         3671.09         4565.88  
    0.394       528.63          1646.04        2558.95         3683.97         4509.87  
    0.400       525.28          1641.49        2582.66         3684.27         4438.11  
    0.406       517.91          1655.40        2577.01         3667.45         4378.17  
    0.413       514.40          1681.34        2928.12         3635.74         4246.91  
    0.419       512.61          1680.90        3265.66         3611.46         4149.13  
    0.425       517.49          1709.42        3226.67         3624.84         4178.43  
    0.431       514.27          1796.13        3100.31         3647.09         4532.81  
    0.438       509.72          1784.93        3252.94         3647.24         5184.37  
    0.444       510.06          1708.96        3117.52         3658.33         5167.86  
    0.450       507.56          1693.57        2793.93         3667.25         4926.87  
    0.456       496.62          1686.77        2659.91         3667.75         4942.69  
    0.463       483.09          1664.63        2619.71         3686.35         4887.73  
    0.469       477.04          1672.33        2575.10         3689.55         4827.94  
    0.475       465.94          1678.20        2565.45         3704.73         4775.22  
    0.481       438.44          1653.91        2602.40         3736.35         4654.17  
    0.488       398.76          1641.70        2593.93         3708.43         4646.34  
    0.494       363.81          1653.19        2573.10         3694.43         4814.76  
    0.500       295.73          1708.08        2523.03         3703.46         4961.16  
    0.506       110.67          1243.63        2309.34         3558.65         4962.95  
    0.513       0          995.81        2077.46         3486.28         4841.40  
    0.519       142.51          1428.83        2492.07         3705.88         4781.49  
    0.525       386.51          1666.20        2888.39         3826.40         4887.00  
    0.531       215.07          726.62        2127.31         3202.05         4284.97  
    0.537       0          0        1502.61         2707.16         3764.63  
    0.544       343.48          920.77        2174.93         3287.73         4439.37  
    0.550       733.29          1626.54        2650.18         3743.21         4939.21  
    0.556       363.35          1402.43        2433.25         3598.56         4547.38  
    0.562       0          1255.06        2138.33         3370.23         4310.42  
    0.569       0          1066.27        2043.57         3329.97         4429.11  
    0.575       347.71          1411.98        2501.22         3635.76         4680.96  
    0.581       569.48          1746.55        2821.70         3837.80         4837.99  
    0.588       563.15          1686.81        2880.65         3896.02         4868.55  
    0.594       258.36          1425.15        2339.60         3397.49         4479.34  
    0.600       0          1143.74        2011.27         3092.09         4169.18  
    0.606       0          992.28        2243.48         3271.93         4224.34  
    0.613       0          1070.70        2379.30         3465.67         4169.50  
    0.619       0          1293.67        2522.59         3772.45         4125.68  
    0.625       376.75          1611.61        2643.95         3902.97         4612.03  
    0.631       764.99          1974.01        2667.59         3770.33         4871.16  
    0.638       367.80          1564.44        2535.38         3488.88         4552.88  
    0.644       0          1186.29        2441.78         3490.47         4431.13  
    0.650       0          538.54        1843.64         2961.40         4043.47  
    0.656       318.41          873.92        2065.05         3236.80         4451.45  
    0.663       594.96          1547.10        2654.66         3869.39         4978.51  
    0.669       270.53          1368.23        2503.98         3663.53         4744.53  
    0.675       0          1286.04        2200.12         3387.45         4388.37  
    0.681       0          1344.99        1817.76         3214.00         4243.10  
    0.688       298.22          1538.50        2295.13         3505.23         4591.24  
    0.694       233.15          736.43        1977.58         3064.23         4238.83  
    0.700       0          803.46        1892.35         3109.53         4242.15  
    0.706       0          1421.48        2323.67         3585.39         4593.69  
    0.713       0          1270.68        2260.38         3532.87         4613.83  
    0.719       0          508.53        1535.27         2840.38         4128.26  
    0.725       367.89          1032.40        1950.57         3090.81         4427.58  
    0.731       287.62          1505.73        2380.26         3618.63         4510.96  
    0.738       405.88          1720.56        2227.92         3669.28         4628.66  
    0.744       744.63          2094.49        2399.06         3626.90         4973.80  
    0.750       334.08          1556.87        2341.08         3407.88         4758.48  
    0.756       0          1213.04        2271.33         3309.14         4626.25  
    0.763       0          558.89        1830.26         3181.79         4046.29  
    0.769       0          659.27        2014.14         3250.08         4052.07  
    0.775       0          1186.53        2311.02         3409.07         4418.45  
    0.781       0          1120.28        2086.22         3322.12         4517.89  
    0.788       350.06          1452.98        2578.64         3471.16         4758.29  
    0.794       744.00          1768.53        2982.85         3747.19         4943.95  
    0.800       367.70          1504.28        2590.55         3519.91         4761.76  
    0.806       0          1396.70        2505.46         3138.22         4290.98  
    0.812       368.03          1582.69        2734.58         3555.97         4605.08  
    0.819       623.72          1549.13        2836.64         3961.85         4999.22  
    0.825       262.69          1186.90        2623.20         3589.70         4765.48  
    0.831       416.25          1453.14        2696.10         3572.85         4848.65  
    0.838       733.35          1860.26        2972.29         3791.28         4948.46  
    0.844       736.65          1829.51        3003.17         3878.43         4800.10  
    0.850       729.94          1697.00        2837.86         3861.31         4837.14  
    0.856       685.10          1726.98        2731.37         3804.94         5012.78  
    0.863       610.48          1805.93        2795.77         3836.05         5320.79  
    0.869       251.28          1550.77        2249.86         3471.46         4574.53  
    0.875       269.56          1558.99        2382.38         3432.61         4483.13  
    0.881       210.75          1299.48        2406.22         3520.06         4790.32  
    0.888       503.28          1602.40        2196.89         3564.81         4903.96  
    0.894       393.48          1666.65        2442.27         3835.92         5196.10  
    0.900       0          583.49        2027.22         3266.83         4656.93  
    0.906       0          644.09        1999.93         3148.59         4502.42  
    0.913       566.92          1346.40        2414.69         3605.26         4766.95  
    0.919       443.23          1078.30        2114.48         3544.39         4471.13  
    0.925       0          1062.09        1890.94         3407.19         4314.46  
    0.931       0          1252.20        2080.44         3419.23         4390.12  
    0.938       0          1308.08        2246.80         3261.75         4286.39  
    0.944       0          1245.45        2066.64         3113.79         4428.90  
    0.950       0          1389.19        1753.01         3099.73         4605.79  
    0.956       0          1310.85        1973.24         3068.93         4419.23  
    0.963       0          1153.40        2177.72         3385.67         4345.80  
    0.969       0          974.17        2084.53         3512.67         4475.10  
    0.975       441.45          1382.65        2618.18         3882.54         5075.75  
    0.981       345.13          807.21        2106.24         3475.22         4564.55  
    0.988       0          810.83        2140.39         3073.09         4185.91  
    0.994       0          1284.03        2586.82         3261.67         4399.32  
    1.000       0          905.82        2134.26         3232.79         4393.51  
    1.006       368.51          1362.11        2625.58         3807.34         5029.23  
    1.012       288.11          1644.80        2799.98         3845.02         5070.50  
    1.019       0          1421.02        2332.25         3385.81         4692.14  
    1.025       0          1133.04        2123.10         3230.85         4534.80  
    1.031       0          869.94        2122.53         3256.06         4364.47  
    1.038       0          816.42        2128.61         3290.53         4325.77  
    1.044       0          919.96        2110.66         3340.03         4345.12  
    1.050       504.81          1636.95        2772.78         3675.69         4575.52  
    1.056       897.69          2125.42        3303.05         4026.16         4688.31  
    1.062       393.27          1579.63        2690.76         3651.15         4503.72  
    1.069       0          1216.75        2186.63         3397.27         4598.60  
    1.075       0          1210.35        2113.78         3449.64         4576.59  
    1.081       0          1301.86        2218.62         3323.00         4424.42  
    1.088       463.11          1507.46        2592.41         3691.61         4693.49  
    1.094       846.21          1639.12        2783.64         3949.02         4927.17  
    1.100       378.51          737.04        1880.84         3148.00         4236.56  
    1.106       609.75          858.05        1963.16         3314.64         4437.61  
    1.113       920.11          1563.75        2686.59         3865.17         4949.93  
    1.119       346.65          698.09        1769.36         3112.48         4113.52  
    1.125       0          478.09        1740.14         2966.50         4039.54  
    1.131       0          1094.52        2305.41         3377.01         4387.15  
    1.137       0          563.49        1899.36         3066.09         4036.21  
    1.144       0          0        700.84         2142.98         3398.82  
    1.150       0          282.21        1032.71         2537.38         3726.77  
    1.156       314.08          1298.31        2625.67         3645.70         4943.33  
    1.163       245.56          1158.39        2535.07         3615.99         4628.20  
    1.169       0          1098.63        2155.11         3429.14         4312.08  
    1.175       0          665.88        1912.96         2986.60         4200.41  
    1.181       402.62          954.92        2114.20         3272.59         4492.19  
    1.188       314.78          1371.54        2331.57         3711.43         4738.91  
    1.194       0          1349.71        1925.21         3485.44         4410.59  
    1.200       0          1377.32        1867.43         3349.89         4342.53  
    1.206       0          747.61        1884.95         3169.28         4269.43  
    1.213       0          1047.87        2037.39         3294.78         4328.89  
    1.219       404.35          1677.19        2590.05         3740.03         4658.93  
    1.225       715.45          1764.48        2860.57         3952.25         4893.89  
    1.231       772.66          1761.90        2896.00         4039.20         4989.92  
    1.238       360.00          1487.69        2862.02         3801.32         4785.11  
    1.244       406.17          1451.90        2825.96         3809.62         4764.06  
    1.250       650.70          1603.04        2868.80         4094.90         5012.54  
    1.256       648.63          1699.83        2886.06         4084.92         5246.14  
    1.263       303.47          773.51        2120.37         3269.95         4655.23  
    1.269       206.99          962.53        2205.62         3394.50         4447.48  
    1.275       508.24          1633.98        2716.48         3902.23         4790.50  
    1.281       270.84          689.14        2020.86         3231.33         4264.80  
    1.288       285.72          851.92        2222.16         3398.60         4542.28  
    1.294       459.30          1553.14        2711.33         3939.32         5111.24  
    1.300       184.44          1445.69        2546.19         3920.60         5045.29  
    1.306       0          1195.97        2466.05         3853.59         4632.82  
    1.312       0          1087.88        2457.21         3704.06         4612.89  
    1.319       0          1079.96        2456.68         3547.50         4540.85  
    1.325       0          870.25        2330.71         3343.09         4290.89  
    1.331       0          820.14        2209.47         3349.27         4313.98  
    1.338       0          1120.02        2245.01         3457.89         4381.95  
    1.344       0          1273.59        2316.17         3389.81         4368.14  
    1.350       0          1273.39        2584.12         3220.58         4234.95  
    1.356       312.33          1528.45        2794.98         3639.03         4699.88  
    1.363       586.77          1881.38        2808.55         4103.73         5336.22  
    1.369       267.84          1470.23        2401.01         3641.05         4798.15  
    1.375       0          1120.01        1955.45         3003.09         4149.32  
    1.381       417.73          1464.47        2260.55         3259.29         4641.33  
    