0.025       404.95          2065.54        2625.01         3744.54         4755.06  
    0.031       402.87          2046.67        2631.26         3783.37         4749.27  
    0.038       387.40          2015.61        2670.62         3699.01         4814.98  
    0.044       380.53          2030.10        2741.34         3617.75         4946.27  
    0.050       384.91          2035.13        2768.94         3623.30         4941.12  
    0.056       382.74          2039.52        2767.05         3603.00         4724.47  
    0.062       384.59          2043.19        2758.96         3565.22         4750.37  
    0.069       384.99          2052.63        2772.24         3549.93         4874.73  
    0.075       384.32          2060.10        2800.18         3591.78         4982.09  
    0.081       381.94          2058.38        2811.72         3617.56         5043.00  
    0.088       374.42          2056.99        2809.60         3600.81         4982.20  
    0.094       351.67          2047.35        2830.47         3609.60         4916.82  
    0.100       330.82          2028.87        2857.36         3647.79         5138.86  
    0.106       330.38          2030.79        2828.58         3644.35         4749.52  
    0.113       329.62          2034.15        2838.73         3589.72         4762.15  
    0.119       329.20          2039.76        2839.36         3545.69         4846.71  
    0.125       326.88          2045.78        2830.05         3538.39         4846.08  
    0.131       318.28          2045.32        2831.63         3584.79         4867.85  
    0.138       318.06          2041.84        2835.01         3615.38         5137.96  
    0.144       310.89          2025.01        2823.07         3576.58         5202.19  
    0.150       316.15          2019.92        2811.73         3508.26         4821.10  
    0.156       315.45          2028.45        2841.77         3525.70         4827.57  
    0.163       316.82          2024.45        2815.33         3487.59         4844.17  
    0.169       317.43          2025.45        2790.44         3447.34         4711.33  
    0.175       317.81          2024.21        2772.60         3416.95         4636.68  
    0.181       319.58          2028.83        2772.83         3443.69         4757.99  
    0.188       314.53          2020.16        2792.93         3538.52         4779.74  
    0.194       305.79          2012.99        2796.05         3570.10         4853.85  
    0.200       308.52          2008.18        2791.29         3536.75         4839.16  
    0.206       321.46          2006.68        2799.22         3496.09         4689.79  
    0.213       331.93          2007.93        2793.85         3479.57         4594.54  
    0.219       334.93          2008.24        2792.00         3509.71         4618.28  
    0.225       335.91          2010.24        2797.12         3524.58         4755.50  
    0.231       341.35          2011.24        2786.73         3500.40         4788.77  
    0.238       346.31          2010.44        2756.16         3405.16         4782.73  
    0.244       347.65          2019.56        2741.14         3401.75         4881.00  
    0.250       352.62          2025.65        2751.69         3443.23         4859.08  
    0.256       360.29          2031.10        2744.80         3460.77         4824.63  
    0.263       364.76          2036.34        2732.28         3422.18         4783.82  
    0.269       362.87          2041.99        2724.31         3413.07         4683.49  
    0.275       363.85          2045.76        2714.27         3429.74         4643.51  
    0.281       363.07          2053.20        2720.80         3459.58         4851.50  
    0.288       358.41          2053.83        2728.84         3459.15         4891.43  
    0.294       357.57          2048.19        2730.11         3462.95         4743.69  
    0.300       353.46          2049.60        2742.65         3529.13         4910.01  
    0.306       347.47          2046.42        2745.31         3552.83         5091.94  
    0.312       345.58          2033.46        2732.69         3521.42         4915.35  
    0.319       351.31          2017.04        2722.04         3523.86         4953.42  
    0.325       357.84          2004.43        2698.50         3544.52         5020.92  
    0.331       360.82          2011.46        2701.02         3563.11         4970.07  
    0.338       365.82          2030.14        2703.58         3598.59         4948.01  
    0.344       367.63          2054.72        2681.69         3616.31         4788.80  
    0.350       369.42          2063.03        2660.50         3572.11         4804.72  
    0.356       374.48          2033.65        2631.90         3552.86         4758.48  
    0.363       379.41          2008.25        2642.96         3608.34         4748.27  
    0.369       385.17          2008.76        2654.67         3640.09         4730.53  
    0.375       396.21          2024.36        2623.83         3664.32         4675.21  
    0.381       396.02          2030.96        2605.04         3691.48         4674.70  
    0.388       372.52          2060.66        2603.62         3705.40         4647.93  
    0.394       344.93          2045.57        2632.77         3759.12         4669.92  
    0.400       319.68          2023.20        2633.01         3774.55         4782.98  
    0.406       291.85          2019.61        2587.70         3773.10         4821.07  
    0.413       265.68          2065.46        2578.97         3713.70         4861.72  
    0.419       250.63          2079.92        2557.59         3622.34         4872.40  
    0.425       236.52          2039.28        2556.91         3659.75         4912.91  
    0.431       231.13          2000.60        2608.87         3692.33         4920.02  
    0.438       228.18          2030.96        2607.87         3737.50         4918.51  
    0.444       227.33          2104.22        2661.85         3801.31         4917.75  
    0.450       241.42          2181.28        2581.77         3845.23         4959.02  
    0.456       259.50          1935.52        2588.91         3840.86         5013.96  
    0.463       262.70          1923.69        2622.80         3845.05         5234.96  
    0.469       303.92          1925.46        2627.20         3827.88         5468.29  
    0.475       364.83          1914.04        2578.20         3802.01         5047.33  
    0.481       361.39          1914.40        2549.33         3753.70         4981.19  
    0.488       319.07          1918.49        2572.90         3759.64         4966.51  
    0.494       337.05          1980.32        2617.11         3833.86         4971.93  
    