0.025       451.32          2480.48        2875.71         3629.89         4235.36  
    0.031       449.69          2504.22        2882.64         3584.75         4139.95  
    0.038       445.26          2492.89        2908.82         3141.51         4051.65  
    0.044       438.39          2482.92        2852.22         3544.49         4055.41  
    0.050       438.33          2465.82        2840.33         3935.04         4119.73  
    0.056       436.25          2446.31        2830.26         3489.95         4107.17  
    0.062       428.17          2451.47        2833.04         3678.85         4037.29  
    0.069       419.84          2471.74        2848.85         3558.75         4084.14  
    0.075       416.49          2511.22        2792.64         2917.38         4088.81  
    0.081       421.33          2472.91        2673.78         3041.01         4133.78  
    0.088       425.02          2448.86        2777.42         3166.33         4107.10  
    0.094       422.21          2464.20        2805.50         3199.59         4202.10  
    0.100       418.09          2480.88        2833.08         3262.10         4233.81  
    0.106       418.29          2460.94        2823.55         3271.87         4132.74  
    0.113       422.71          2447.26        2801.25         3246.54         4051.46  
    0.119       425.10          2434.52        2780.18         3218.38         4074.77  
    0.125       426.75          2440.74        2777.27         3234.80         4119.44  
    0.131       429.25          2432.18        2757.60         3207.80         4058.93  
    0.138       429.09          2424.72        2748.60         3193.75         4028.09  
    0.144       425.21          2434.03        2754.62         3196.82         4048.18  
    0.150       423.73          2469.72        2797.53         3251.64         4066.69  
    0.156       424.23          2469.46        2796.06         3265.13         3998.63  
    0.163       422.64          2443.75        2756.75         3229.55         3909.83  
    0.169       421.01          2436.66        2758.72         3261.41         3905.13  
    0.175       419.23          2429.98        2767.02         3315.60         4006.23  
    0.181       417.04          2421.72        2748.94         3333.53         4058.00  
    0.188       415.99          2420.96        2747.77         3349.48         4088.49  
    0.194       417.66          2407.53        2758.27         3356.33         4096.38  
    0.200       422.17          2407.93        2761.25         3387.70         4053.84  
    0.206       427.03          2419.99        2751.59         3459.58         4052.36  
    0.213       423.27          2424.16        2742.10         3489.95         4006.25  
    0.219       418.00          2399.06        2746.83         3537.92         4098.70  
    0.225       411.27          2414.10        2749.29         3593.07         4214.59  
    0.231       408.50          2397.27        2721.41         3745.17         4201.14  
    0.238       400.53          2424.61        2780.66         3834.07         4135.80  
    0.244       419.82          2500.37        2787.55         3807.67         4123.43  
    0.250       420.93          2495.37        2755.78         3850.38         4323.11  
    0.256       428.13          2543.34        2560.53         3815.48         4466.21  
    0.263       420.96          2498.78        2717.12         3835.26         4347.41  
    0.269       445.12          2565.46        2633.26         3893.30         4213.98  
    0.275       440.19          2558.20        2579.92         3884.24         4034.60  
    0.281       4.69          442.84        2590.91         3269.93         4118.47  
    0.288       0          410.87        2563.26         3113.24         4182.05  
    0.294       0          409.74        2524.64         3116.10         4091.44  
    0.300       0          405.49        2573.65         2980.12         4069.41  
    0.306       0          411.62        2527.37         3135.42         4145.65  
    0.312       0          411.53        2565.84         2880.34         4094.22  
    0.319       0          397.54        2664.21         2694.65         4039.24  
    0.325       335.91          2557.07        2672.15         3995.85         5484.43  
    0.331       248.20          2449.75        2581.74         3942.53         5097.61  
    