0.025       0          713.37        2006.31         2903.34         3964.58  
    0.031       0          787.56        2310.60         2350.36         3977.92  
    0.038       0          621.49        1618.12         2572.78         4197.94  
    0.044       0          9.12        23.70         2220.84         2792.55  
    0.050       427.98          2149.91        2723.11         3971.33         5153.25  
    0.056       399.05          2146.66        2727.81         3824.72         5202.58  
    0.062       397.23          2114.54        2656.55         3672.21         5223.35  
    0.069       399.30          2138.23        2660.83         3697.37         5217.54  
    0.075       386.05          2119.12        2622.62         3685.11         5220.35  
    0.081       374.64          2116.94        2627.33         3669.54         5173.28  
    0.088       366.85          2125.58        2704.67         3701.64         5260.71  
    0.094       373.38          2132.61        2716.71         3767.09         5322.86  
    0.100       378.82          2134.94        2704.27         3740.45         5497.40  
    0.106       378.48          2132.01        2712.77         3764.11         5500.00  
    0.113       378.06          2156.34        2741.05         3742.42         5250.77  
    0.119       382.70          2153.22        2749.11         3750.74         5103.91  
    0.125       387.46          2169.29        2741.16         3771.04         5121.55  
    0.131       395.85          2192.67        2755.82         3811.02         5200.01  
    0.138       405.79          2178.85        2793.97         3790.51         5183.60  
    0.144       409.79          2166.70        2755.50         3758.05         5198.12  
    0.150       407.95          2170.73        2782.09         3831.80         5072.09  
    0.156       400.97          2172.52        2764.77         3834.50         5055.99  
    0.163       396.32          2162.71        2714.52         3747.78         5114.32  
    0.169       393.49          2155.64        2722.35         3731.90         5038.28  
    0.175       390.30          2150.87        2730.38         3751.48         5044.66  
    0.181       389.99          2144.95        2706.81         3719.52         5103.01  
    0.188       388.08          2137.08        2682.76         3695.41         5096.72  
    0.194       381.98          2141.08        2659.24         3702.24         5029.27  
    0.200       375.57          2154.42        2637.65         3696.64         4969.06  
    0.206       371.69          2184.36        2633.70         3712.68         4954.04  
    0.213       378.61          2180.21        2659.67         3669.69         4946.03  
    0.219       381.62          2172.56        2620.90         3631.19         4961.92  
    0.225       381.54          2166.93        2624.45         3632.85         4968.55  
    0.231       381.65          2156.76        2626.09         3641.33         5006.28  
    0.238       381.38          2154.19        2606.51         3667.01         5016.48  
    0.244       381.69          2161.39        2611.56         3672.98         4996.72  
    0.250       383.80          2164.16        2610.90         3657.15         4970.56  
    0.256       388.30          2167.07        2595.25         3668.89         4969.08  
    0.263       391.45          2175.22        2622.47         3656.79         4972.41  
    0.269       392.54          2173.95        2644.87         3609.12         4946.59  
    0.275       394.34          2176.19        2638.27         3579.42         4944.43  
    0.281       395.82          2173.44        2621.56         3616.27         4957.21  
    0.288       394.94          2173.82        2598.60         3641.30         4920.97  
    0.294       393.73          2172.47        2593.36         3651.08         4937.46  
    0.300       394.11          2173.44        2604.63         3621.99         4928.97  
    0.306       392.77          2170.10        2615.11         3608.50         4903.09  
    0.312       393.86          2164.72        2609.76         3667.64         4908.47  
    0.319       396.73          2154.05        2619.96         3670.41         4935.85  
    0.325       396.38          2147.46        2619.59         3652.99         4983.66  
    0.331       397.50          2142.26        2617.80         3652.68         4965.10  
    0.338       399.55          2144.15        2623.21         3614.68         4877.99  
    0.344       399.16          2147.89        2629.85         3619.83         4887.29  
    0.350       399.16          2152.17        2622.85         3652.32         4900.21  
    0.356       398.34          2154.02        2607.50         3641.71         4918.84  
    0.363       396.89          2153.86        2601.40         3627.49         4967.44  
    0.369       394.81          2158.12        2622.02         3630.85         4937.94  
    0.375       395.27          2156.60        2628.65         3675.17         4901.65  
    0.381       395.90          2152.20        2634.55         3662.77         4877.86  
    0.388       398.87          2158.01        2615.96         3663.36         4883.99  
    0.394       400.23          2160.86        2590.53         3631.77         4875.98  
    0.400       400.57          2161.68        2577.08         3594.19         4869.61  
    0.406       404.28          2173.43        2585.35         3604.90         4918.90  
    0.413       408.15          2181.76        2590.38         3624.72         4916.30  
    0.419       414.01          2182.54        2587.04         3652.57         4918.34  
    0.425       421.58          2185.37        2574.82         3688.03         4886.12  
    0.431       427.31          2172.82        2565.58         3735.16         4881.49  
    0.438       432.48          2162.49        2576.93         3716.94         4889.28  
    0.444       433.33          2151.95        2607.06         3637.23         4829.31  
    0.450       426.79          2134.64        2600.75         3605.66         4858.58  
    0.456       412.06          2130.44        2575.74         3663.12         4955.38  
    0.463       388.53          2134.51        2552.96         3675.74         4959.58  
    0.469       386.75          2151.83        2540.94         3620.05         4952.90  
    0.475       393.55          2168.67        2575.14         3580.18         5024.33  
    0.481       394.33          2199.33        2658.24         3561.97         5062.54  
    0.488       386.31          2253.76        2475.30         3557.64         5051.92  
    0.494       360.89          2295.45        2532.65         3473.39         5077.07  
    0.500       337.60          2190.30        2355.77         2644.78         5073.32  
    0.506       334.05          1045.34        2305.35         2897.96         5058.59  
    0.513       284.79          2081.03        2373.89         2903.00         5085.84  
    0.519       277.45          2040.93        2517.35         3254.55         5147.00  
    0.525       336.78          2025.13        2418.65         3506.32         5159.99  
    0.531       369.28          2125.75        2344.63         3600.28         5166.40  
    0.537       378.71          2158.08        2253.13         3526.88         5177.70  
    0.544       374.23          2167.24        2186.83         3558.53         5059.95  
    0.550       355.41          2007.29        2422.23         3592.73         4897.58  
    0.556       349.50          1643.28        2452.74         3595.07         4963.58  
    0.562       299.65          1674.60        2504.56         3531.86         4913.72  
    0.569       325.98          1746.12        2450.44         3522.23         4883.79  
    