0.025       0          962.18        2207.65         3224.61         4211.96  
    0.031       0          972.75        2823.71         3121.65         4286.36  
    0.038       0          575.00        2794.29         3632.22         4319.44  
    0.044       0          392.26        2680.30         3878.71         4320.57  
    0.050       352.73          2491.95        2978.84         3910.67         4297.67  
    0.056       15.62          462.45        2532.13         3954.17         4307.63  
    0.062       351.30          2162.79        2522.00         4025.70         4379.50  
    0.069       362.13          2515.09        2643.69         4025.32         4442.53  
    0.075       364.57          2501.68        2766.24         4052.36         4443.90  
    0.081       362.63          2480.63        2755.84         4014.99         4471.42  
    0.088       364.91          2468.24        2769.90         3958.71         4397.47  
    0.094       366.44          2459.38        2746.27         3971.06         4373.23  
    0.100       368.96          2356.29        2758.31         3906.18         4296.37  
    0.106       370.43          2347.55        2788.91         3898.21         4257.09  
    0.113       372.06          2363.62        2854.70         3910.68         4314.18  
    0.119       374.44          2354.45        2872.64         3912.02         4328.58  
    0.125       378.87          2348.94        2901.02         3883.15         4337.53  
    0.131       383.71          2354.75        3028.12         3911.36         4341.09  
    0.138       391.97          2355.92        3083.15         3954.11         4348.36  
    0.144       393.96          2358.45        3125.65         3987.56         4347.86  
    0.150       389.21          2355.13        3146.35         3991.32         4333.91  
    0.156       391.14          2362.75        3380.98         3989.04         4287.03  
    0.163       391.47          2370.42        3505.46         3944.75         4303.77  
    0.169       395.34          2371.95        3693.20         3924.98         4257.82  
    0.175       394.62          2376.76        3915.96         4108.27         4161.19  
    0.181       392.53          2375.04        3864.42         4134.11         4243.83  
    0.188       398.19          2376.64        3864.85         4015.36         4173.54  
    0.194       402.27          2375.60        3770.34         3947.67         4158.08  
    0.200       405.65          2378.68        3912.64         3938.88         4168.90  
    0.206       404.87          2382.79        3906.85         3980.30         4163.74  
    0.213       403.24          2382.34        3915.36         4136.83         4202.80  
    0.219       402.61          2384.91        3903.40         4075.26         5445.07  
    0.225       406.02          2388.68        3884.26         4107.53         5500.00  
    0.231       411.47          2389.36        3902.91         4157.22         4245.66  
    0.238       408.72          2393.37        3969.71         3997.81         4087.26  
    0.244       400.12          2402.29        3758.69         3960.24         4257.29  
    0.250       397.61          2410.78        3683.66         3890.52         4342.59  
    0.256       400.72          2417.54        3798.26         3901.01         4307.99  
    0.263       403.79          2423.86        3846.68         4143.28         4318.46  
    0.269       402.54          2448.44        3921.57         4040.02         4325.43  
    0.275       404.40          2529.78        3837.26         4021.12         4986.64  
    0.281       407.65          2508.97        3780.65         4081.60         4755.11  
    0.288       408.27          2499.88        3809.95         4106.59         5255.55  
    0.294       405.03          2489.73        3821.60         4087.06         4188.03  
    0.300       407.39          2491.28        3691.94         3970.01         4093.26  
    0.306       409.29          2473.86        3362.33         3951.33         4302.28  
    0.312       414.54          2427.34        3294.72         3915.67         4425.04  
    0.319       415.90          2406.74        3629.05         3938.48         4440.54  
    0.325       410.12          2396.77        3679.19         3948.55         4973.67  
    0.331       413.58          2401.63        3878.24         3954.85         4385.48  
    0.338       413.58          2407.73        3878.10         3921.00         4185.91  
    0.344       415.16          2440.77        3813.28         4110.66         4177.95  
    0.350       422.02          2482.02        3838.65         4047.96         4397.01  
    0.356       434.20          2491.53        3846.01         4082.18         4223.26  
    0.363       437.83          2475.31        3806.95         4077.44         4280.85  
    0.369       435.87          2403.78        3793.71         3862.89         4528.87  
    0.375       437.12          2344.65        3780.97         3966.78         4489.10  
    0.381       438.29          2338.93        3716.82         3853.23         4316.60  
    0.388       439.06          2343.03        3631.55         3915.23         4429.86  
    0.394       440.01          2372.30        3817.75         3845.11         4573.56  
    0.400       442.59          2433.88        3768.06         4006.51         4568.74  
    0.406       448.07          2450.87        3727.18         4070.16         4626.56  
    0.413       460.17          2456.58        3681.09         4041.22         5212.23  
    0.419       475.37          2403.64        3686.14         4018.63         5488.89  
    0.425       483.78          2417.62        3662.73         4003.36         5500.00  
    0.431       20.53          579.86        2508.28         3684.25         4017.68  
    0.438       0          518.80        2466.07         3616.11         3995.17  
    0.444       0          551.30        2446.87         3544.84         3986.42  
    0.450       0          562.44        2428.89         3527.81         3906.98  
    0.456       0          553.23        2407.21         3697.89         3859.40  
    0.463       0          533.11        2444.44         3709.90         4009.39  
    0.469       0          506.71        2450.07         3528.34         4024.65  
    0.475       0          502.61        2368.79         3523.26         4014.89  
    0.481       0          569.17        2270.22         3655.97         3999.28  
    0.488       0          590.99        2305.94         3608.88         3946.42  
    0.494       0          657.74        2159.73         3684.27         3932.36  
    0.500       0          28.01        879.48         2332.49         3820.21  
    0.506       121.10          858.66        2226.12         3690.68         4867.83  
    