0.025       0          865.38        1809.82         2920.33         4208.62  
    0.031       0          472.98        1949.43         2875.05         4034.59  
    0.038       0          601.69        1708.90         2792.74         3928.43  
    0.044       327.75          1943.79        2802.03         3688.22         5100.15  
    0.050       3.99          374.06        2807.50         3323.14         4484.30  
    0.056       361.54          2774.75        3877.33         4010.47         5487.70  
    0.062       4.40          407.21        2766.22         3900.58         4909.67  
    0.069       0          368.74        2754.89         3916.00         4721.87  
    0.075       0          367.06        2750.57         3957.98         4766.27  
    0.081       0          367.66        2705.05         3897.19         4964.42  
    0.088       0          350.39        2609.30         3915.97         4873.88  
    0.094       342.73          2595.35        2634.63         3978.16         4850.02  
    0.100       4.17          372.20        2625.79         3866.69         4029.43  
    0.106       336.22          2596.31        3041.90         3883.37         5010.74  
    0.113       337.86          2627.99        2840.13         3897.10         5006.19  
    0.119       336.63          2591.88        3007.89         3928.25         4854.54  
    0.125       4.05          366.13        2554.09         3717.99         3973.15  
    0.131       0          336.74        2497.33         3717.51         3989.02  
    0.138       331.20          2487.96        3815.12         3945.75         5481.84  
    0.144       335.26          2552.76        3822.94         3866.47         5500.00  
    0.150       338.29          2560.73        3318.80         3815.25         4679.88  
    0.156       338.84          2523.86        3145.79         3823.42         4755.74  
    0.163       336.98          2496.95        3489.61         3874.24         4668.31  
    0.169       335.68          2454.87        3172.83         3911.09         4667.54  
    0.175       335.54          2427.84        3148.12         3926.24         4731.82  
    0.181       334.98          2422.47        3042.68         3944.84         4819.36  
    0.188       336.06          2410.72        2904.54         3941.77         4816.21  
    0.194       334.78          2408.21        2931.91         3922.51         4788.25  
    0.200       332.51          2425.27        3033.81         3870.75         4885.65  
    0.206       333.74          2485.64        2992.71         3838.47         4910.08  
    0.213       335.65          2506.92        2840.60         3820.76         4862.97  
    0.219       335.10          2518.41        3042.15         3854.13         4908.79  
    0.225       334.18          2531.97        2893.53         3890.72         4922.27  
    0.231       339.46          2568.90        2764.99         3953.17         4822.55  
    0.238       343.88          2553.06        2856.26         3954.45         4837.49  
    0.244       340.00          2545.50        2818.96         3901.03         4889.46  
    0.250       335.58          2539.04        2796.91         3966.19         4991.50  
    0.256       337.50          2523.04        3013.25         3948.27         5065.91  
    0.263       340.04          2520.10        3004.82         3967.51         4922.06  
    0.269       338.70          2521.91        2790.96         3925.21         4807.26  
    0.275       342.43          2546.43        2576.86         3841.39         4802.00  
    0.281       343.45          2539.89        2591.90         3836.16         4787.65  
    0.288       343.39          2575.43        2619.16         3831.52         4863.43  
    0.294       342.32          2539.30        2627.00         3864.60         4986.53  
    0.300       342.10          2448.32        2670.62         3880.34         5000.34  
    0.306       339.62          2621.06        2697.29         3847.03         4975.06  
    0.312       335.61          2668.22        2815.73         3882.74         4975.19  
    0.319       334.71          2578.49        3061.86         3935.65         4901.07  
    0.325       334.13          2567.93        2849.22         3985.08         4782.64  
    0.331       336.57          2615.77        2927.64         3983.10         4785.08  
    0.338       340.63          2638.26        2904.61         3963.06         4796.60  
    0.344       343.55          2610.27        2796.36         3950.72         4801.28  
    0.350       345.08          2622.15        2722.38         3932.80         4888.55  
    0.356       348.34          2528.71        2620.12         3944.21         4894.90  
    0.363       349.01          2335.75        2715.49         4012.78         4968.29  
    0.369       346.92          2400.29        2855.67         4023.40         5096.29  
    0.375       346.71          2526.33        3011.60         3955.21         4863.99  
    0.381       344.78          2526.36        2831.90         3985.17         5067.87  
    0.388       347.14          2532.19        2896.40         3923.95         4991.35  
    0.394       350.76          2540.45        2717.81         3906.47         4784.07  
    0.400       371.14          2409.56        2571.70         3893.90         4820.76  
    0.406       411.91          2196.23        2655.24         3958.23         4900.83  
    0.413       430.13          2090.90        2691.60         3959.22         5005.46  
    0.419       439.09          2105.68        2703.26         3925.85         4965.07  
    0.425       444.12          1979.16        2725.79         3939.08         4988.89  
    0.431       458.68          1653.38        2730.86         3898.98         4988.81  
    0.438       5.51          485.01        2668.94         3881.09         4988.83  
    0.444       425.48          1729.20        2596.86         3909.05         4991.51  
    0.450       5.18          438.87        2485.96         3864.49         4993.20  
    0.456       0          427.57        2456.91         3805.49         4349.36  
    0.463       0          422.93        2552.10         3767.50         4133.20  
    0.469       0          447.15        2617.25         3900.04         4039.44  
    0.475       0          449.40        2588.99         3836.20         4887.05  
    0.481       0          429.13        2564.33         3911.49         3998.11  
    0.488       334.60          1169.77        2541.46         3946.45         5174.58  
    0.494       307.92          988.73        2618.30         3946.74         5220.42  
    0.500       287.07          1899.65        2562.00         3976.48         5496.64  
    0.506       294.64          2065.33        2756.74         3973.44         5500.00  
    0.513       296.29          2010.27        2728.87         4020.12         5500.00  
    0.519       314.07          1825.52        2714.61         4014.88         5500.00  
    0.525       366.97          1841.70        2689.85         3906.21         5137.04  
    0.531       411.26          1980.74        2462.71         3887.39         5092.27  
    0.537       470.17          2090.10        2366.73         3949.37         5340.03  
    0.544       5.66          694.60        2265.17         3321.67         4257.46  
    