0.025       592.77          2114.81        2897.47         4042.76         5500.00  
    0.031       466.01          2176.85        2889.63         3940.21         5500.00  
    0.038       412.12          2127.29        2883.78         3786.31         5497.60  
    0.044       398.70          2119.81        2863.85         3738.65         4617.44  
    0.050       401.51          2156.76        2866.98         3752.36         4873.02  
    0.056       407.73          2168.45        2876.16         3765.86         5185.47  
    0.062       400.43          2143.49        2865.22         3779.82         5305.06  
    0.069       402.87          2117.26        2867.76         3815.73         5364.88  
    0.075       410.70          2087.79        2890.72         3824.61         5367.21  
    0.081       413.58          2097.43        2889.44         3871.23         4976.24  
    0.088       408.19          2127.62        2926.91         3839.53         4896.39  
    0.094       409.47          2141.80        2878.82         3772.00         4864.39  
    0.100       408.37          2130.88        2776.42         3854.60         4654.52  
    0.106       407.45          2109.70        2799.63         3890.13         4828.51  
    0.113       408.70          2066.85        2824.48         3840.94         5014.50  
    0.119       419.01          2021.94        2862.56         3864.27         4918.57  
    0.125       423.44          1993.44        2869.16         3858.81         4935.75  
    0.131       422.07          2001.42        2858.78         3822.31         4912.31  
    0.138       424.45          2046.29        2878.21         3799.24         4841.35  
    0.144       428.58          2084.58        2872.63         3863.31         4847.35  
    0.150       420.99          2113.68        2883.69         3905.97         4836.05  
    0.156       424.15          2108.43        2881.50         3923.82         4817.63  
    0.163       429.82          1987.82        2862.36         3812.05         4946.30  
    0.169       432.67          1965.95        2852.29         3790.46         4975.10  
    0.175       428.03          1971.06        2862.39         3789.61         4871.94  
    0.181       423.83          2001.86        2847.01         3862.16         4680.31  
    0.188       427.84          2039.04        2875.06         3859.79         4574.52  
    0.194       427.10          1993.04        2853.28         3834.64         4534.40  
    0.200       429.67          2007.69        2818.87         3812.72         4600.03  
    0.206       438.12          2074.60        2855.52         3835.77         4732.30  
    0.213       445.70          2055.43        2803.41         3834.20         4703.62  
    0.219       446.25          2054.86        2803.07         3811.94         4713.71  
    0.225       451.41          2065.28        2818.65         3783.57         4604.88  
    0.231       454.67          2037.80        2813.50         3784.40         4649.80  
    0.238       443.72          2005.33        2798.75         3806.36         4667.01  
    0.244       436.66          1954.93        2769.91         3821.02         4601.72  
    0.250       434.12          1945.84        2781.21         3816.87         4465.84  
    0.256       426.76          1990.07        2794.85         3786.00         4433.96  
    0.263       422.72          2088.81        2774.21         3780.55         4341.29  
    0.269       419.78          2115.88        2774.79         3796.64         4153.62  
    0.275       415.51          2098.87        2787.55         3786.54         4139.88  
    0.281       406.95          2185.64        2785.90         3810.39         4189.50  
    0.288       410.13          2093.36        2803.12         3771.15         4276.87  
    0.294       411.53          2106.38        2806.33         3767.02         4247.25  
    0.300       412.67          2103.63        2811.21         3769.76         4349.65  
    0.306       410.90          2030.72        2782.32         3764.08         4473.26  
    0.312       409.06          2092.34        2814.47         3753.18         4369.93  
    0.319       407.54          2093.88        2826.91         3745.43         4355.96  
    0.325       347.90          2049.27        2785.79         3759.37         4484.07  
    0.331       319.49          2038.43        2784.67         3761.40         4583.30  
    0.338       304.79          1937.17        2715.26         3753.80         4701.59  
    0.344       246.34          1867.77        2779.85         3951.01         4731.67  
    0.350       203.25          1815.87        2810.25         3819.34         4861.68  
    0.356       162.59          1766.71        2793.18         3746.95         4936.92  
    0.363       225.84          1710.19        2718.78         3727.74         5200.36  
    0.369       257.63          1656.95        2783.36         3670.92         5500.00  
    0.375       269.32          1651.15        2801.48         3826.59         5500.00  
    