0.025       0          675.79        1865.03         3278.36         4415.13  
    0.031       238.90          1736.13        2414.98         3609.10         4882.27  
    0.038       315.75          2120.15        2604.90         3621.13         4664.72  
    0.044       320.36          2108.17        2600.12         3606.26         4485.77  
    0.050       331.98          2082.94        2598.76         3648.08         4454.98  
    0.056       333.76          2096.11        2567.76         3659.22         4462.11  
    0.062       329.74          2118.53        2479.11         3639.90         4423.67  
    0.069       330.14          2128.70        2488.19         3660.80         4466.24  
    0.075       340.09          2134.94        2585.83         3650.19         4582.40  
    0.081       353.37          2136.61        2628.19         3637.04         4547.83  
    0.088       359.06          2142.46        2657.79         3626.06         4640.51  
    0.094       360.00          2150.74        2667.99         3617.63         4806.58  
    0.100       362.17          2169.61        2652.26         3635.63         4656.55  
    0.106       363.06          2184.33        2635.74         3650.48         4473.00  
    0.113       367.12          2190.85        2627.51         3671.27         4479.37  
    0.119       369.25          2172.11        2617.03         3686.02         4520.70  
    0.125       369.68          2143.26        2624.63         3697.55         4646.58  
    0.131       369.32          2130.70        2636.36         3703.82         4808.47  
    0.138       369.52          2133.67        2609.16         3721.76         4822.20  
    0.144       370.98          2162.24        2607.58         3715.38         4673.70  
    0.150       370.93          2192.27        2624.43         3689.41         4564.71  
    0.156       371.56          2210.90        2644.49         3691.68         4749.05  
    0.163       372.98          2211.98        2662.33         3707.20         4870.13  
    0.169       375.49          2189.16        2672.71         3768.17         4790.41  
    0.175       377.27          2185.41        2687.71         3876.43         4803.79  
    0.181       377.63          2197.71        2690.98         3846.56         4979.01  
    0.188       377.48          2200.55        2683.77         3845.12         4766.91  
    0.194       377.17          2183.44        2653.18         3767.75         4413.81  
    0.200       376.47          2166.05        2636.78         3725.20         4397.89  
    0.206       375.47          2169.13        2654.40         3812.34         4502.24  
    0.213       373.48          2171.35        2671.59         3845.88         4581.45  
    0.219       369.97          2173.29        2678.91         3806.47         4604.97  
    0.225       368.43          2165.49        2666.51         3769.38         4512.47  
    0.231       367.77          2152.66        2638.58         3762.38         4586.52  
    0.238       368.67          2143.62        2648.01         3743.70         5266.55  
    0.244       372.95          2129.84        2678.03         3726.09         5181.71  
    0.250       372.91          2117.76        2688.18         3702.92         5383.99  
    0.256       369.05          2108.39        2675.86         3685.30         5201.06  
    0.263       365.49          2106.69        2667.19         3672.54         4968.76  
    0.269       363.08          2141.18        2665.73         3691.33         5056.10  
    0.275       357.67          2176.42        2678.97         3705.76         4912.66  
    0.281       352.42          2182.54        2689.12         3736.57         4736.66  
    0.288       351.96          2173.80        2680.49         3724.48         4596.82  
    0.294       353.86          2169.04        2683.59         3777.17         4754.48  
    0.300       349.19          2167.10        2692.58         3784.48         4888.05  
    0.306       343.03          2157.39        2693.21         3739.72         4678.93  
    0.312       338.92          2143.31        2694.30         3718.81         4626.69  
    0.319       333.61          2123.16        2686.56         3702.52         4586.49  
    0.325       332.89          2115.52        2682.04         3714.03         4632.14  
    0.331       332.35          2122.68        2680.11         3748.96         4671.49  
    0.338       325.10          2138.59        2663.03         3756.30         4563.14  
    0.344       318.45          2132.30        2617.87         3634.65         4474.47  
    0.350       318.84          2115.56        2613.39         3579.48         4485.69  
    0.356       321.94          2110.09        2612.92         3613.75         4470.95  
    0.363       325.41          2104.68        2613.65         3689.79         4414.81  
    0.369       330.55          2113.60        2657.08         3786.17         4540.28  
    0.375       337.31          2134.77        2675.75         3771.76         4578.31  
    0.381       321.60          2166.91        2593.42         3661.15         4484.10  
    0.388       288.18          2240.42        2480.09         3596.88         4452.18  
    0.394       74.35          788.61        2344.07         3338.56         4352.69  
    0.400       145.10          1747.50        2496.88         3662.70         4739.82  
    0.406       191.95          2308.88        2577.91         3946.04         4877.05  
    0.413       188.56          2356.32        2597.90         3926.69         4798.38  
    0.419       184.42          2323.46        2649.81         3834.38         4650.61  
    0.425       183.04          2254.40        2690.58         4009.44         4668.86  
    0.431       193.87          2208.90        2650.94         4030.55         4794.59  
    0.438       218.13          2201.40        2653.34         4097.17         4962.85  
    