0.025       549.91          2088.14        2701.34         4058.60         5500.00  
    0.031       545.93          2103.70        2729.26         3699.48         4786.81  
    0.038       535.11          2101.45        2695.38         3286.97         4515.71  
    0.044       530.38          2085.98        2649.21         3170.27         4458.34  
    0.050       528.34          2136.06        2701.93         3220.56         4221.53  
    0.056       522.57          2156.95        2742.36         3306.68         4322.04  
    0.062       517.24          2143.07        2733.84         3336.46         4437.84  
    0.069       513.30          2117.48        2698.86         3320.32         4527.28  
    0.075       508.66          2120.68        2693.14         3327.25         4583.86  
    0.081       503.97          2121.79        2727.12         3359.16         4624.75  
    0.088       499.42          2115.12        2732.12         3381.95         4571.47  
    0.094       496.38          2118.60        2686.18         3387.83         4507.72  
    0.100       496.27          2127.93        2675.33         3487.28         4479.86  
    0.106       500.24          2133.86        2689.98         3373.81         4551.63  
    0.113       509.29          2143.34        2695.60         3350.98         4620.36  
    0.119       513.75          2153.50        2691.68         3425.20         4599.71  
    0.125       518.90          2156.82        2686.59         3458.86         4547.84  
    0.131       518.78          2162.49        2689.64         3435.02         4428.14  
    0.138       513.84          2164.89        2684.47         3408.42         4428.39  
    0.144       514.75          2161.83        2675.40         3404.86         4532.25  
    0.150       514.21          2156.85        2658.17         3387.07         4587.85  
    0.156       513.33          2160.03        2657.53         3373.46         4569.03  
    0.163       510.29          2160.65        2661.65         3358.33         4544.36  
    0.169       509.67          2160.65        2662.10         3338.29         4522.96  
    0.175       509.95          2161.61        2662.10         3339.32         4517.06  
    0.181       513.04          2154.43        2650.59         3339.80         4524.56  
    0.188       515.08          2147.58        2652.36         3343.36         4493.58  
    0.194       516.63          2150.94        2655.25         3339.50         4487.16  
    0.200       511.45          2160.48        2662.12         3356.50         4490.97  
    0.206       504.35          2172.89        2657.88         3391.78         4526.46  
    0.213       499.52          2168.94        2645.14         3434.43         4522.30  
    0.219       494.38          2147.54        2656.77         3434.18         4511.39  
    0.225       490.45          2155.49        2658.16         3411.66         4523.52  
    0.231       483.15          2175.53        2632.91         3423.47         4502.65  
    0.238       479.86          2190.22        2648.94         3480.00         4492.79  
    0.244       479.21          2180.24        2657.88         3495.16         4457.22  
    0.250       476.45          2174.72        2641.71         3488.19         4319.74  
    0.256       478.90          2207.48        2645.79         3524.64         4170.42  
    0.263       478.27          2197.94        2654.56         3568.24         4108.00  
    0.269       470.77          2177.66        2638.91         3577.54         4126.90  
    0.275       460.62          2181.67        2642.39         3551.37         4045.97  
    0.281       454.34          2184.86        2634.74         3564.78         4003.26  
    0.288       448.81          2165.00        2602.63         3549.41         3998.30  
    0.294       441.31          2159.51        2568.08         3546.57         4051.75  
    0.300       431.66          2206.15        2506.16         3423.77         4080.05  
    0.306       430.07          2135.94        2469.93         3585.52         4076.05  
    0.312       416.83          2049.93        2534.49         3694.79         4224.14  
    0.319       418.92          2323.90        2538.18         3294.86         4335.64  
    0.325       92.41          867.63        2499.87         2770.03         4246.75  
    0.331       310.92          2003.12        2500.45         2861.52         4478.11  
    0.338       329.82          2273.79        2638.10         3423.79         4544.93  
    0.344       268.08          2146.25        2621.07         3759.22         4510.47  
    0.350       322.24          2120.02        2390.41         3885.47         4362.63  
    0.356       74.89          788.73        2290.93         3320.91         4056.37  
    0.363       0          402.67        2243.86         3067.26         4029.07  
    0.369       0          367.52        2294.67         3023.68         4074.95  
    