0.025       388.80          2205.11        2658.87         3377.49         4485.42  
    0.031       389.09          2194.24        2666.84         3445.23         4304.63  
    0.038       395.09          2187.60        2709.38         3555.23         4201.76  
    0.044       397.02          2190.76        2689.69         3604.34         4594.42  
    0.050       402.91          2203.07        2628.93         3599.62         4779.62  
    0.056       403.15          2223.91        2632.17         3583.78         4799.18  
    0.062       400.71          2231.46        2655.83         3584.97         4670.49  
    0.069       402.63          2228.78        2664.89         3587.38         4373.67  
    0.075       406.67          2211.10        2662.33         3583.92         4272.59  
    0.081       405.65          2201.50        2667.93         3591.04         4404.00  
    0.088       408.62          2191.48        2664.55         3590.05         4530.98  
    0.094       419.06          2187.29        2672.66         3585.76         4767.40  
    0.100       431.91          2190.83        2731.13         3584.51         4973.65  
    0.106       439.58          2193.56        2748.34         3583.72         5056.95  
    0.113       441.10          2193.49        2706.53         3587.66         5018.24  
    0.119       440.32          2190.59        2677.16         3587.46         4974.92  
    0.125       441.50          2190.49        2682.60         3586.20         5005.00  
    0.131       444.24          2192.17        2711.05         3587.30         5118.24  
    0.138       447.52          2190.58        2716.25         3578.94         5147.40  
    0.144       449.83          2187.60        2704.67         3566.62         5084.42  
    0.150       450.32          2190.53        2705.98         3556.28         5052.26  
    0.156       448.82          2193.27        2651.72         3555.82         5043.39  
    0.163       447.37          2187.93        2644.39         3548.22         5060.26  
    0.169       445.92          2188.68        2651.17         3541.38         5033.37  
    0.175       445.24          2204.07        2658.56         3549.13         5064.65  
    0.181       444.16          2217.92        2681.33         3549.90         5045.05  
    0.188       443.40          2211.82        2667.78         3549.99         5014.26  
    0.194       443.26          2203.31        2668.73         3537.15         5053.54  
    0.200       442.68          2196.92        2686.38         3513.15         5100.31  
    0.206       442.51          2201.35        2691.54         3502.33         5081.39  
    0.213       442.69          2219.26        2663.09         3503.09         5063.74  
    0.219       442.72          2217.22        2632.96         3517.99         5055.65  
    0.225       442.14          2207.85        2615.38         3525.07         5042.87  
    0.231       443.13          2210.96        2601.82         3523.10         5047.86  
    0.238       446.05          2201.76        2616.38         3522.74         5085.06  
    0.244       449.40          2185.66        2661.86         3527.27         5103.69  
    0.250       449.63          2178.74        2688.28         3531.68         5085.14  
    0.256       446.97          2171.08        2689.44         3526.47         5058.09  
    0.263       446.31          2168.89        2688.46         3512.42         5089.16  
    0.269       447.86          2180.13        2677.06         3520.93         5082.53  
    0.275       449.53          2189.06        2665.13         3544.35         5000.72  
    0.281       449.24          2192.08        2645.86         3543.53         4941.51  
    0.288       451.49          2185.40        2636.50         3539.54         5027.44  
    0.294       451.66          2198.49        2626.60         3559.88         5007.86  
    0.300       450.12          2220.38        2601.13         3580.40         4931.61  
    0.306       449.11          2217.26        2598.51         3580.34         4932.90  
    0.312       449.75          2204.55        2620.87         3533.36         4980.26  
    0.319       451.89          2206.99        2627.06         3510.60         5030.62  
    0.325       453.96          2220.15        2615.79         3524.21         5006.93  
    0.331       454.05          2220.09        2646.72         3525.55         4942.16  
    0.338       453.10          2214.86        2650.04         3548.83         4900.99  
    0.344       452.33          2219.02        2612.05         3607.31         4829.01  
    0.350       451.79          2228.31        2583.31         3619.39         4728.40  
    0.356       452.13          2229.51        2565.57         3585.66         4679.67  
    0.363       452.47          2229.16        2567.70         3554.81         4669.28  
    0.369       452.29          2225.73        2580.34         3530.64         4686.05  
    0.375       451.68          2226.48        2603.91         3493.87         4758.14  
    0.381       451.40          2222.64        2595.16         3485.99         4760.46  
    0.388       452.31          2214.01        2591.33         3465.76         4858.12  
    0.394       452.69          2206.19        2561.93         3457.20         4795.78  
    0.400       453.29          2203.80        2539.71         3447.50         4741.97  
    0.406       453.41          2200.13        2519.28         3437.69         4782.98  
    0.413       454.33          2198.08        2497.82         3421.90         4845.73  
    0.419       454.32          2190.17        2505.67         3421.19         4890.88  
    0.425       453.64          2176.15        2550.48         3465.29         4916.49  
    0.431       454.43          2168.20        2577.17         3477.35         4935.62  
    0.438       456.28          2170.14        2576.80         3482.57         5304.44  
    0.444       455.64          2178.52        2577.16         3479.22         5500.00  
    0.450       159.37          1061.79        2319.06         2872.52         4198.21  
    0.456       0          461.25        2186.48         2543.12         3512.90  
    0.463       0          467.25        2180.50         2564.91         3504.99  
    0.469       0          475.74        2188.08         2680.83         3512.14  
    0.475       0          479.69        2241.99         2727.17         3500.19  
    0.481       0          469.26        2253.03         2657.56         3474.05  
    0.488       0          459.36        2225.43         2599.68         3530.73  
    0.494       0          455.06        2235.17         2609.74         3661.47  
    0.500       0          452.22        2256.46         2624.96         3688.05  
    0.506       0          454.47        2265.80         2694.23         3632.35  
    0.513       0          460.59        2235.66         2749.36         3616.62  
    0.519       0          459.78        2187.42         2714.67         3691.06  
    