0.025       0          567.45        1664.30         2604.01         4469.74  
    0.031       0          550.47        1655.96         2599.73         4282.93  
    0.038       0          536.13        1913.22         2732.25         3869.15  
    0.044       246.73          1374.26        2513.42         3292.26         4611.97  
    0.050       454.84          2140.92        2824.87         3745.48         4801.63  
    0.056       441.40          2137.83        2793.02         3770.48         4237.87  
    0.062       442.64          2145.19        2780.99         3789.32         4463.34  
    0.069       438.80          2147.57        2801.85         3793.56         4660.22  
    0.075       435.90          2137.00        2824.93         3782.23         4617.42  
    0.081       437.28          2122.44        2815.95         3809.96         4717.18  
    0.088       443.28          2119.14        2804.11         3779.33         5207.14  
    0.094       447.76          2128.30        2818.41         3738.41         5233.16  
    0.100       452.26          2128.22        2831.23         3731.41         4747.44  
    0.106       456.66          2121.81        2845.74         3847.97         4466.82  
    0.113       457.33          2124.24        2859.11         3925.59         4550.81  
    0.119       455.86          2126.42        2837.43         3866.48         4640.07  
    0.125       453.41          2121.49        2796.98         3775.68         4607.55  
    0.131       451.85          2125.40        2791.68         3697.82         4611.89  
    0.138       452.48          2139.61        2815.49         3656.09         4627.86  
    0.144       452.45          2150.77        2822.81         3640.41         4623.52  
    0.150       451.10          2147.73        2816.26         3693.32         4580.84  
    0.156       450.84          2132.84        2810.39         3779.75         4713.89  
    0.163       453.90          2128.26        2813.02         3815.22         4850.73  
    0.169       458.72          2136.51        2835.31         3884.54         4786.03  
    0.175       463.30          2134.36        2847.39         4052.22         4612.29  
    0.181       467.66          2132.25        2853.58         4217.27         4546.77  
    0.188       467.65          2129.40        2839.29         4205.83         4765.30  
    0.194       467.90          2123.79        2821.20         4128.37         4712.00  
    0.200       468.61          2124.93        2804.99         3984.58         4551.40  
    0.206       467.68          2102.34        2759.84         3825.42         4607.15  
    0.213       467.16          2087.40        2756.34         3834.42         4632.11  
    0.219       466.41          2082.56        2780.59         3870.78         4662.28  
    0.225       467.11          2073.42        2791.48         3865.24         4762.51  
    0.231       466.92          2067.90        2795.89         3820.94         4852.99  
    0.238       464.99          2070.84        2797.04         3779.22         4773.41  
    0.244       463.96          2091.83        2786.28         3774.97         4653.00  
    0.250       466.06          2110.94        2781.37         3750.51         4589.49  
    0.256       465.64          2114.64        2793.02         3716.95         4536.04  
    0.263       461.16          2098.62        2780.56         3778.01         4487.99  
    0.269       460.50          2091.79        2749.80         3826.98         4551.10  
    0.275       463.23          2110.43        2741.50         3777.43         4614.61  
    0.281       462.82          2116.78        2743.58         3707.70         4569.43  
    0.288       461.57          2116.64        2749.14         3720.48         4569.70  
    0.294       461.85          2125.32        2761.60         3752.13         4622.84  
    0.300       463.48          2132.75        2762.08         3704.03         4595.27  
    0.306       464.15          2131.69        2755.49         3669.48         4505.93  
    0.312       464.30          2121.85        2759.20         3727.53         4468.37  
    0.319       467.08          2117.29        2765.01         3798.54         4566.30  
    0.325       469.45          2116.48        2762.49         3812.47         4604.93  
    0.331       467.72          2112.80        2752.45         3744.51         4491.09  
    0.338       463.43          2116.57        2750.57         3710.93         4455.67  
    0.344       460.56          2117.29        2752.96         3712.58         4564.61  
    0.350       462.66          2115.31        2753.07         3719.06         4639.22  
    0.356       463.78          2116.56        2748.01         3707.99         4547.09  
    0.363       461.25          2112.23        2734.75         3635.59         4509.25  
    0.369       461.04          2108.95        2728.42         3606.14         4592.33  
    0.375       462.44          2108.36        2725.60         3614.70         4625.21  
    0.381       464.43          2107.44        2721.75         3613.65         4560.71  
    0.388       466.05          2114.96        2723.51         3654.34         4470.19  
    0.394       470.90          2133.10        2734.95         3705.49         4643.66  
    0.400       474.51          2144.30        2746.41         3703.49         4790.05  
    0.406       471.06          2143.50        2741.96         3654.47         5013.96  
    0.413       463.38          2141.93        2728.03         3607.06         5200.32  
    0.419       455.43          2142.47        2726.40         3613.08         5331.08  
    0.425       448.50          2143.19        2731.29         3616.24         5500.00  
    0.431       213.21          1260.30        2424.01         3155.08         4522.42  
    0.438       0          444.90        2140.77         2751.70         3616.63  
    0.444       0          437.49        2141.00         2751.37         3625.51  
    0.450       222.27          1319.54        2434.77         3198.21         4608.41  
    0.456       204.47          1244.12        2407.95         3192.54         4523.06  
    0.463       0          426.98        2160.75         2847.86         3631.28  
    0.469       0          436.05        2247.90         2863.49         3633.67  
    0.475       0          448.50        2301.03         2806.46         3641.92  
    0.481       0          455.62        2277.63         2762.68         3681.16  
    0.488       0          457.10        2263.04         2776.47         3746.38  
    0.494       0          455.29        2269.51         2803.31         3789.97  
    0.500       0          448.56        2250.83         2805.36         3764.99  
    0.506       0          438.00        2241.16         2762.04         3741.19  
    0.513       0          428.06        2291.53         2753.00         3771.45  
    0.519       0          424.82        2340.45         2961.13         3846.06  
    0.525       0          354.73        2366.30         3054.02         3900.83  
    0.531       0          264.30        2415.46         2916.63         3923.40  
    0.537       0          268.18        2448.92         3236.69         3813.98  
    0.544       167.96          887.48        2431.30         3560.51         4285.41  
    0.550       262.64          1682.63        2398.88         3425.36         4793.97  
    0.556       99.47          915.69        1142.57         2956.33         3654.93  
    0.562       0          447.33        1168.12         2836.38         3619.16  
    0.569       0          822.09        2206.57         3119.95         4533.07  
    