0.025       348.87          2357.65        3782.69         4172.39         5500.00  
    0.031       369.38          2359.70        3812.64         4123.20         5500.00  
    0.038       383.36          2343.24        3769.37         4228.08         5500.00  
    0.044       391.60          2347.72        3776.98         4223.53         5500.00  
    0.050       388.15          2381.13        3788.64         4216.62         5500.00  
    0.056       383.08          2393.87        3794.80         4167.63         5500.00  
    0.062       381.11          2386.97        3860.24         4133.84         5161.80  
    0.069       383.81          2366.51        3820.81         4240.35         5434.45  
    0.075       386.59          2359.92        3797.27         4248.79         5145.11  
    0.081       390.33          2385.04        3823.21         4181.12         4762.82  
    0.088       393.46          2409.69        3841.21         4372.68         4476.83  
    0.094       393.85          2412.97        3878.50         4024.51         4614.71  
    0.100       388.91          2400.82        3758.22         3894.69         4715.17  
    0.106       389.15          2389.82        3863.74         3907.58         4707.29  
    0.113       378.15          2350.58        3895.58         3952.08         4658.43  
    0.119       384.08          2289.45        3665.09         3897.28         4708.45  
    0.125       392.78          2231.83        3475.40         3900.28         4658.17  
    0.131       401.39          2268.92        3340.75         3885.59         4644.10  
    0.138       413.99          2264.68        3265.33         3926.40         4687.54  
    0.144       421.59          2222.61        3280.02         3986.98         4679.33  
    0.150       424.32          2225.44        3482.58         3965.98         4653.70  
    0.156       424.34          2191.75        3446.68         3962.37         4699.98  
    0.163       422.81          2205.77        3416.09         3960.04         4765.32  
    0.169       424.19          2232.55        3617.42         3955.00         4793.60  
    0.175       431.81          2267.07        3846.16         4414.57         5385.86  
    0.181       440.32          2281.99        3900.20         4513.89         5500.00  
    0.188       439.15          2282.28        3887.13         4542.66         4765.01  
    0.194       436.10          2286.77        3888.83         4311.08         4533.15  
    0.200       429.15          2288.48        3718.53         3994.69         4612.49  
    0.206       421.46          2292.92        3537.52         3938.47         4691.05  
    0.213       423.41          2287.07        3576.40         3969.98         4662.03  
    0.219       421.59          2289.07        3485.99         4006.18         4682.38  
    0.225       416.71          2293.49        3592.17         3975.92         4687.86  
    0.231       414.19          2310.15        3683.37         3994.02         4660.20  
    0.238       411.31          2320.98        3821.39         3958.75         4635.04  
    0.244       409.54          2325.06        3714.62         3944.08         4651.69  
    0.250       406.37          2323.26        3450.24         3992.62         4687.29  
    0.256       404.66          2307.94        3429.20         3969.90         4697.22  
    0.263       404.69          2288.82        3562.58         3922.54         4656.34  
    0.269       403.22          2278.48        3657.24         3881.04         4619.54  
    0.275       401.06          2273.12        3731.46         3850.63         4546.94  
    0.281       399.30          2261.26        3559.05         3854.03         4546.64  
    0.288       400.69          2254.58        3773.15         3845.58         4480.31  
    0.294       399.35          2247.29        3830.99         3948.99         4396.08  
    0.300       395.73          2241.37        3797.82         3905.87         4421.47  
    0.306       393.15          2243.95        3703.21         3906.54         4499.31  
    0.312       390.87          2268.92        3687.68         3914.60         4535.30  
    0.319       388.87          2292.82        3688.01         3879.07         4522.12  
    0.325       386.92          2298.71        3686.65         3904.47         4469.19  
    0.331       383.62          2304.79        3694.46         3898.43         4464.38  
    0.338       383.42          2319.67        3712.81         3907.98         4502.37  
    0.344       383.37          2320.41        3632.66         3903.81         4491.22  
    0.350       382.26          2310.82        3514.93         3894.06         4456.10  
    0.356       381.08          2323.24        3504.58         3887.24         4413.50  
    0.363       376.31          2334.74        3593.16         3887.20         4402.80  
    0.369       370.06          2318.40        3630.10         3871.06         4400.63  
    0.375       367.06          2293.39        3602.60         3868.45         4409.46  
    0.381       371.03          2275.87        3577.75         3855.55         4390.51  
    0.388       375.07          2263.09        3643.38         3822.12         4397.51  
    0.394       372.26          2247.71        3798.38         4083.31         4315.22  
    0.400       373.29          2234.72        3799.59         4216.23         4390.17  
    0.406       375.76          2215.73        3824.69         4237.14         4297.86  
    0.413       373.99          2205.29        3835.28         4253.85         4311.73  
    0.419       373.35          2200.39        3833.69         4292.49         4769.41  
    0.425       374.08          2195.42        3865.87         4300.21         4776.81  
    0.431       371.88          2184.37        3905.99         4186.24         4730.41  
    0.438       367.84          2171.57        3847.85         4154.56         4829.80  
    0.444       368.68          2166.35        3862.70         4179.73         4984.22  
    0.450       373.16          2172.16        3836.03         4168.29         4643.99  
    0.456       381.57          2178.27        3845.74         4004.51         4515.65  
    0.463       388.81          2187.15        3971.12         4328.67         4495.99  
    0.469       394.11          2190.87        3900.14         4362.14         5336.72  
    0.475       397.85          2196.15        3895.35         4271.95         5109.51  
    0.481       399.61          2204.17        3839.54         4289.90         5204.65  
    0.488       395.91          2193.27        3824.32         4258.77         4962.63  
    0.494       379.64          2181.41        3811.76         4144.73         4901.17  
    0.500       358.77          2175.55        3833.50         4139.89         4592.43  
    0.506       351.08          2126.57        3840.34         4119.16         4469.64  
    0.513       349.68          2105.70        3891.43         4297.10         4719.77  
    0.519       56.75          619.20        2478.37         3965.60         4370.91  
    0.525       0          298.02        2264.12         3892.92         4266.69  
    