0.025       0          371.14        2452.53         3159.89         4674.32  
    0.031       313.72          2171.67        2718.65         3203.87         5399.27  
    0.038       43.59          608.45        2486.28         3266.87         5051.58  
    0.044       315.66          1150.64        2485.70         3274.77         5208.69  
    0.050       355.65          1285.83        2520.84         3288.14         5202.42  
    0.056       355.34          1411.71        2616.63         3438.48         5126.04  
    0.062       358.62          1418.95        2676.02         3815.55         5237.94  
    0.069       362.87          1412.92        2658.39         3923.76         5470.09  
    0.075       366.35          1413.59        2611.31         3853.96         5266.15  
    0.081       369.76          1415.45        2582.55         3834.84         5148.15  
    0.088       375.11          1427.32        2594.84         3789.82         5159.79  
    0.094       381.24          1454.61        2540.92         3848.96         5171.87  
    0.100       383.95          1467.38        2522.57         4024.62         4960.19  
    0.106       390.10          1548.07        2696.52         4791.86         5243.52  
    0.113       394.36          1516.78        2683.90         3860.33         4936.91  
    0.119       395.81          1468.72        2521.18         3863.57         4895.63  
    0.125       399.14          1483.83        2523.51         3888.99         4814.51  
    0.131       401.91          1495.24        2538.71         3895.74         4820.13  
    0.138       401.91          1481.20        2491.35         3898.64         4908.55  
    0.144       403.24          1502.60        2512.69         3935.06         4892.57  
    0.150       405.01          1495.80        2514.04         3928.29         4889.09  
    0.156       405.33          1524.84        2549.41         3883.83         4879.97  
    0.163       406.69          1557.04        2726.28         3789.48         4915.17  
    0.169       409.51          1570.24        2888.50         3730.59         4864.25  
    0.175       410.82          1553.89        2968.86         3746.34         4836.39  
    0.181       410.62          1530.73        2954.37         3851.97         4867.82  
    0.188       409.17          1522.41        2909.66         3851.79         4849.53  
    0.194       410.07          1549.79        2793.45         3758.23         4864.32  
    0.200       412.17          1569.98        2662.48         3705.67         4933.93  
    0.206       412.56          1524.89        2575.92         3802.33         5021.40  
    0.213       417.82          1605.94        2568.97         3748.71         5000.02  
    0.219       424.20          1321.26        2553.98         3633.59         4874.75  
    0.225       425.34          1068.83        2554.25         3603.26         4812.99  
    0.231       51.90          499.09        2525.66         3422.83         4853.06  
    0.238       0          428.52        2516.43         3291.41         4895.89  
    0.244       0          430.49        2529.49         3423.99         4869.33  
    0.250       0          432.54        2524.04         3301.70         4849.39  
    0.256       0          428.71        2560.83         3250.19         4937.20  
    0.263       0          429.76        2526.02         3214.67         4934.55  
    0.269       367.57          1814.68        2518.36         3513.25         4926.01  
    0.275       411.32          1894.56        2472.53         3744.83         4940.76  
    0.281       409.83          1921.80        2429.88         3655.08         4906.00  
    0.288       410.45          1931.65        2446.11         3712.53         4892.25  
    0.294       413.07          2119.97        2432.12         3708.46         4912.21  
    0.300       415.16          2368.16        2763.84         3727.58         4819.88  
    0.306       415.14          2385.94        2518.50         3981.21         5415.41  
    0.312       419.85          2370.39        2610.44         4190.09         5500.00  
    0.319       419.72          2360.67        2660.26         4026.52         5448.81  
    0.325       426.46          2330.16        2855.13         4238.60         5492.89  
    0.331       52.14          669.25        2372.68         3166.65         4311.37  
    0.338       392.53          2078.03        2912.16         3638.23         5334.84  
    0.344       54.54          681.43        2395.86         3255.03         3939.97  
    0.350       0          462.73        2317.05         3353.10         3746.04  
    0.356       413.89          1972.02        2324.00         3381.33         4839.91  
    0.363       477.39          2260.50        2329.12         3443.72         4936.88  
    0.369       476.85          2268.96        3257.56         3422.24         4953.38  
    0.375       58.15          696.05        2422.03         3280.89         4364.14  
    0.381       0          484.87        2290.72         3254.12         4285.46  
    0.388       0          491.01        2287.88         3280.43         4681.47  
    0.394       0          499.95        2294.87         3334.93         4323.12  
    0.400       0          519.51        2268.31         3042.27         4170.38  
    0.406       0          525.61        2233.67         2730.02         4164.00  
    0.413       456.99          2067.40        2315.51         3841.63         5337.13  
    0.419       518.87          2153.12        2273.89         3779.86         5309.86  
    0.425       522.02          2231.86        2265.03         3560.23         5183.26  
    0.431       526.06          1819.19        2418.48         3644.19         5052.78  
    0.438       539.16          1749.48        2512.13         3641.40         5082.47  
    0.444       65.99          697.78        2251.60         3232.25         4960.30  
    0.450       0          558.90        2259.29         3223.10         5048.95  
    0.456       0          570.10        2291.34         3135.79         4935.05  
    0.463       0          568.88        2311.20         3062.17         4345.92  
    0.469       0          564.94        2281.98         3133.29         4354.40  
    0.475       0          549.42        2262.44         3191.59         4304.82  
    0.481       0          526.71        2206.43         3007.55         4252.63  
    0.488       472.96          2042.60        2748.56         3974.85         5347.09  
    