0.025       0          1723.88        2210.74         2912.83         3998.47  
    0.031       0          1728.34        2311.25         2416.27         4015.69  
    0.038       0          1568.91        2050.31         2867.20         3989.23  
    0.044       0          636.71        1977.64         2791.59         4647.34  
    0.050       411.37          1938.24        2706.70         4394.21         4903.52  
    0.056       468.39          2182.61        2802.79         4572.06         4949.77  
    0.062       465.33          2168.87        2658.41         4529.64         4930.45  
    0.069       458.35          2147.62        2662.06         4536.27         5421.63  
    0.075       446.26          2159.39        2813.83         4561.26         5500.00  
    0.081       436.90          2153.99        2855.84         4504.88         5045.63  
    0.088       433.22          2146.13        2855.63         4422.85         5092.08  
    0.094       430.95          2143.77        2786.79         4388.22         4986.82  
    0.100       428.76          2137.17        2683.64         4379.85         4832.97  
    0.106       427.12          2134.97        2663.72         4392.03         4707.49  
    0.113       427.61          2143.89        2689.35         4393.02         4648.27  
    0.119       430.08          2149.42        2727.94         4400.91         4640.33  
    0.125       432.93          2159.39        2791.78         4415.02         4721.46  
    0.131       436.64          2168.54        2859.29         4394.34         4726.37  
    0.138       441.81          2180.45        2882.74         4369.80         4656.07  
    0.144       448.66          2192.68        2978.48         4443.18         4568.70  
    0.150       453.96          2204.57        2947.33         4387.49         4874.24  
    0.156       459.60          2204.45        2712.97         4344.40         4828.47  
    0.163       465.79          2069.80        2532.11         4345.95         4818.42  
    0.169       470.06          2108.17        2488.42         4362.65         4795.52  
    0.175       480.12          2160.90        2670.76         4368.51         5124.50  
    0.181       483.09          2190.01        2799.67         4392.16         5455.86  
    0.188       485.38          2187.49        2708.33         4520.96         5500.00  
    0.194       496.06          2159.13        2658.98         4603.62         4932.36  
    0.200       496.09          2170.79        2628.42         4507.32         5410.09  
    0.206       497.53          2174.13        2607.81         4497.71         5427.41  
    0.213       501.83          2170.01        2660.32         4586.10         5488.50  
    0.219       502.69          2150.76        2667.37         4624.00         5500.00  
    0.225       505.19          2143.10        2729.07         4610.21         4983.82  
    0.231       509.13          2126.17        2829.44         4414.75         5039.19  
    0.238       511.54          2099.34        2868.96         4334.86         4904.70  
    0.244       514.31          2079.32        2830.37         4238.56         4849.49  
    0.250       509.58          2049.95        2687.89         4124.44         4849.76  
    0.256       508.05          2051.96        2668.15         4133.41         4857.39  
    0.263       508.32          2050.84        2679.57         4139.87         4805.34  
    0.269       507.86          2046.58        2716.47         4180.43         4686.05  
    0.275       508.78          2041.83        2773.99         4136.87         4613.86  
    0.281       510.11          2047.81        2838.50         4021.44         4547.21  
    0.288       511.74          2060.21        2796.02         3999.01         4606.66  
    0.294       512.52          2054.67        2681.17         3996.54         4700.13  
    0.300       511.62          2044.90        2630.12         4019.19         4767.50  
    0.306       511.56          2054.39        2667.44         4058.38         4769.84  
    0.312       510.38          2062.05        2663.87         4090.17         4838.06  
    0.319       509.94          2078.90        2687.16         4095.49         5073.99  
    0.325       510.23          2085.83        2669.45         4124.40         4914.46  
    0.331       511.65          2085.66        2666.66         4135.17         4803.92  
    0.338       512.13          2084.45        2655.31         4202.13         4785.66  
    0.344       511.20          2080.99        2626.24         4326.09         4707.45  
    0.350       510.60          2062.99        2611.22         4310.83         4753.85  
    0.356       507.79          2066.21        2604.97         4284.88         4813.60  
    0.363       505.65          2091.15        2605.11         4280.81         4769.60  
    0.369       503.55          2106.01        2634.32         4326.35         4740.60  
    0.375       501.02          2120.99        2671.08         4324.71         4770.67  
    0.381       501.03          2118.53        2642.81         4330.83         4726.96  
    0.388       502.66          2151.72        2459.09         4278.57         4661.38  
    0.394       505.13          2183.70        2380.16         4225.16         4436.52  
    0.400       69.12          737.01        2187.59         3116.66         4346.18  
    0.406       428.01          1942.71        2661.91         4145.71         5341.02  
    0.413       480.29          2204.56        2497.66         4280.22         4888.22  
    0.419       464.29          2231.17        2513.64         4256.82         4700.47  
    0.425       461.06          2211.63        2624.55         4284.72         4763.56  
    0.431       454.85          2187.41        2619.31         4291.90         4759.21  
    0.438       443.68          2221.63        2595.02         4292.20         4800.37  
    0.444       439.53          2221.95        2682.98         4335.53         4855.11  
    0.450       440.54          2222.69        2723.47         4370.57         4804.08  
    0.456       446.49          2222.49        2737.04         4393.79         4790.11  
    0.463       434.77          2217.84        2838.03         4437.84         4982.93  
    0.469       435.94          2216.69        2819.13         4465.84         5433.49  
    0.475       446.12          2197.01        2800.09         4531.06         5500.00  
    0.481       446.53          2185.59        2741.34         4550.24         5070.15  
    0.488       429.99          2189.36        2759.67         4568.49         5431.91  
    0.494       412.54          2184.17        2857.35         4632.71         5500.00  
    0.500       399.87          2164.47        3023.89         4670.84         5500.00  
    0.506       412.77          2145.47        3064.79         4696.27         5500.00  
    0.513       421.75          2130.63        3125.96         4716.48         5101.37  
    0.519       409.33          2117.50        3090.43         4519.08         4760.61  
    0.525       403.19          2101.59        3081.90         4495.96         4740.77  
    0.531       409.21          2091.07        3099.83         4596.46         4745.69  
    0.537       417.29          2083.20        3106.64         4748.17         4844.45  
    0.544       425.43          2069.30        3164.70         4753.25         5135.60  
    0.550       426.76          2052.41        3128.04         4123.71         4799.30  
    0.556       58.36          640.21        2188.68         3173.29         4743.56  
    0.562       342.83          1812.41        2932.45         4501.89         5396.66  
    0.569       378.66          2064.41        3061.93         4721.25         5500.00  
    0.575       51.38          598.79        2205.20         3227.49         4821.24  
    0.581       0          363.98        2061.87         3055.58         4693.60  
    0.588       0          368.08        2050.04         3191.85         4681.42  
    0.594       322.07          1844.83        2970.69         4463.54         5387.88  
    0.600       369.88          2083.34        3148.26         3977.66         4763.36  
    0.606       377.08          2057.51        3201.83         4084.84         4621.22  
    0.613       373.45          2060.80        3214.83         3985.07         4616.44  
    0.619       50.96          602.13        2217.24         3384.66         4585.75  
    0.625       0          362.41        2083.74         3232.00         4584.82  
    0.631       300.70          1825.70        2788.57         3221.40         4534.30  
    0.638       356.64          2053.38        3202.36         3310.86         4557.95  
    0.644       366.10          2047.09        3288.84         3404.74         4562.72  
    0.650       378.78          2000.69        3051.81         3283.48         4540.18  
    0.656       384.88          2029.48        2842.03         3209.57         4479.39  
    0.663       377.90          1959.68        2641.60         3269.03         4481.94  
    0.669       357.65          1744.98        2774.23         3327.53         4663.81  
    0.675       352.56          1623.36        2940.69         3389.29         4786.97  
    0.681       374.24          1599.12        2918.49         3485.90         4936.07  
    0.688       366.58          1862.29        2883.06         3396.20         4926.44  
    0.694       334.46          1991.27        2884.77         3370.58         5057.39  
    0.700       332.57          2051.93        2850.10         3365.44         4962.85  
    0.706       309.76          2092.42        2858.55         3355.78         4959.97  
    0.713       330.11          2032.41        2888.43         3337.14         5226.91  
    0.719       348.01          1974.87        2890.04         3327.20         5468.39  
    0.725       354.44          1954.61        2884.09         3353.62         5500.00  
    0.731       337.30          1981.43        2812.56         3372.26         5313.13  
    0.738       337.25          1992.31        2762.10         3436.19         5470.40  
    0.744       337.78          2037.02        3005.79         3529.29         5500.00  
    0.750       388.77          1966.04        2960.98         3517.10         5500.00  
    0.756       378.84          2019.12        2890.68         3465.83         5500.00  
    