0.025       0          798.28        1582.73         2525.96         3384.92  
    0.031       0          765.92        1660.47         2663.26         3293.79  
    0.038       0          808.60        1412.55         2712.44         3201.06  
    0.044       0          934.96        1477.33         2785.59         3264.45  
    0.050       0          1042.20        1472.69         2766.67         3468.97  
    0.056       0          1051.67        1781.11         2792.40         3648.19  
    0.062       0          963.08        1708.67         2776.30         3818.79  
    0.069       0          886.20        1794.49         2894.75         4101.69  
    0.075       0          860.22        1851.71         2961.00         4336.59  
    0.081       0          815.30        1848.12         2996.30         4297.86  
    0.088       0          463.87        1736.81         2954.22         4272.00  
    0.094       0          329.72        2068.41         2895.13         4290.60  
    0.100       0          322.73        2757.79         2928.76         4290.26  
    0.106       0          298.56        2714.80         3014.33         4301.91  
    0.113       0          282.02        2715.64         2824.19         4331.50  
    0.119       0          302.65        2557.30         3120.53         4419.60  
    0.125       0          338.77        2461.86         3654.53         4445.19  
    0.131       301.64          2115.47        2998.45         4188.35         5002.44  
    0.138       348.05          2382.03        3003.67         4293.20         5021.39  
    0.144       337.69          2559.40        2862.73         4273.88         5340.00  
    0.150       332.02          2703.30        2797.97         4203.68         5323.18  
    0.156       329.81          2662.98        2780.92         4174.08         5277.78  
    0.163       47.60          664.41        2429.83         3877.08         4472.76  
    0.169       0          328.78        2378.44         3800.18         4348.03  
    0.175       0          327.34        2441.61         3746.06         4275.92  
    0.181       0          327.91        2421.18         3649.16         4203.90  
    0.188       0          329.29        2414.67         3526.38         4191.42  
    0.194       0          330.70        2445.99         3405.30         4176.14  
    0.200       0          329.68        2341.01         3509.29         4195.31  
    0.206       0          329.26        2305.01         3618.51         4200.53  
    0.213       0          329.95        2345.26         3640.65         4254.88  
    0.219       0          333.35        2327.70         3634.23         4316.92  
    0.225       284.09          2012.81        3470.52         4086.31         5330.40  
    0.231       332.96          2297.83        3641.25         4150.95         5500.00  
    0.238       48.12          619.06        2453.87         3676.42         4420.44  
    0.244       0          334.85        2236.49         3546.34         4233.32  
    0.250       0          334.53        2243.54         3520.25         4238.88  
    0.256       0          334.86        2277.68         3521.72         4236.24  
    0.263       0          334.46        2293.14         3563.95         4262.15  
    0.269       0          332.14        2298.27         3597.82         4327.82  
    0.275       0          332.45        2301.08         3688.72         4345.80  
    0.281       0          334.47        2293.17         3657.22         4332.89  
    0.288       284.95          1996.25        3294.72         4156.11         5331.07  
    0.294       329.39          2254.71        3293.37         4036.40         5500.00  
    0.300       47.49          607.47        2387.35         3743.54         4429.59  
    0.306       0          331.56        2229.65         3724.96         4272.30  
    0.312       281.72          1964.13        3507.63         4138.94         5323.24  
    0.319       328.60          2227.64        3283.74         4234.85         5500.00  
    0.325       328.67          2226.02        3368.74         4221.61         5500.00  
    0.331       328.27          2224.11        3603.09         4199.48         5500.00  
    0.338       327.57          2233.46        3607.58         4187.59         5500.00  
    0.344       327.59          2240.88        3722.08         4208.07         5500.00  
    0.350       47.32          604.90        2462.49         3804.28         4460.53  
    0.356       0          331.41        2282.42         3746.04         4340.00  
    0.363       285.00          2014.75        3298.28         3791.41         5033.87  
    0.369       334.20          2320.66        3259.10         3830.94         5054.64  
    0.375       48.30          624.61        2479.70         3831.68         4460.66  
    0.381       287.53          2051.85        2748.89         3894.05         5335.78  
    0.388       337.08          2288.64        3223.02         3906.76         5500.00  
    0.394       48.71          620.53        2450.15         3834.14         4296.20  
    0.400       292.45          2018.52        2867.29         3856.50         4744.00  
    0.406       345.67          2249.11        3140.44         3897.30         4727.07  
    0.413       50.02          622.75        2373.06         3788.17         4387.96  
    0.419       0          351.35        2270.94         3741.93         4230.25  
    0.425       0          357.91        2288.21         3694.49         4144.98  
    0.431       0          364.89        2362.33         3714.32         4147.44  
    0.438       0          374.71        2318.00         3697.31         4107.67  
    0.444       0          393.78        2251.29         3687.52         4134.49  
    0.450       0          403.89        2379.04         3707.60         4071.73  
    0.456       0          402.69        2436.00         3745.63         4089.13  
    0.463       0          403.44        2461.32         3729.09         4118.62  
    0.469       0          405.61        2503.14         3744.92         4149.68  
    0.475       0          411.79        2560.34         3771.26         4235.69  
    0.481       0          406.84        2589.66         3732.15         4170.08  
    0.488       0          413.27        2617.02         3697.31         4393.16  
    0.494       0          406.90        2552.83         3714.41         4289.55  
    0.500       0          351.53        2439.45         3775.09         4164.28  
    0.506       0          291.88        2389.77         3734.83         4347.56  
    0.513       0          268.77        2331.57         3754.60         4320.41  
    0.519       0          283.23        2248.32         3859.88         4013.02  
    0.525       0          277.95        2246.17         3805.36         4529.01  
    0.531       243.05          1957.70        2497.09         3873.87         5079.09  
    0.537       292.56          2156.11        3061.10         3992.04         5450.29  
    0.544       42.47          564.62        2286.68         3780.07         4309.05  
    0.550       263.83          1916.94        2392.91         3848.45         5138.57  
    0.556       332.09          1911.48        2657.25         3977.54         5146.05  
    0.562       379.87          1903.76        2697.20         3928.72         5060.10  
    0.569       55.94          684.53        2317.21         3202.44         4332.36  
    0.575       0          504.89        2188.72         3601.63         4669.87  
    0.581       431.46          1846.90        2141.14         3733.91         5095.25  
    0.588       423.88          1935.29        2842.16         4240.77         5450.02  
    0.594       418.97          2001.71        2985.99         4223.75         5500.00  
    