0.025       472.52          1872.77        3028.29         3896.09         5500.00  
    0.031       73.72          306.81        2142.48         3222.12         4217.44  
    0.038       0          226.51        2071.07         3075.48         4013.43  
    0.044       0          303.57        2113.80         2933.76         3826.39  
    0.050       298.07          1734.20        2657.74         3363.21         5233.33  
    0.056       376.98          1987.72        2729.19         3407.97         5041.64  
    0.062       59.50          646.84        2106.11         2821.33         3645.37  
    0.069       336.73          1730.91        2567.68         3267.36         5172.84  
    0.075       391.98          1960.84        2659.89         3371.44         5500.00  
    0.081       381.56          1975.47        2673.79         3387.05         5500.00  
    0.088       382.46          1970.48        2756.71         3390.04         5500.00  
    0.094       59.74          641.70        2085.71         2852.15         3699.82  
    0.100       338.76          1717.24        2574.18         3253.53         5167.24  
    0.106       401.76          1984.43        2706.09         3392.12         5500.00  
    0.113       402.05          2007.75        2735.79         3432.43         5500.00  
    0.119       406.15          1999.16        2687.41         3400.44         5500.00  
    0.125       409.69          1988.59        2667.46         3375.55         5500.00  
    0.131       411.04          1985.38        2694.19         3380.70         5500.00  
    0.138       408.85          1974.47        2700.82         3417.78         5500.00  
    0.144       408.38          1959.30        2674.50         3418.25         5500.00  
    0.150       409.39          1956.38        2679.25         3420.97         5500.00  
    0.156       408.10          1966.38        2708.01         3436.36         5500.00  
    0.163       408.57          1979.66        2704.56         3427.53         5500.00  
    0.169       408.65          1971.79        2690.83         3397.46         5500.00  
    0.175       406.75          1983.55        2690.03         3398.47         5500.00  
    0.181       404.08          2009.89        2702.14         3419.21         5500.00  
    0.188       402.65          2029.70        2729.89         3420.19         5500.00  
    0.194       400.62          2011.36        2719.22         3408.66         5500.00  
    0.200       397.83          1966.62        2686.73         3386.84         5500.00  
    0.206       397.50          1954.87        2647.06         3378.45         5500.00  
    0.213       397.23          1980.34        2669.17         3370.11         5500.00  
    0.219       396.04          2001.38        2687.84         3392.18         5500.00  
    0.225       396.67          2001.40        2690.08         3383.86         5500.00  
    0.231       396.65          2008.18        2707.78         3348.62         5500.00  
    0.238       395.61          2007.37        2701.38         3349.20         5500.00  
    0.244       396.30          1996.94        2685.81         3309.64         5500.00  
    0.250       398.45          2006.49        2701.03         3338.51         5500.00  
    0.256       398.49          2025.29        2740.18         3361.66         5500.00  
    0.263       397.73          2040.48        2732.63         3368.70         5500.00  
    0.269       395.73          2037.22        2673.71         3341.73         5500.00  
    0.275       395.29          2033.01        2658.25         3333.23         5500.00  
    0.281       398.21          2028.85        2640.79         3326.36         5500.00  
    0.288       399.66          2017.03        2581.36         3315.09         5500.00  
    0.294       400.42          2002.71        2486.17         3307.97         5500.00  
    0.300       403.34          1961.80        2502.00         3334.64         5500.00  
    0.306       405.61          1913.37        2498.18         3290.11         5500.00  
    0.312       409.50          1882.17        2542.89         3268.58         5500.00  
    0.319       414.40          1880.83        2590.70         3269.99         5500.00  
    0.325       417.63          1877.43        2585.13         3315.36         5500.00  
    0.331       419.12          1929.41        2476.27         3355.42         5500.00  
    0.338       423.48          1915.75        2681.53         3378.36         5500.00  
    0.344       66.19          660.60        2028.23         2833.11         3715.11  
    0.350       0          431.76        1947.32         2691.06         3375.00  
    0.356       366.47          1666.73        2446.35         3207.35         5168.19  
    0.363       437.36          1860.28        2585.66         3233.27         5500.00  
    0.369       440.25          1875.35        2623.86         3218.75         5500.00  
    0.375       436.18          1928.75        2602.99         3242.23         5500.00  
    0.381       67.92          654.03        2020.06         2747.71         3636.91  
    0.388       336.91          1607.19        2516.15         3196.19         5155.61  
    0.394       398.94          1897.72        2619.20         3408.86         5500.00  
    0.400       355.76          1894.54        2543.41         3412.94         5500.00  
    0.406       311.05          1933.17        2607.49         3349.41         5500.00  
    0.413       263.98          1955.13        2594.82         3347.26         5500.00  
    0.419       254.46          1917.36        2566.19         3329.77         5500.00  
    0.425       262.74          1835.67        2540.41         3314.87         5252.23  
    0.431       251.20          1831.09        2625.05         3327.52         5172.40  
    0.438       247.76          1809.90        2671.19         3393.46         5280.48  
    0.444       215.22          1791.82        2675.91         3498.01         5175.59  
    0.450       297.18          1809.30        2671.96         3497.13         5098.84  
    