0.025       265.55          2074.10        2421.14         3633.76         4450.50  
    0.031       333.46          2076.81        2439.72         3718.68         4445.36  
    0.038       350.29          2059.62        2461.75         3753.50         4430.54  
    0.044       347.83          2082.26        2333.45         3687.75         4408.03  
    0.050       340.85          2083.88        2373.02         3664.06         4362.25  
    0.056       340.35          2094.47        2417.76         3653.62         4357.98  
    0.062       350.64          2118.31        2424.69         3626.74         4308.53  
    0.069       360.67          2131.58        2544.56         3622.73         4338.58  
    0.075       362.20          2137.23        2568.26         3599.79         4336.09  
    0.081       362.95          2146.65        2581.48         3601.42         4383.98  
    0.088       365.90          2166.39        2582.65         3636.48         4396.67  
    0.094       367.01          2177.25        2588.32         3656.54         4395.71  
    0.100       371.35          2168.88        2581.20         3671.12         4419.78  
    0.106       371.98          2139.84        2575.20         3678.56         4429.51  
    0.113       372.26          2109.18        2577.91         3687.50         4466.70  
    0.119       371.54          2104.90        2578.60         3690.15         4478.71  
    0.125       372.54          2121.52        2558.18         3704.35         4431.91  
    0.131       374.12          2158.94        2571.87         3692.13         4422.10  
    0.138       372.66          2187.16        2581.84         3682.25         4428.06  
    0.144       373.58          2193.47        2589.23         3692.47         4486.17  
    0.150       376.20          2178.44        2592.42         3692.42         4482.03  
    0.156       380.10          2151.73        2583.73         3701.71         4408.66  
    0.163       381.01          2158.39        2586.07         3737.66         4377.20  
    0.169       380.75          2171.21        2587.14         3731.89         4409.05  
    0.175       380.93          2170.18        2584.86         3715.42         4314.18  
    0.181       381.88          2162.87        2586.24         3657.04         4254.00  
    0.188       381.72          2148.87        2586.34         3647.61         4292.06  
    0.194       381.23          2156.35        2613.20         3690.42         4353.69  
    0.200       378.40          2160.56        2622.45         3722.53         4363.25  
    0.206       373.09          2166.50        2630.00         3737.75         4352.23  
    0.213       370.98          2158.49        2626.15         3728.44         4319.10  
    0.219       370.25          2146.54        2600.34         3730.07         4330.38  
    0.225       371.19          2133.47        2608.33         3715.26         4419.89  
    0.231       372.09          2117.81        2619.82         3697.19         4419.13  
    0.238       366.69          2110.05        2623.23         3680.30         4425.95  
    0.244       363.95          2100.64        2619.65         3669.23         4423.02  
    0.250       361.04          2103.98        2627.67         3654.84         4433.65  
    0.256       358.98          2145.24        2632.29         3672.55         4440.71  
    0.263       351.26          2170.18        2649.63         3669.42         4414.44  
    0.269       346.23          2168.30        2645.51         3651.30         4404.24  
    0.275       344.25          2164.88        2646.02         3672.69         4403.24  
    0.281       335.37          2157.94        2640.79         3738.52         4416.30  
    0.288       320.82          2155.25        2636.69         3741.34         4429.10  
    0.294       321.78          2145.87        2633.55         3688.72         4386.15  
    0.300       315.17          2130.51        2643.72         3666.35         4392.29  
    0.306       307.96          2110.20        2642.61         3643.58         4367.42  
    0.312       305.32          2103.17        2643.10         3647.80         4433.04  
    0.319       322.79          2111.44        2643.32         3685.02         4445.49  
    0.325       321.84          2141.73        2620.94         3695.04         4403.72  
    0.331       317.60          2124.31        2579.81         3578.38         4357.10  
    0.338       321.52          2112.05        2600.28         3582.97         4405.24  
    0.344       324.40          2112.52        2595.90         3650.59         4406.58  
    0.350       327.83          2101.87        2589.31         3696.89         4389.72  
    0.356       334.23          2116.74        2616.79         3748.07         4367.88  
    0.363       339.72          2143.86        2626.70         3728.59         4424.68  
    0.369       307.32          2169.63        2526.33         3683.29         4432.35  
    0.375       272.25          2194.26        2504.52         3658.41         4430.18  
    0.381       239.72          2207.23        2544.89         3723.83         4447.87  
    0.388       193.86          2199.11        2542.23         3724.50         4513.22  
    0.394       189.59          2202.38        2527.88         3800.72         4519.69  
    0.400       187.25          2252.61        2529.59         3812.81         4503.22  
    0.406       182.18          2250.50        2534.74         3750.37         4488.27  
    0.413       181.76          2215.92        2586.07         3903.77         4536.68  
    0.419       196.31          2238.62        2574.90         3943.19         4572.96  
    