0.025       0          463.34        1454.44         2922.22         3410.83  
    0.031       0          546.73        2090.92         3013.15         3714.58  
    0.038       0          700.74        2191.55         3009.28         3770.16  
    0.044       0          752.05        2198.94         3004.58         3802.94  
    0.050       0          571.73        2152.29         3056.07         3931.71  
    0.056       380.96          1730.32        2077.68         3146.47         4104.82  
    0.062       418.02          1842.64        2088.97         3111.72         4059.78  
    0.069       34.99          154.22        579.05         2218.25         3143.62  
    0.075       0          418.62        2003.10         3022.52         3979.15  
    0.081       0          465.95        2118.14         3168.08         3989.42  
    0.088       0          466.11        2160.97         3169.55         4015.01  
    0.094       0          468.98        2221.00         3148.45         4050.17  
    0.100       0          472.79        2194.52         3102.11         4023.90  
    0.106       0          479.53        2219.80         3107.89         3940.80  
    0.113       0          485.93        2243.24         3122.52         3916.74  
    0.119       0          488.44        2194.40         3215.39         3949.54  
    0.125       0          481.79        2182.49         3248.30         4036.53  
    0.131       0          475.73        2168.78         3369.34         4095.17  
    0.138       0          478.85        2179.26         3343.74         4106.82  
    0.144       0          486.79        2160.78         3333.02         4170.37  
    0.150       0          482.36        2143.18         3350.85         4156.19  
    0.156       0          478.39        2134.90         3300.28         4070.72  
    0.163       0          479.57        2140.73         3326.45         4161.16  
    0.169       0          484.20        2135.49         3171.76         4184.59  
    0.175       0          484.87        2138.46         3137.86         4175.11  
    0.181       0          482.16        2147.40         3135.97         4156.78  
    0.188       0          480.26        2141.25         3114.93         4096.75  
    0.194       0          478.46        2122.99         3143.99         4111.66  
    0.200       0          477.92        2127.34         3204.12         4167.83  
    0.206       0          479.64        2148.06         3267.90         4129.89  
    0.213       0          479.76        2157.92         3197.35         4077.15  
    0.219       0          479.60        2150.89         3030.42         4064.64  
    0.225       0          476.12        2153.40         3067.72         4063.56  
    0.231       0          472.70        2148.55         3010.66         4077.61  
    0.238       0          469.10        2138.99         3003.30         4049.06  
    0.244       425.79          2026.71        2470.17         3057.33         4154.65  
    0.250       462.00          2168.76        3004.13         3094.22         4175.49  
    0.256       38.64          601.14        2231.63         3103.64         4071.94  
    0.263       0          456.75        2153.28         3098.88         4138.00  
    0.269       412.78          2014.76        2237.84         3116.89         4227.00  
    0.275       440.91          2164.35        2243.36         3198.17         4242.69  
    0.281       432.44          2150.56        2739.22         3111.62         4259.33  
    0.288       36.13          568.02        2196.07         3109.49         4177.91  
    0.294       381.37          2001.74        2864.43         3194.49         4223.30  
    0.300       418.47          2154.29        2706.16         3306.68         4265.99  
    0.306       35.03          570.95        2179.69         3202.32         4129.66  
    0.312       0          429.63        2128.67         3192.65         4017.73  
    0.319       0          428.75        2119.34         3155.08         3923.72  
    0.325       0          426.18        2103.61         3093.72         3960.47  
    0.331       0          433.32        2101.14         3094.00         3981.12  
    0.338       0          435.23        2098.29         3107.58         3998.84  
    0.344       0          433.01        2093.57         3106.80         4001.10  
    0.350       0          432.46        2096.78         3129.43         4049.21  
    0.356       401.48          1962.99        3084.74         3194.04         4106.19  
    0.363       433.55          2111.35        2523.20         3197.58         4127.31  
    0.369       435.28          2126.29        2421.02         3214.30         4134.31  
    0.375       36.44          583.58        2152.39         3155.07         4073.67  
    0.381       405.80          1986.58        3080.98         3306.91         4016.15  
    0.388       443.26          2121.40        2987.91         3249.99         4071.74  
    0.394       443.87          2114.11        2817.68         3325.64         4167.82  
    0.400       446.65          2122.43        2779.25         3290.18         4197.85  
    0.406       449.54          2130.18        2882.81         3288.78         4141.03  
    0.413       451.44          2083.44        2974.82         3223.55         4180.98  
    0.419       455.88          2070.04        3146.04         3264.98         4152.38  
    0.425       461.83          2109.20        2866.45         3129.25         4129.66  
    0.431       465.63          2129.70        2529.68         3127.46         4174.27  
    0.438       469.20          2122.87        2423.39         3117.38         4157.64  
    0.444       39.28          612.88        2103.93         3054.29         4009.03  
    0.450       0          477.69        2114.53         3089.37         3921.49  
    0.456       437.01          1407.79        2157.66         3164.18         3976.40  
    0.463       39.91          566.63        2156.64         3087.34         3961.48  
    0.469       0          485.96        2088.72         3071.91         3958.79  
    0.475       0          492.83        1954.99         3082.38         3944.62  
    0.481       0          495.51        1983.49         3099.09         3997.43  
    0.488       0          467.93        2003.05         3137.79         4010.58  
    0.494       0          442.46        1959.92         3053.76         4032.85  
    0.500       0          429.79        2021.83         2949.83         4071.67  
    0.506       0          455.18        2038.58         2896.36         4073.74  
    0.513       0          458.20        1976.88         2914.52         4025.53  
    0.519       0          446.90        1993.58         2981.62         4200.74  
    