0.025       622.04          1452.60        2302.19         4387.19         5500.00  
    0.031       606.90          1429.79        2264.40         4418.29         5500.00  
    0.038       551.45          1432.82        2214.99         4425.63         5500.00  
    0.044       220.43          1445.47        2200.97         3841.19         5152.80  
    0.050       0          1488.01        2594.86         3348.85         4942.90  
    0.056       170.88          1914.29        3101.70         4250.88         5277.91  
    0.062       313.30          2202.19        3257.87         4943.75         5500.00  
    0.069       324.34          2164.68        3243.01         4948.21         5500.00  
    0.075       338.12          2120.26        3228.11         4277.09         5330.24  
    0.081       354.08          2105.02        3276.97         3529.45         5326.82  
    0.088       358.92          2083.32        3101.66         3404.59         5378.67  
    0.094       359.19          2067.02        2939.49         3472.04         5345.45  
    0.100       358.81          2064.92        2920.76         3514.04         5290.88  
    0.106       359.69          2038.94        2912.40         3534.32         5354.25  
    0.113       361.63          2003.03        2938.30         3538.88         5350.89  
    0.119       366.12          2000.20        2967.50         3529.98         5325.84  
    0.125       370.77          1978.74        2946.69         3506.06         5280.14  
    0.131       370.39          1970.12        2900.57         3484.15         5200.08  
    0.138       370.84          1995.13        2893.51         3457.28         5198.79  
    0.144       372.49          1977.82        2883.48         3447.92         5228.85  
    0.150       371.52          1957.34        2875.76         3466.48         5246.39  
    0.156       370.86          1986.78        2883.68         3492.27         5394.15  
    0.163       371.55          2023.33        2896.59         3496.53         5500.00  
    0.169       373.11          2046.55        2908.73         3492.42         5500.00  
    0.175       373.75          2034.49        2885.41         3491.39         5415.93  
    0.181       374.07          2020.37        2894.97         3496.46         5297.50  
    0.188       375.63          2033.00        2890.09         3491.39         5227.56  
    0.194       376.99          2038.91        2861.76         3474.13         5298.35  
    0.200       378.52          2034.69        2854.09         3463.20         5326.62  
    0.206       379.88          2022.28        2838.50         3465.12         5238.00  
    0.213       380.02          2026.86        2818.11         3464.14         5248.58  
    0.219       379.08          2030.79        2826.42         3448.58         5281.17  
    0.225       377.98          2011.97        2817.82         3438.86         5246.56  
    0.231       377.82          1996.46        2785.81         3428.71         5266.02  
    0.238       380.47          2003.33        2776.12         3427.88         5322.63  
    0.244       383.01          1992.17        2762.54         3427.41         5276.09  
    0.250       384.88          1988.53        2737.20         3430.41         5214.85  
    0.256       385.96          1987.81        2760.19         3435.34         5219.87  
    0.263       386.38          1989.05        2789.50         3423.22         5247.66  
    0.269       387.57          2004.68        2820.02         3416.86         5229.45  
    0.275       387.46          2030.34        2849.76         3425.09         5198.12  
    0.281       387.01          2048.68        2784.65         3434.87         5225.69  
    0.288       386.65          2049.47        2708.02         3439.57         5274.72  
    0.294       385.22          2060.79        2670.11         3435.39         5322.46  
    0.300       382.14          2067.33        2706.95         3448.18         5378.61  
    0.306       380.52          2051.03        2697.09         3470.23         5334.53  
    0.312       381.63          1998.13        2661.85         3471.58         5245.75  
    0.319       385.47          1953.78        2677.07         3455.87         5259.87  
    0.325       390.95          1919.73        2691.51         3443.47         5361.57  
    0.331       396.27          1876.28        2648.97         3438.60         5311.64  
    0.338       399.25          1843.63        2600.02         3443.83         5239.90  
    0.344       400.01          1837.52        2581.61         3456.20         5258.67  
    0.350       402.74          1839.00        2563.55         3438.72         5228.69  
    0.356       408.04          1856.47        2528.81         3437.25         5232.68  
    0.363       414.12          1974.67        2588.16         3469.46         5295.33  
    0.369       422.80          2021.59        2810.02         3521.71         5233.11  
    0.375       435.33          1971.73        2868.19         3527.59         5179.23  
    0.381       443.45          1950.05        2720.88         3458.36         5161.44  
    0.388       447.32          2024.72        2684.46         3448.66         5133.52  
    0.394       452.29          2066.37        2721.95         3478.42         5189.34  
    0.400       456.35          2043.74        2732.72         3474.13         5193.92  
    0.406       460.82          2016.21        2734.80         3450.69         5114.02  
    0.413       465.26          2065.99        2730.59         3460.17         5067.81  
    0.419       471.94          2087.90        2898.75         3396.97         5073.80  
    0.425       482.86          2052.66        3052.50         3294.04         5084.97  
    0.431       492.89          2045.69        3134.99         3400.28         5087.16  
    0.438       210.95          1157.71        2559.85         3307.63         4948.03  
    0.444       0          497.66        2053.83         3125.62         4650.14  
    0.450       294.79          1365.89        2553.32         3370.58         4904.83  
    0.456       530.18          1978.71        2529.51         3208.43         5122.77  
    0.463       230.81          1171.09        2167.11         2892.32         5051.36  
    0.469       0          569.89        2094.43         2916.51         5024.81  
    0.475       0          515.00        2024.18         3045.02         5069.66  
    0.481       246.52          454.22        2189.15         3108.66         5115.88  
    0.488       437.38          725.51        2535.29         3190.76         5134.68  
    0.494       188.59          400.76        1464.35         2848.61         4050.84  
    0.500       0          334.61        1543.09         2845.72         4331.93  
    0.506       325.18          1375.43        2713.64         3417.24         5126.56  
    0.513       576.56          1907.94        3120.72         3596.63         5113.84  
    0.519       567.24          1851.92        3177.83         3453.00         5130.93  
    0.525       523.76          1849.87        3137.17         3338.18         5124.87  
    0.531       470.75          1900.50        3129.03         3294.26         5077.72  
    0.537       452.55          1843.54        3085.55         3325.59         5069.47  
    