0.025       766.19          1785.04        3144.22         4292.92         5500.00  
    0.031       178.26          910.55        2071.88         3517.45         4627.90  
    0.038       564.30          1645.26        2936.28         3814.24         4813.69  
    0.044       697.36          1956.27        3283.27         3725.36         4999.94  
    0.050       159.56          1279.83        2364.69         3503.73         4793.78  
    0.056       0          1124.84        2214.01         3541.72         4597.95  
    0.062       0          1245.12        2280.37         3451.96         4368.47  
    0.069       0          1295.51        2397.46         3519.42         4547.24  
    0.075       0          1259.93        2410.40         3387.93         4638.45  
    0.081       0          1072.52        2266.38         3278.78         4543.95  
    0.088       0          964.45        2141.73         3206.70         4484.16  
    0.094       0          1148.36        2202.93         3113.47         4333.31  
    0.100       0          281.32        1655.05         2692.71         3895.05  
    0.106       0          1114.74        2125.60         3482.03         4538.74  
    0.113       0          1397.32        2342.55         3609.95         4629.59  
    0.119       0          1323.49        2492.74         3678.91         4926.29  
    0.125       0          1278.11        2589.39         3738.31         4965.33  
    0.131       0          1208.42        2529.36         3588.14         4767.47  
    0.138       0          1213.65        2592.46         3283.48         4544.13  
    0.144       0          284.04        1876.41         2982.62         4235.70  
    0.150       0          1147.77        2566.87         3054.30         4221.39  
    0.156       0          1337.21        2032.94         3226.84         4303.34  
    0.163       0          891.56        1843.80         3199.45         4215.32  
    0.169       0          886.51        1874.78         3156.61         4285.96  
    0.175       519.60          1510.06        2733.61         3699.61         4934.05  
    0.181       989.79          1906.05        2308.63         3448.40         4989.72  
    0.188       1074.81          1426.29        2271.63         3485.37         4801.82  
    0.194       249.37          293.34        1579.48         2893.98         4123.32  
    0.200       634.88          1452.60        2542.45         3848.96         4486.47  
    0.206       899.69          1986.95        2996.44         4383.77         5303.37  
    0.213       919.96          1564.02        2550.47         3723.28         5030.99  
    0.219       213.91          1154.03        2372.75         3521.38         4914.34  
    0.225       0          1053.88        2343.12         3357.65         4585.70  
    0.231       0          1234.86        2475.58         3337.36         4319.44  
    0.238       0          1370.15        2546.39         3357.45         4218.82  
    0.244       0          324.33        1739.52         2823.02         3823.50  
    0.250       0          0        1585.37         2617.60         3777.78  
    0.256       0          1033.13        2352.50         3075.35         4055.39  
    0.263       0          1366.28        2495.76         3093.71         4160.56  
    0.269       0          1330.15        2563.85         3574.58         4080.61  
    0.275       0          1145.21        2418.93         3436.01         4289.98  
    0.281       0          1059.41        2195.91         3358.68         4447.09  
    0.288       0          1228.85        2068.25         3331.62         4487.31  
    0.294       0          1268.58        2487.37         3060.11         4410.75  
    0.300       556.10          1561.84        2713.81         3644.10         4815.72  
    0.306       168.61          1067.30        2266.24         3432.90         4644.62  
    0.312       0          988.08        2084.16         3400.14         4457.45  
    0.319       565.87          1541.83        2864.14         3762.77         4884.88  
    0.325       554.75          1596.87        3007.60         3822.96         5139.36  
    0.331       671.54          1680.65        2904.16         3825.52         5065.77  
    0.338       788.21          1595.78        2866.28         3883.52         5128.12  
    0.344       731.90          1519.57        2763.05         3773.52         4892.85  
    0.350       164.93          1327.16        2559.26         3130.52         4227.92  
    0.356       0          1150.20        2363.79         3332.30         4149.34  
    0.363       0          1054.42        2142.75         3598.93         4548.75  
    0.369       528.93          1461.37        2600.09         3652.78         4866.75  
    0.375       700.98          1838.93        2816.15         3783.24         4960.73  
    0.381       520.89          1852.76        2831.54         3829.04         4980.91  
    0.388       108.23          426.70        1980.06         3102.40         4106.24  
    0.394       0          0        1481.78         2504.25         3625.63  
    0.400       679.21          1293.84        2677.86         3401.00         4674.87  
    0.406       750.65          1637.56        3073.39         3835.23         5231.33  
    0.413       1000.70          1519.40        2718.64         3777.76         5312.57  
    0.419       253.33          1311.61        2308.43         3466.76         4730.51  
    0.425       0          1305.63        2055.38         3300.80         4547.00  
    0.431       0          766.20        1964.24         3246.66         4348.63  
    0.438       0          139.19        454.01         2085.60         3348.04  
    0.444       356.04          1393.24        2359.76         3689.20         4932.96  
    0.450       107.95          756.71        2408.75         3582.27         4824.70  
    0.456       178.22          1848.16        2904.32         4003.19         5295.25  
    0.463       339.04          2132.81        2888.01         4097.18         4971.90  
    0.469       393.74          2080.25        2868.38         4035.45         4438.91  
    0.475       367.42          1967.55        2822.38         3894.60         4487.47  
    0.481       329.25          1991.38        2796.02         3871.42         4609.25  
    0.488       344.64          2040.02        2762.58         3939.99         4592.40  
    0.494       373.21          2085.87        2773.67         3955.30         4532.42  
    0.500       392.96          2090.83        2817.65         3952.29         4519.50  
    0.506       401.19          2085.69        2857.78         3963.98         4505.49  
    0.513       412.21          2119.18        2934.56         3965.96         4497.78  
    0.519       420.84          2134.75        2907.98         3961.36         4468.62  
    0.525       426.95          2140.06        2873.60         3957.07         4408.77  
    0.531       433.49          2124.51        2800.30         3942.92         4408.51  
    0.537       438.39          2126.99        2807.97         3937.55         4428.59  
    0.544       438.82          2138.61        2837.93         3894.55         4440.79  
    0.550       437.65          2134.40        2830.12         3834.17         4434.29  
    0.556       437.06          2136.54        2818.64         3859.19         4421.69  
    0.562       438.49          2152.14        2814.54         3915.86         4438.06  
    0.569       437.35          2166.66        2802.95         3906.65         4381.26  
    0.575       436.87          2161.47        2805.13         3848.67         4352.09  
    0.581       437.93          2148.08        2803.63         3845.40         4367.22  
    0.588       438.28          2143.84        2796.29         3862.05         4370.57  
    0.594       435.60          2141.05        2807.53         3815.41         4387.75  
    0.600       433.60          2146.48        2816.49         3816.54         4391.88  
    0.606       434.17          2153.19        2824.24         3855.85         4386.91  
    0.613       432.00          2147.46        2834.99         3862.05         4370.62  
    0.619       426.84          2157.48        2828.13         3843.94         4384.72  
    0.625       425.66          2158.56        2833.85         3835.53         4380.57  
    0.631       426.54          2154.26        2854.57         3845.81         4301.33  
    0.638       423.00          2164.47        2831.49         3899.02         4400.87  
    0.644       421.39          2169.25        2825.03         3873.76         4492.77  
    0.650       417.79          2161.02        2839.09         3845.73         4451.00  
    0.656       408.50          2158.06        2828.61         3909.13         4498.31  
    0.663       405.74          2169.78        2816.68         3969.34         4594.26  
    0.669       402.38          2186.64        2821.29         3895.83         4550.82  
    0.675       395.80          2187.41        2898.19         4010.05         4464.55  
    0.681       414.03          2182.41        2940.70         4035.95         4770.17  
    0.688       418.43          2234.84        2831.90         3976.66         4853.32  
    0.694       409.83          2175.29        2685.92         3935.15         4913.96  
    0.700       414.68          2176.27        2655.51         3917.76         4874.96  
    0.706       417.08          2165.39        2568.77         3916.57         4886.53  
    0.713       395.34          2094.82        2738.67         3923.77         4861.60  
    0.719       368.10          2099.47        2834.29         3983.66         5007.86  
    0.725       391.45          2016.12        2835.96         3859.43         5035.83  
    0.731       430.51          1931.61        2808.79         3822.03         4995.63  
    0.738       514.26          1839.87        2994.44         3830.54         4953.67  
    0.744       617.62          1823.96        2916.93         3932.12         5229.63  
    0.750       684.81          2032.73        2742.87         3881.62         5238.34  
    0.756       767.54          2052.24        2897.62         3675.95         4834.88  
    0.763       692.69          2132.51        2880.53         3894.11         5318.46  
    0.769       627.54          2171.58        2784.49         3939.11         5135.77  
    0.775       728.55          1959.16        2675.50         3830.24         5196.24  
    0.781       587.82          1830.30        2706.71         3762.22         5082.65  
    0.788       124.44          421.35        1888.93         2958.25         3968.71  
    0.794       0          1135.32        2315.96         3441.16         4377.89  
    0.800       517.52          1542.57        2904.71         4192.01         5290.55  
    0.806       728.12          1693.70        2870.89         3914.90         5035.98  
    0.812       173.19          1468.91        2220.43         3593.97         4844.70  
    0.819       602.88          1755.02        2776.74         3698.19         4880.45  
    0.825       182.79          434.16        2090.92         3252.24         4403.18  
    0.831       0          1158.31        1738.78         3136.58         4381.21  
    0.838       0          351.19        1787.12         2847.78         3852.19  
    0.844       0          0        1682.07         2698.17         3669.80  
    0.850       0          1130.61        2226.86         3240.72         4202.79  
    0.856       0          1480.20        2380.28         3454.87         4721.73  
    0.863       0          1110.39        2224.68         3322.60         4936.25  
    0.869       0          930.17        2240.69         3179.78         4529.76  
    0.875       0          1053.40        2091.71         3085.22         4310.16  
    0.881       0          1164.58        2320.24         3562.61         4693.49  
    0.888       849.25          1441.64        2542.56         3679.62         4916.07  
    