0.025       430.34          2290.16        2492.98         3776.01         4501.79  
    0.031       424.05          2286.87        2510.62         3756.70         4496.37  
    0.038       427.04          2248.32        2538.00         3727.82         4482.52  
    0.044       428.37          2185.39        2451.81         3701.25         4436.62  
    0.050       433.65          2232.28        2455.65         3664.48         4311.91  
    0.056       451.87          2298.12        2512.95         3646.34         4292.31  
    0.062       449.62          2297.08        2531.85         3661.78         4432.81  
    0.069       452.95          2262.53        2506.73         3669.46         4452.37  
    0.075       463.02          2243.34        2499.04         3674.61         4435.31  
    0.081       461.67          2255.98        2512.05         3660.75         4436.87  
    0.088       462.32          2250.57        2521.14         3652.27         4420.03  
    0.094       463.23          2240.63        2514.51         3705.50         4395.35  
    0.100       461.50          2196.28        2499.02         3693.07         4398.47  
    0.106       459.98          2184.66        2487.75         3670.76         4379.78  
    0.113       459.16          2244.40        2518.50         3701.32         4340.39  
    0.119       454.63          2257.94        2536.94         3729.20         4357.04  
    0.125       448.09          2253.60        2528.42         3685.35         4386.44  
    0.131       444.46          2243.21        2532.99         3632.66         4419.13  
    0.138       453.00          2214.28        2550.45         3624.87         4398.40  
    0.144       453.79          2241.58        2549.07         3680.53         4432.67  
    0.150       442.55          2222.95        2519.48         3692.69         4441.46  
    0.156       431.70          2184.54        2510.16         3695.81         4393.40  
    0.163       426.29          2152.92        2528.32         3711.95         4447.58  
    0.169       414.38          2209.77        2508.87         3676.85         4466.16  
    0.175       408.64          2244.61        2523.21         3647.82         4444.49  
    0.181       403.40          2246.53        2518.27         3632.25         4442.19  
    0.188       403.98          2270.98        2497.55         3615.44         4381.69  
    0.194       405.45          2258.67        2544.91         3620.93         4373.19  
    0.200       410.98          2264.23        2567.55         3635.70         4399.31  
    0.206       403.49          2283.57        2583.69         3677.71         4238.59  
    0.213       384.55          2257.59        2565.31         3588.14         4114.58  
    0.219       384.39          2269.67        2578.98         3584.51         4139.08  
    0.225       396.22          2296.16        2596.22         3615.75         4136.62  
    0.231       407.16          2307.18        2572.52         3623.01         4158.38  
    0.238       423.38          2309.04        2572.06         3664.23         4291.64  
    0.244       427.81          2372.86        2578.18         3668.07         4339.66  
    0.250       428.91          2321.74        2561.05         3702.25         4422.39  
    0.256       427.46          2320.62        2556.73         3738.40         4470.37  
    0.263       418.46          2338.15        2475.41         3733.88         4513.18  
    0.269       395.24          2264.91        2465.98         3717.92         4476.00  
    0.275       373.86          2297.52        2524.23         3719.11         4541.86  
    0.281       310.69          2276.69        2594.95         3798.26         4618.08  
    