0.025       419.59          2108.11        2908.38         3617.23         4013.89  
    0.031       419.14          2099.19        2898.09         3602.75         3905.77  
    0.038       419.06          2082.95        2892.94         3571.08         3947.83  
    0.044       417.73          2083.64        2891.18         3596.67         4008.34  
    0.050       416.56          2087.51        2882.73         3606.17         3993.72  
    0.056       417.13          2090.51        2874.53         3585.58         4024.27  
    0.062       417.29          2090.16        2867.08         3564.36         4105.21  
    0.069       417.50          2093.07        2866.42         3578.57         4016.68  
    0.075       417.60          2092.36        2864.32         3576.14         4029.80  
    0.081       418.19          2089.72        2874.85         3600.35         3972.54  
    0.088       419.09          2093.51        2875.96         3624.73         3845.83  
    0.094       418.08          2101.37        2874.70         3595.13         3930.74  
    0.100       418.10          2101.78        2882.61         3614.83         4044.35  
    0.106       417.91          2094.21        2887.69         3624.18         4044.56  
    0.113       417.99          2095.45        2890.86         3626.76         3980.35  
    0.119       418.30          2101.68        2900.07         3635.44         3961.41  
    0.125       419.47          2101.67        2903.63         3647.04         3923.44  
    0.131       420.01          2103.44        2896.61         3639.00         3900.97  
    0.138       421.00          2108.05        2900.36         3673.07         3855.53  
    0.144       422.28          2109.26        2894.56         3644.87         3867.17  
    0.150       423.07          2116.36        2898.14         3646.91         3854.37  
    0.156       425.13          2128.93        2917.06         3653.76         4170.07  
    0.163       426.99          2128.68        2919.82         3658.00         4371.23  
    0.169       429.67          2134.61        2922.70         3672.99         4256.36  
    0.175       431.79          2137.83        2918.35         3667.30         4080.62  
    0.181       432.85          2144.78        2914.07         3655.03         4042.50  
    0.188       432.70          2166.03        2907.59         3637.81         4041.47  
    0.194       432.97          2188.59        2891.40         3619.29         4008.81  
    0.200       432.81          2163.15        2875.70         3568.50         4032.82  
    0.206       433.39          2160.81        2891.44         3599.50         4100.23  
    0.213       434.77          2151.07        2903.28         3621.00         4076.75  
    0.219       436.33          2148.89        2919.13         3638.86         4227.61  
    0.225       438.61          2128.10        2914.27         3633.29         4384.87  
    0.231       439.31          2124.94        2914.77         3619.97         4591.70  
    0.238       440.66          2113.10        2918.21         3639.52         4418.47  
    0.244       439.45          2105.97        2918.59         3667.50         4212.50  
    0.250       435.36          2100.84        2914.44         3645.39         4202.54  
    0.256       434.26          2095.03        2910.70         3618.97         4182.02  
    0.263       435.61          2093.23        2919.40         3636.17         4257.72  
    0.269       434.95          2091.84        2923.97         3644.31         4338.41  
    0.275       435.53          2085.53        2918.79         3657.60         4175.73  
    0.281       436.67          2088.52        2916.46         3681.13         4072.92  
    0.288       437.25          2089.90        2911.47         3649.45         4070.78  
    0.294       438.11          2089.88        2923.60         3590.53         4064.79  
    0.300       438.79          2088.05        2919.94         3531.66         4073.48  
    0.306       440.68          2085.47        2904.87         3508.57         4003.72  
    0.312       441.89          2087.68        2906.69         3585.40         3893.90  
    0.319       443.03          2087.44        2913.27         3654.03         3810.12  
    0.325       444.94          2094.78        2940.62         3632.23         3766.69  
    0.331       73.41          718.31        2249.04         3076.13         3721.70  
    0.338       0          446.80        2120.21         2948.90         3670.64  
    0.344       0          446.24        2129.85         2945.76         3677.61  
    0.350       0          445.62        2134.17         2949.22         3708.21  
    0.356       0          444.42        2105.62         2948.96         3750.61  
    0.363       0          444.82        2073.58         2948.73         3828.57  
    0.369       0          445.64        2065.54         2961.78         3886.53  
    0.375       0          447.76        2072.52         2972.03         3946.70  
    0.381       374.39          1798.32        2830.49         3821.43         4087.50  
    