0.025       0          379.41        2412.61         3159.28         3676.30  
    0.031       294.02          1301.73        2388.01         3242.00         4923.94  
    0.038       415.10          1996.92        2364.20         3272.06         5500.00  
    0.044       400.54          2311.95        2394.45         3304.40         5500.00  
    0.050       405.51          1464.04        2422.82         3360.87         5304.19  
    0.056       406.31          1214.27        2457.63         3383.21         5194.94  
    0.062       399.52          1363.41        2492.43         3347.04         5170.99  
    0.069       391.45          1446.65        2585.34         3405.98         5172.75  
    0.075       122.83          739.90        2581.25         3123.23         4018.83  
    0.081       277.08          1113.30        2489.69         3099.00         4620.11  
    0.088       401.42          1600.72        2496.07         3368.19         5101.64  
    0.094       403.67          1623.47        2531.83         3357.65         4976.78  
    0.100       407.23          1476.65        2609.11         3317.95         4893.26  
    0.106       405.38          1422.97        2636.91         3363.96         4961.64  
    0.113       405.79          1450.57        2663.86         3504.41         5016.35  
    0.119       405.83          1491.91        2646.13         3603.82         5015.01  
    0.125       405.58          1490.77        2608.52         3686.29         5039.94  
    0.131       413.06          1487.67        2599.88         3859.31         5358.90  
    0.138       418.33          1400.44        2605.20         3962.75         5148.81  
    0.144       425.35          1398.63        2631.85         3952.51         4976.23  
    0.150       432.91          1396.67        2620.47         3912.44         4947.20  
    0.156       433.34          1385.82        2619.19         3941.85         4863.69  
    0.163       436.85          1541.99        2685.55         4239.11         5288.46  
    0.169       138.62          815.16        2163.01         3228.23         4668.16  
    0.175       0          446.40        1861.04         2743.43         4272.92  
    0.181       0          451.73        1912.76         2785.24         4217.42  
    0.188       312.23          1407.66        2496.38         3726.96         5087.53  
    0.194       144.16          899.81        2297.75         3168.90         4529.09  
    0.200       0          464.48        2194.37         2840.41         4109.15  
    0.206       0          458.47        2332.66         2734.38         4032.44  
    0.213       0          454.53        2368.54         3092.43         3777.51  
    0.219       0          454.57        2326.81         3147.73         4018.90  
    0.225       304.90          1672.68        2349.78         3378.47         4552.53  
    0.231       140.78          1009.63        2365.57         3377.79         4201.01  
    0.238       0          441.54        2367.99         3251.88         4018.85  
    0.244       0          445.36        2360.27         3185.40         4093.03  
    0.250       0          448.02        2338.18         3121.62         4125.82  
    0.256       0          451.46        2331.30         3088.27         4143.25  
    0.263       0          460.32        2344.57         3073.39         4177.72  
    0.269       0          470.84        2338.63         3193.64         4143.23  
    0.275       0          479.99        2316.73         3110.43         4095.59  
    0.281       0          477.19        2310.63         2961.13         4131.68  
    0.288       0          479.95        2303.15         2987.66         4120.04  
    0.294       0          497.68        2295.00         3079.34         4128.17  
    0.300       0          508.32        2298.79         3110.86         4112.85  
    0.306       0          503.32        2300.22         3118.01         4066.74  
    0.312       0          496.11        2290.45         3208.15         4056.74  
    0.319       0          496.98        2277.95         3112.92         3972.15  
    0.325       0          498.73        2291.60         3110.04         3904.38  
    0.331       334.28          1213.43        2318.06         3393.49         4637.75  
    0.338       487.84          1743.78        2310.08         3572.90         4936.84  
    0.344       153.98          915.29        2116.25         3163.37         4365.97  
    0.350       0          504.01        2064.86         3015.64         4092.40  
    0.356       0          502.15        2194.46         2928.46         4010.34  
    0.363       0          492.35        2303.28         2736.41         3889.40  
    0.369       336.96          1584.76        2302.32         3373.53         4978.53  
    0.375       487.36          1847.53        2302.35         3574.77         5088.10  
    0.381       489.77          1736.37        2298.33         3362.50         4790.50  
    0.388       492.32          1637.14        2328.48         3525.34         4789.65  
    0.394       502.87          1438.12        2343.35         3627.25         4939.11  
    0.400       160.36          811.54        2312.76         3489.03         5151.69  
    0.406       0          559.88        2285.73         3373.12         5239.47  
    0.413       0          553.28        2283.15         3274.33         5175.18  
    0.419       0          540.74        2287.78         3225.54         4663.08  
    0.425       0          522.75        2246.91         3193.79         4400.29  
    0.431       0          450.28        2209.72         3227.24         4535.85  
    0.438       0          433.45        2213.83         3246.83         4365.97  
    0.444       0          438.32        2246.71         3232.09         4233.49  
    0.450       0          460.88        2242.81         3153.35         4234.64  
    0.456       0          520.65        2249.11         3087.62         4198.79  
    0.463       0          546.42        2272.81         3178.59         4148.95  
    0.469       0          596.72        2297.64         3219.48         4163.26  
    