0.025       0          0        1785.81         2465.86         3417.71  
    0.031       165.75          1299.07        2120.19         3065.38         4157.09  
    0.038       292.46          2316.06        2561.11         3316.04         4700.15  
    0.044       281.75          2211.35        2485.09         3131.05         4615.77  
    0.050       280.53          2217.49        2465.20         3097.61         4500.72  
    0.056       308.41          2257.79        2686.23         3171.72         4390.01  
    0.062       342.03          2237.50        2780.98         3329.00         4399.21  
    0.069       356.54          2243.33        2792.24         3443.60         4426.79  
    0.075       360.29          2248.95        2791.26         3467.96         4373.82  
    0.081       359.77          2222.53        2805.52         3478.66         4331.40  
    0.088       360.66          2196.82        2826.64         3487.89         4377.23  
    0.094       365.92          2202.18        2836.53         3503.90         4417.09  
    0.100       369.88          2210.72        2839.28         3514.63         4403.84  
    0.106       371.83          2205.54        2803.11         3472.22         4409.71  
    0.113       373.01          2204.81        2794.99         3397.73         4416.86  
    0.119       372.91          2217.45        2766.70         3357.64         4345.57  
    0.125       373.60          2168.95        2682.92         3345.21         4327.06  
    0.131       375.49          2059.89        2630.72         3374.53         4335.26  
    0.138       377.65          2194.60        2577.78         3366.57         4156.20  
    0.144       378.08          2352.79        2726.19         3383.81         3913.64  
    0.150       377.65          2316.27        2855.31         3481.73         3956.95  
    0.156       377.54          2271.96        2825.33         3522.52         4024.17  
    0.163       377.84          2264.66        2808.45         3561.47         4019.79  
    0.169       380.01          2266.09        2812.73         3577.93         4099.48  
    0.175       379.94          2277.20        2821.57         3490.14         4130.96  
    0.181       377.85          2276.23        2812.14         3415.03         4081.84  
    0.188       377.60          2259.04        2801.62         3361.36         4062.23  
    0.194       379.37          2249.65        2796.03         3395.17         4117.11  
    0.200       380.50          2255.17        2792.38         3492.79         4153.20  
    0.206       379.69          2255.63        2788.24         3516.33         4081.09  
    0.213       380.25          2253.07        2785.82         3491.29         3923.17  
    0.219       381.56          2252.04        2797.70         3413.54         3895.95  
    0.225       381.16          2244.58        2819.90         3353.27         3994.53  
    0.231       380.60          2236.02        2831.52         3550.91         3878.20  
    0.238       379.91          2244.00        2826.09         3678.58         3784.38  
    0.244       377.30          2254.38        2804.84         3498.44         3826.30  
    0.250       373.80          2254.75        2776.58         3252.75         3976.80  
    0.256       371.18          2273.14        2777.21         3241.46         4067.14  
    0.263       368.53          2307.88        2798.12         3343.95         4066.66  
    0.269       366.34          2333.62        2812.57         3387.58         4090.66  
    0.275       364.11          2320.90        2826.05         3562.58         3996.82  
    0.281       358.87          2293.19        2817.69         3651.47         4120.42  
    0.288       353.62          2284.14        2813.55         3567.56         4367.55  
    0.294       352.29          2280.11        2824.87         3514.00         4449.08  
    0.300       352.16          2267.47        2823.42         3510.30         4422.67  
    0.306       350.73          2253.21        2811.33         3491.76         4365.84  
    0.312       348.21          2244.57        2816.41         3436.97         4330.74  
    0.319       346.48          2249.72        2825.07         3404.21         4340.22  
    0.325       345.10          2281.59        2810.96         3411.71         4327.23  
    0.331       340.41          2306.40        2796.65         3472.22         4196.40  
    0.338       336.30          2329.93        2805.31         3482.90         4037.06  
    0.344       333.71          2340.76        2804.14         3480.69         4059.18  
    0.350       327.86          2334.82        2784.16         3486.15         4143.49  
    0.356       320.52          2317.96        2772.64         3534.75         4116.41  
    0.363       317.41          2271.65        2757.15         3528.20         4220.89  
    0.369       318.33          2248.25        2733.38         3452.74         4374.36  
    0.375       317.38          2311.84        2737.36         3401.31         4395.74  
    0.381       312.31          2355.28        2754.12         3400.73         4415.69  
    0.388       306.87          2336.44        2749.45         3440.90         4428.66  
    0.394       302.27          2332.45        2742.52         3425.93         4368.43  
    0.400       290.34          2404.37        2650.28         3279.62         4387.95  
    0.406       265.61          2323.97        2633.85         3238.87         4450.46  
    0.413       229.35          2326.32        2743.52         3409.45         4408.85  
    0.419       201.28          2420.89        2796.44         3496.65         4576.83  
    0.425       191.54          2439.81        2765.99         3219.90         4638.11  
    0.431       185.55          2390.59        2799.10         3012.15         4519.14  
    0.438       176.62          2300.20        2836.43         3190.71         4490.04  
    0.444       172.04          2262.05        2794.44         3454.29         4499.21  
    0.450       171.82          2271.80        2765.02         3923.65         4401.59  
    