0.025       0          1673.63        2158.34         2523.17         4090.88  
    0.031       0          1685.00        2161.47         3067.38         4127.35  
    0.038       0          1737.99        2238.00         3214.38         4089.15  
    0.044       0          88.03        1768.76         2341.87         4321.50  
    0.050       371.99          1813.92        2469.82         4713.40         5441.04  
    0.056       468.20          2103.60        2482.19         4580.75         4993.95  
    0.062       468.72          2161.75        2567.56         4567.25         5000.17  
    0.069       462.45          2165.87        2504.28         4486.01         5009.33  
    0.075       459.32          2140.38        2470.07         4479.19         4971.53  
    0.081       449.76          2147.53        2511.83         4495.95         5079.73  
    0.088       440.29          2156.59        2748.59         4481.21         5016.68  
    0.094       435.62          2145.19        2791.41         4413.85         4939.52  
    0.100       433.75          2141.59        2774.35         4385.47         4931.63  
    0.106       430.73          2134.66        2643.91         4367.51         4845.29  
    0.113       429.02          2125.83        2577.69         4369.46         4783.78  
    0.119       429.19          2132.67        2612.40         4378.53         4617.98  
    0.125       432.35          2145.51        2689.35         4382.15         4606.91  
    0.131       436.13          2154.54        2780.35         4427.64         4577.17  
    0.138       439.80          2164.39        2855.45         4404.37         4726.40  
    0.144       443.34          2173.37        2858.98         4387.13         4672.34  
    0.150       448.44          2187.33        2903.17         4373.93         4650.79  
    0.156       453.78          2198.32        2934.83         4392.88         4608.38  
    0.163       457.01          2201.39        2744.81         4337.81         4775.58  
    0.169       465.05          2076.84        2503.11         4310.13         4806.44  
    0.175       469.52          1987.30        2443.47         4336.97         4713.27  
    0.181       477.55          2130.45        2524.15         4296.33         4768.78  
    0.188       487.17          2167.45        2717.51         4347.59         5035.80  
    0.194       485.04          2187.37        2700.28         4425.53         5082.30  
    0.200       493.95          2159.58        2638.57         4449.31         4884.17  
    0.206       500.32          2155.06        2601.60         4401.14         4874.33  
    0.213       499.23          2155.29        2516.21         4435.72         4741.50  
    0.219       504.07          2147.89        2502.88         4543.81         4562.06  
    0.225       505.15          2138.81        2528.88         4595.11         4732.11  
    0.231       506.44          2127.93        2572.50         4551.40         4746.67  
    0.238       511.13          2129.76        2693.84         4367.92         4907.05  
    0.244       515.57          2108.57        2813.37         4326.06         4899.81  
    0.250       517.17          2085.26        2834.38         4273.70         4861.81  
    0.256       514.52          2060.97        2717.79         4167.67         4841.17  
    0.263       509.58          2035.23        2611.23         4149.02         4867.56  
    0.269       510.09          2041.95        2639.69         4181.28         4849.72  
    0.275       509.18          2034.82        2650.52         4193.41         4715.01  
    0.281       509.33          2035.86        2720.22         4169.90         4631.71  
    0.288       510.55          2030.97        2743.83         4088.29         4559.96  
    0.294       512.37          2048.41        2753.69         4066.06         4527.27  
    0.300       513.64          2049.81        2663.66         4032.92         4665.35  
    0.306       513.51          2040.59        2592.33         4040.79         4744.40  
    0.312       513.37          2043.09        2600.23         4050.56         4746.92  
    0.319       512.46          2052.75        2617.89         4080.15         4734.07  
    0.325       512.10          2063.46        2616.49         4087.10         4829.14  
    0.331       512.44          2068.07        2604.65         4110.36         4812.87  
    0.338       513.48          2065.42        2590.54         4126.52         4777.83  
    0.344       515.31          2067.70        2594.76         4168.98         4793.64  
    0.350       514.68          2069.27        2587.43         4263.97         4751.11  
    0.356       514.76          2056.99        2580.18         4304.39         4757.38  
    0.363       513.30          2049.44        2581.04         4280.16         4817.88  
    0.369       510.52          2077.43        2582.11         4274.77         4807.86  
    0.375       508.50          2095.67        2603.41         4276.73         4758.36  
    0.381       505.60          2104.45        2628.16         4301.54         4761.13  
    0.388       503.75          2108.54        2613.02         4291.89         4772.94  
    0.394       503.92          2046.31        2440.21         4253.61         4812.96  
    0.400       504.33          1945.66        2296.56         4212.28         4724.18  
    0.406       505.57          2073.17        2208.92         4298.35         4436.86  
    0.413       501.54          2154.93        2868.43         4332.13         5445.48  
    0.419       485.03          2175.91        2474.15         4281.17         4866.10  
    0.425       469.91          2224.77        2478.54         4257.70         4707.24  
    0.431       461.66          2224.52        2541.40         4259.92         4696.48  
    0.438       459.92          2192.65        2634.04         4295.98         4753.61  
    0.444       449.20          2208.08        2615.16         4289.27         4780.00  
    0.450       451.77          2225.56        2655.38         4310.75         4837.79  
    0.456       474.04          2218.07        2710.62         4357.79         4784.97  
    0.463       496.06          2225.82        2711.75         4376.18         4763.46  
    0.469       501.56          2214.48        2776.00         4409.42         4829.37  
    0.475       489.98          2217.43        2823.21         4441.54         4901.15  
    0.481       497.90          2205.32        2789.47         4481.04         5144.95  
    0.488       484.72          2186.19        2773.87         4530.19         4995.70  
    0.494       479.32          2189.32        2771.14         4527.39         4978.57  
    0.500       467.36          2180.77        2790.59         4577.67         5072.14  
    0.506       457.43          2170.68        2987.67         4656.72         5138.62  
    0.513       451.70          2150.25        3054.67         4668.55         5042.62  
    0.519       462.76          2135.03        3097.03         4622.00         4774.92  
    0.525       453.36          2121.22        3108.04         4472.18         4725.65  
    0.531       443.54          2105.54        3042.69         4398.72         4734.71  
    0.537       438.75          2091.13        3116.94         4503.10         4747.95  
    0.544       440.81          2083.03        3016.14         4507.01         4760.70  
    0.550       440.82          2072.06        3033.36         4365.81         4762.09  
    0.556       441.56          2050.36        3018.09         4020.93         4735.09  
    0.562       436.15          2036.84        2834.19         4250.92         4743.44  
    0.569       426.18          2017.77        2697.78         4535.10         4745.55  
    0.575       415.00          2031.33        2708.99         4519.96         4730.69  
    0.581       406.30          2051.04        2647.68         4387.66         4715.05  
    0.588       398.15          2048.09        2495.21         4529.91         4704.50  
    0.594       389.96          2041.02        2606.56         4489.12         4683.43  
    0.600       392.42          2036.51        2703.50         4377.89         4675.35  
    0.606       390.45          2050.17        2649.24         4357.31         4642.59  
    0.613       383.67          2039.79        2656.89         4373.15         4618.67  
    0.619       380.46          2036.35        2875.38         4412.63         4597.65  
    0.625       375.38          2030.08        2891.81         4321.61         4591.25  
    0.631       368.40          2043.63        2955.50         4059.26         4573.82  
    0.638       366.02          2048.36        3010.11         3242.73         4559.39  
    0.644       369.47          2026.32        3141.75         3159.15         4502.12  
    0.650       384.25          2022.56        3137.88         3269.68         4483.18  
    0.656       389.18          2021.34        2846.74         3310.75         4483.71  
    0.663       397.31          2032.55        2848.59         3161.62         4500.68  
    0.669       403.27          2045.87        2587.47         3238.76         4477.56  
    0.675       385.76          1960.84        2201.92         3319.41         4538.43  
    0.681       363.94          1748.68        2382.61         3350.89         4582.12  
    0.688       365.95          1661.70        2687.00         3367.99         4561.65  
    0.694       385.68          1799.98        2471.88         3328.01         4567.25  
    0.700       307.20          2017.21        2623.78         3315.70         4979.84  
    0.706       342.40          2024.94        2633.54         3336.47         4732.68  
    0.713       325.54          2072.24        2741.66         3329.67         4832.13  
    0.719       321.74          2074.10        2771.77         3321.30         4805.45  
    0.725       355.75          2026.62        2878.41         3287.27         5217.33  
    0.731       364.04          2027.08        2891.85         3327.36         5486.82  
    