0.025       360.23          2271.85        2786.46         3971.76         5140.11  
    0.031       344.18          2278.09        2780.45         4102.87         5148.44  
    0.038       353.24          2283.34        2788.93         4199.27         5111.45  
    0.044       370.15          2296.57        2820.45         4422.71         5049.92  
    0.050       363.79          2279.04        2765.94         4191.89         5037.59  
    0.056       361.52          2283.67        2741.41         4133.57         5032.56  
    0.062       358.27          2274.78        2729.98         4141.34         5033.84  
    0.069       352.80          2270.32        2752.03         4123.01         5045.00  
    0.075       355.24          2288.41        2776.20         4091.63         5008.23  
    0.081       360.15          2279.50        2788.19         3989.39         4988.53  
    0.088       362.97          2274.14        2785.59         3950.76         4970.01  
    0.094       359.61          2249.27        2762.71         3940.44         4950.85  
    0.100       360.81          2257.78        2717.08         3972.93         4973.15  
    0.106       364.94          2265.08        2677.70         3959.62         5013.57  
    0.113       367.22          2255.24        2664.74         3935.24         5025.86  
    0.119       368.65          2237.76        2685.41         3935.96         5018.04  
    0.125       369.42          2219.48        2712.34         3978.28         5003.59  
    0.131       369.34          2230.98        2754.87         4286.07         4964.60  
    0.138       369.31          2238.81        2795.35         4287.41         4959.29  
    0.144       370.41          2231.62        2757.71         4112.07         4956.70  
    0.150       370.39          2229.42        2713.56         4037.99         4948.94  
    0.156       370.92          2255.24        2636.91         3971.53         4953.45  
    0.163       371.26          2238.10        2719.40         3873.61         4919.38  
    0.169       370.81          2225.67        2694.10         3835.32         4899.34  
    0.175       372.87          2228.21        2663.07         3817.23         4922.25  
    0.181       375.51          2235.10        2715.01         3838.64         4897.78  
    0.188       376.15          2235.86        2716.13         3854.02         4846.82  
    0.194       378.29          2238.50        2726.90         4133.88         4764.67  
    0.200       380.74          2256.82        2722.61         3840.20         4931.72  
    0.206       381.75          2259.09        2690.02         3794.83         4952.18  
    0.213       383.30          2250.35        2696.31         3875.74         4961.27  
    0.219       385.24          2255.44        2716.88         3950.63         5144.71  
    0.225       385.72          2263.84        2721.81         4009.47         5445.07  
    0.231       387.68          2265.21        2751.55         4006.24         5500.00  
    0.238       390.50          2257.34        2753.79         4013.73         5500.00  
    0.244       391.97          2263.65        2721.58         4006.67         5500.00  
    0.250       390.32          2275.12        2691.92         3983.34         5500.00  
    0.256       388.07          2273.84        2676.32         3922.09         5081.84  
    0.263       386.55          2262.48        2693.00         3887.39         4911.43  
    0.269       386.05          2250.48        2722.56         3940.00         4912.63  
    0.275       383.54          2237.01        2748.91         3953.14         4919.25  
    0.281       380.67          2223.07        2732.31         3889.17         4821.68  
    0.288       380.40          2225.11        2734.71         3861.79         4813.09  
    0.294       379.23          2228.03        2739.26         3863.15         4862.95  
    0.300       377.01          2228.76        2746.20         3905.61         4927.04  
    0.306       375.01          2227.48        2768.80         3848.93         4906.94  
    0.312       374.11          2224.87        2774.31         3780.50         4915.87  
    0.319       375.21          2226.28        2771.75         3762.52         4902.68  
    0.325       377.69          2221.79        2798.21         3809.00         4862.72  
    0.331       379.43          2212.73        2753.25         3784.36         4839.45  
    0.338       377.60          2211.46        2723.41         3753.49         4787.90  
    0.344       374.85          2222.30        2718.08         3805.52         4767.03  
    0.350       373.57          2233.56        2710.31         3790.81         4738.51  
    0.356       371.61          2228.55        2691.82         3776.14         4751.24  
    0.363       370.35          2194.66        2659.72         3732.80         4738.17  
    0.369       375.93          2200.39        2625.94         3771.34         4742.16  
    0.375       386.59          2234.55        2648.69         3840.38         4743.84  
    0.381       396.57          2207.32        2648.59         3759.10         4722.26  
    0.388       393.50          2209.41        2662.51         3656.99         4692.89  
    0.394       364.11          2218.93        2684.72         3610.14         4654.48  
    0.400       316.85          2321.20        2418.92         3507.45         4618.46  
    0.406       270.68          2280.33        2310.93         3420.32         4620.01  
    0.413       45.47          392.29        601.45         2498.00         3531.10  
    0.419       256.52          1944.00        2369.19         3061.13         4505.87  
    0.425       356.30          2428.74        2970.39         3583.16         4836.00  
    0.431       348.99          2420.62        3002.05         3795.00         4864.12  
    0.438       360.95          2297.94        3036.53         3865.34         4847.88  
    0.444       367.94          2230.69        3151.76         4019.32         5386.50  
    0.450       346.09          2312.51        3189.71         3539.32         4973.55  
    0.456       353.34          2284.15        2980.49         3450.51         4759.46  
    