0.025       555.25          2135.28        2891.13         3334.84         3850.08  
    0.031       555.50          2133.34        2893.64         3361.47         3848.09  
    0.038       557.10          2130.94        2879.39         3413.43         3900.98  
    0.044       559.24          2125.79        2874.19         3411.20         3892.83  
    0.050       560.81          2122.21        2858.29         3396.16         3870.56  
    0.056       561.78          2123.99        2844.58         3422.80         3882.16  
    0.062       563.14          2125.38        2847.13         3481.40         3914.71  
    0.069       562.00          2119.39        2849.96         3507.59         3939.91  
    0.075       558.90          2117.17        2855.83         3502.37         3936.89  
    0.081       556.67          2112.21        2828.11         3475.85         3943.66  
    0.088       554.34          2105.77        2806.63         3477.00         3955.78  
    