0.025       402.16          2273.13        2826.06         3998.58         5278.28  
    0.031       395.20          2283.75        2850.33         4070.53         5287.87  
    0.038       387.95          2290.70        2871.29         4045.12         5286.22  
    0.044       388.76          2275.96        2860.75         4001.08         5254.72  
    0.050       377.53          2291.71        2847.97         3929.75         5250.30  
    0.056       373.16          2290.67        2841.38         3811.97         5222.95  
    0.062       369.00          2276.28        2832.87         3816.75         5201.79  
    0.069       367.80          2268.13        2818.74         3916.16         5211.91  
    0.075       367.06          2236.18        2762.80         3998.36         5196.52  
    0.081       368.91          2251.71        2789.96         3969.13         5155.97  
    0.088       367.83          2249.58        2842.30         3927.47         5177.64  
    0.094       370.78          2269.81        2855.46         3959.57         5242.11  
    0.100       372.60          2248.93        2837.43         3982.57         5197.27  
    0.106       372.72          2276.22        2848.28         3969.75         5198.05  
    0.113       372.73          2285.17        2856.32         3959.48         5330.65  
    0.119       375.43          2271.90        2834.42         3986.49         5278.60  
    0.125       378.73          2258.06        2788.26         4024.41         5310.74  
    0.131       380.06          2262.09        2770.90         4033.01         5335.36  
    0.138       379.75          2266.92        2803.08         3993.22         5208.45  
    0.144       379.52          2265.96        2823.49         4010.43         5209.89  
    0.150       379.07          2268.20        2834.30         4027.85         5187.17  
    0.156       379.07          2270.77        2855.98         4027.57         5160.16  
    0.163       380.24          2276.22        2873.07         4021.31         5448.16  
    0.169       381.23          2284.58        2848.42         3983.33         5415.20  
    0.175       381.36          2289.12        2821.06         3965.71         5484.94  
    0.181       384.26          2293.38        2824.79         3969.04         5500.00  
    0.188       385.62          2301.28        2854.11         3979.99         5500.00  
    0.194       386.09          2293.58        2866.13         3972.62         5500.00  
    0.200       386.03          2287.51        2859.33         3965.62         5210.79  
    0.206       385.05          2285.70        2845.48         3966.49         5110.93  
    0.213       384.51          2281.14        2830.73         3969.42         5116.66  
    0.219       383.56          2283.57        2824.34         3969.58         5163.96  
    0.225       383.58          2285.67        2832.24         3986.74         5450.53  
    0.231       385.49          2266.73        2805.18         3949.58         5251.12  
    0.238       386.69          2251.39        2780.08         3953.52         5130.20  
    0.244       385.90          2255.34        2785.18         4031.13         5090.20  
    0.250       386.66          2257.48        2807.38         4045.70         5089.37  
    0.256       387.69          2253.78        2824.27         4035.16         5074.02  
    0.263       388.72          2249.95        2832.48         4021.53         5128.05  
    0.269       390.10          2262.67        2828.30         3996.93         5183.15  
    0.275       391.15          2263.76        2824.09         3936.25         5111.93  
    0.281       392.35          2260.23        2826.43         3953.40         5132.78  
    0.288       392.83          2260.94        2828.39         3998.62         5445.56  
    0.294       393.34          2252.43        2826.73         3982.61         5500.00  
    0.300       392.99          2247.23        2819.22         3934.46         5384.88  
    0.306       393.71          2248.89        2810.72         3960.81         5361.64  
    0.312       394.41          2250.77        2808.27         3965.40         5033.43  
    0.319       396.08          2250.38        2803.73         3951.61         4859.55  
    0.325       398.17          2247.21        2803.98         3994.43         4815.68  
    0.331       397.78          2251.91        2807.00         3976.45         4818.74  
    0.338       397.70          2262.56        2818.10         3917.14         4861.08  
    0.344       398.42          2269.51        2776.77         3867.32         4900.37  
    0.350       399.86          2256.86        2748.32         3818.90         4860.33  
    0.356       404.08          2241.92        2736.39         3864.57         4862.76  
    0.363       409.15          2226.77        2699.28         3913.55         4821.32  
    0.369       413.77          2223.14        2729.50         3968.43         4716.40  
    0.375       420.17          2234.84        2741.67         4037.24         4667.86  
    0.381       426.68          2237.01        2741.18         3882.34         4714.42  
    0.388       413.81          2248.93        2738.88         3705.97         4697.79  
    0.394       389.16          2295.82        2673.81         4129.36         4597.68  
    0.400       58.09          644.10        2414.41         3034.23         4526.64  
    0.406       234.65          2095.62        2673.03         3976.94         4718.52  
    0.413       181.39          2402.26        2694.50         3775.37         4835.65  
    0.419       300.37          2393.44        2668.24         3965.06         4902.85  
    