0.025       315.50          1454.51        2190.19         4828.83         5500.00  
    0.031       133.35          1460.72        2207.63         4095.29         5223.75  
    0.038       0          619.33        2105.76         3364.93         5011.33  
    0.044       163.48          1175.18        2711.05         4243.18         5290.31  
    0.050       303.28          2069.65        3221.21         4981.32         5500.00  
    0.056       330.53          2097.52        3181.87         4873.68         5273.17  
    0.062       349.53          2101.35        3111.81         4049.49         5199.59  
    0.069       358.56          2095.35        3027.35         3497.84         5307.82  
    0.075       359.61          2081.22        2941.15         3510.44         5332.79  
    0.081       358.34          2075.10        2933.95         3554.10         5300.28  
    0.088       356.23          2072.46        2950.46         3590.50         5265.14  
    0.094       354.69          2049.58        2970.64         3599.18         5279.42  
    0.100       355.48          2032.09        3003.14         3602.45         5288.08  
    0.106       358.91          2032.04        3009.65         3590.39         5266.07  
    0.113       361.39          2017.16        2977.83         3556.15         5231.49  
    0.119       361.10          2026.06        2938.63         3536.15         5201.26  
    0.125       362.53          2045.03        2949.86         3518.88         5203.77  
    0.131       366.43          2019.12        2952.82         3499.90         5217.46  
    0.138       370.48          2012.31        2941.11         3508.73         5228.39  
    0.144       373.00          2036.89        2935.57         3522.82         5305.28  
    0.150       374.16          2055.26        2937.72         3520.71         5439.82  
    0.156       375.14          2062.16        2903.30         3514.05         5500.00  
    0.163       376.65          2047.37        2883.67         3513.57         5344.48  
    0.169       377.55          2045.85        2909.70         3519.30         5220.08  
    0.175       376.26          2053.59        2890.78         3513.00         5211.22  
    0.181       376.35          2052.46        2855.14         3507.78         5256.03  
    0.188       379.19          2047.18        2841.68         3508.21         5246.06  
    0.194       381.65          2045.99        2816.45         3511.29         5214.11  
    0.200       381.11          2050.23        2797.03         3508.90         5243.34  
    0.206       379.19          2046.85        2815.50         3501.47         5245.10  
    0.213       378.66          2028.11        2790.98         3490.71         5238.05  
    0.219       380.35          2021.06        2766.35         3483.79         5260.16  
    0.225       382.65          2024.64        2783.46         3484.67         5266.66  
    0.231       384.02          2018.13        2781.48         3481.30         5233.51  
    0.238       385.26          2018.23        2790.89         3478.79         5221.28  
    0.244       386.55          2015.75        2826.17         3468.02         5242.84  
    0.250       389.24          2021.45        2853.35         3447.76         5258.84  
    0.256       391.39          2035.51        2908.67         3444.97         5229.58  
    0.263       392.41          2051.21        2897.85         3452.37         5192.91  
    0.269       393.38          2054.93        2786.33         3455.10         5216.14  
    0.275       392.65          2054.70        2700.16         3454.47         5255.90  
    0.281       391.09          2062.60        2675.71         3464.19         5303.49  
    0.288       389.18          2062.50        2697.97         3489.25         5332.21  
    0.294       390.03          2030.62        2658.72         3498.75         5292.95  
    0.300       393.55          1978.49        2628.02         3478.35         5239.61  
    0.306       399.74          1936.03        2647.49         3455.92         5272.27  
    0.312       405.98          1899.65        2628.48         3453.74         5292.41  
    0.319       409.79          1855.54        2574.55         3455.49         5261.58  
    0.325       410.49          1826.43        2540.08         3473.61         5270.60  
    0.331       411.55          1823.43        2543.90         3476.91         5275.55  
    0.338       415.68          1834.25        2522.32         3453.66         5232.56  
    0.344       420.36          1876.51        2488.13         3472.64         5232.99  
    0.350       426.38          1971.87        2611.87         3555.05         5290.76  
    0.356       435.54          1986.93        2794.17         3623.14         5252.46  
    0.363       444.90          1944.89        2789.46         3548.24         5216.57  
    0.369       448.81          1984.55        2667.61         3476.77         5200.98  
    0.375       451.64          2052.62        2682.93         3522.89         5254.36  
    0.381       455.77          2044.56        2699.91         3539.85         5330.86  
    0.388       459.33          2001.84        2721.95         3523.95         5279.64  
    0.394       464.02          1989.69        2697.90         3532.38         5146.73  
    0.400       469.90          2031.39        2706.72         3613.07         5118.99  
    0.406       482.24          2037.99        2820.57         3564.68         5121.04  
    0.413       498.45          2005.37        2938.21         3492.94         5108.04  
    0.419       511.10          1989.99        2881.63         3684.24         5096.57  
    0.425       522.62          1979.09        2829.60         4011.68         5058.99  
    0.431       536.01          1932.00        2895.28         4217.92         5305.07  
    0.438       549.38          1912.20        2857.78         3941.18         5271.19  
    0.444       568.50          1962.09        2832.87         3911.18         5083.86  
    0.450       244.54          1182.46        2339.39         3379.27         5035.53  
    0.456       0          571.61        1944.82         2938.17         5012.57  
    0.463       0          494.03        1938.44         3004.30         5065.84  
    0.469       236.83          1345.54        2400.23         3018.87         5118.20  
    0.475       439.46          1989.51        2933.46         3247.72         5137.89  
    0.481       194.80          1155.25        2451.00         3197.98         5133.35  
    0.488       0          575.11        1959.46         3006.48         5105.19  
    0.494       340.73          1356.32        2598.48         4201.51         5326.96  
    0.500       592.14          1897.09        3100.87         4968.54         5263.96  
    