0.025       0          873.98        1781.63         2898.36         4115.40  
    0.031       0          860.11        1842.24         2956.41         4319.76  
    0.038       0          823.03        1851.63         2991.02         4310.32  
    0.044       0          521.13        1760.85         2962.39         4283.62  
    0.050       0          343.92        2030.76         2904.57         4295.68  
    0.056       0          323.08        2716.38         2891.50         4299.39  
    0.062       0          302.26        2787.27         2929.87         4315.11  
    0.069       222.91          2009.94        2815.72         4053.23         5262.21  
    0.075       297.64          2460.96        2770.77         4371.43         5500.00  
    0.081       333.27          2542.08        2804.41         4330.97         5500.00  
    0.088       349.84          2433.03        2887.34         4304.95         5177.67  
    0.094       348.77          2366.56        2923.00         4337.16         4945.63  
    0.100       338.92          2462.67        2898.29         4348.17         5096.87  
    0.106       332.31          2528.20        2869.09         4315.63         5103.34  
    0.113       329.96          2406.17        2870.37         4284.60         4915.09  
    0.119       327.88          2418.13        3524.09         4292.86         5373.19  
    0.125       65.93          750.92        2659.86         3867.50         4527.75  
    0.131       260.93          2074.56        3391.33         4161.58         5254.87  
    0.138       327.53          2490.56        3430.81         4245.45         5500.00  
    0.144       328.79          2479.18        3232.21         4234.85         5500.00  
    0.150       330.47          2499.93        3113.29         4236.46         5231.77  
    0.156       329.84          2387.49        3219.38         4252.88         5190.49  
    0.163       329.42          2335.18        3375.34         4256.47         5439.01  
    0.169       330.08          2366.71        3388.83         4278.70         5500.00  
    0.175       333.22          2341.99        3481.42         4329.98         5500.00  
    0.181       333.59          2315.15        3516.22         4303.69         5500.00  
    0.188       334.14          2292.45        3519.45         4307.65         5500.00  
    0.194       336.03          2237.66        3527.24         4334.62         5500.00  
    0.200       336.06          2208.38        3524.95         4328.55         5500.00  
    0.206       335.75          2213.01        3520.17         4315.68         5500.00  
    0.213       336.11          2238.95        3500.27         4323.15         5500.00  
    0.219       335.97          2260.41        3501.80         4333.04         5500.00  
    0.225       333.16          2244.18        3499.30         4361.43         5500.00  
    0.231       332.69          2245.53        3609.17         4364.22         5500.00  
    0.238       334.59          2246.05        3658.16         4374.40         5500.00  
    0.244       334.70          2240.86        3503.39         4378.35         5500.00  
    0.250       331.19          2230.04        3348.86         4288.43         5500.00  
    0.256       331.12          2219.38        3554.41         4305.74         5500.00  
    0.263       333.01          2208.63        3661.10         4303.27         5500.00  
    0.269       331.39          2213.91        3577.04         4305.99         5500.00  
    0.275       330.25          2207.13        3134.55         4323.78         4972.27  
    0.281       330.26          2205.96        3077.15         4307.29         5197.97  
    0.288       330.88          2205.01        3424.85         4296.65         5457.40  
    0.294       330.93          2206.46        3428.58         4282.70         5500.00  
    0.300       330.95          2205.89        3399.54         4293.28         5500.00  
    0.306       66.64          709.55        2436.02         3793.17         4538.26  
    0.312       0          334.02        2171.83         3684.70         4280.74  
    0.319       0          335.40        2154.25         3687.66         4235.81  
    0.325       268.69          1816.82        3419.57         4089.27         5243.35  
    0.331       337.67          2194.24        3735.82         4195.44         5500.00  
    0.338       336.52          2175.96        3505.64         4075.08         5500.00  
    0.344       337.01          2157.73        3487.00         4036.79         5500.00  
    0.350       339.21          2168.94        3643.03         4147.64         5500.00  
    0.356       340.81          2189.25        3592.28         3887.56         4637.05  
    0.363       344.26          2184.16        3366.79         3815.55         4427.48  
    0.369       69.48          717.59        2416.19         3783.58         4367.54  
    0.375       0          350.12        2184.22         3748.06         4264.84  
    0.381       285.26          1759.54        3402.23         4125.64         5246.87  
    0.388       362.76          2134.65        3533.35         3840.80         4540.81  
    0.394       370.80          2143.91        3643.54         4022.62         5258.16  
    0.400       75.00          742.68        2456.60         3768.22         4392.56  
    0.406       0          394.09        2238.82         3699.64         4094.58  
    0.413       0          391.69        2326.72         3734.96         4114.20  
    0.419       0          389.11        2345.61         3720.78         4113.16  
    0.425       0          387.43        2384.13         3726.30         4087.91  
    0.431       0          389.41        2483.28         3744.96         4086.15  
    0.438       0          378.38        2545.57         3705.30         4086.22  
    0.444       0          370.37        2598.52         3696.18         4204.40  
    0.450       0          359.48        2543.62         3696.96         4239.63  
    0.456       0          316.80        2407.76         3709.17         4172.12  
    0.463       0          274.85        2353.14         3707.53         4244.95  
    0.469       0          259.25        2308.78         3719.20         4263.47  
    0.475       0          270.64        2234.67         3720.06         4130.66  
    0.481       0          267.47        2234.06         3781.74         4070.79  
    0.488       215.47          1840.98        3101.51         3855.14         5210.86  
    0.494       279.15          2163.20        3491.55         3973.61         5500.00  
    0.500       56.68          657.40        2420.58         3802.69         4364.45  
    0.506       0          291.02        2140.55         3699.51         3930.80  
    0.513       248.64          1594.34        2629.20         3961.57         5176.54  
    0.519       351.02          1960.31        2785.15         3972.33         5500.00  
    0.525       72.70          768.19        2359.73         3316.14         4444.26  
    0.531       0          493.77        2190.56         3544.33         4229.63  
    0.537       0          535.65        2126.98         3657.13         4228.08  
    0.544       0          426.53        1973.09         3168.30         4302.13  
    0.550       0          410.84        1999.54         3029.63         4246.18  
    