0.025       1255.60          1960.40        2786.63         3913.59         5500.00  
    0.031       1253.79          1947.64        2963.88         3859.66         5351.79  
    0.038       1245.20          1928.24        3107.84         3867.29         5283.18  
    0.044       1478.44          1779.26        2357.07         3858.52         5470.93  
    0.050       196.65          1508.03        2091.47         3888.68         5325.04  
    0.056       0          1411.51        2071.88         3922.30         4997.59  
    0.062       0          1335.59        2091.41         3852.22         4277.11  
    0.069       0          1258.31        2072.94         3457.28         4319.04  
    0.075       0          1162.33        2099.40         3301.18         4353.22  
    0.081       0          1072.05        2188.25         3169.27         4385.08  
    0.088       0          918.66        2198.35         3177.78         4145.08  
    0.094       0          332.30        2144.10         3188.65         4048.38  
    0.100       0          201.77        2157.11         3152.15         4018.12  
    0.106       0          753.10        2191.75         3143.11         3956.74  
    0.113       0          471.53        2147.65         3147.67         3844.20  
    0.119       0          401.90        2086.75         3126.78         3942.78  
    0.125       0          397.20        2088.48         3104.00         3922.69  
    0.131       341.60          1844.02        2897.66         3669.71         5294.34  
    0.138       395.01          2073.31        3014.69         3681.27         5500.00  
    0.144       393.20          2096.58        2962.51         3574.49         5500.00  
    0.150       393.28          2108.64        2914.43         3605.81         5500.00  
    0.156       395.35          2122.37        2958.10         3723.78         5500.00  
    0.163       393.06          2104.41        2980.09         3723.39         5500.00  
    0.169       395.29          2096.19        2972.67         3682.67         5500.00  
    0.175       400.51          2092.93        2990.92         3658.09         5500.00  
    0.181       403.61          2101.66        2955.64         3586.54         5500.00  
    0.188       403.42          2118.00        2980.89         3607.29         5500.00  
    0.194       402.27          2126.47        2996.98         3615.53         5500.00  
    0.200       404.97          2120.47        2988.86         3636.26         5500.00  
    0.206       403.62          2120.71        2956.89         3609.57         5500.00  
    0.213       404.35          2144.70        2992.83         3625.23         5500.00  
    0.219       407.28          2142.14        2976.28         3611.72         5500.00  
    0.225       409.74          2138.87        2945.43         3610.36         5500.00  
    0.231       414.64          2150.58        2963.84         3633.89         5500.00  
    0.238       421.90          2164.94        3038.26         3728.01         5500.00  
    0.244       426.90          2161.68        3042.49         3741.27         5500.00  
    0.250       428.19          2155.95        3020.17         3673.66         5500.00  
    0.256       424.77          2146.79        2975.85         3621.92         5500.00  
    0.263       423.67          2145.65        2979.51         3627.98         5500.00  
    0.269       423.84          2161.19        3015.17         3665.35         5500.00  
    0.275       427.32          2167.05        3034.89         3663.02         5500.00  
    0.281       429.53          2169.28        3074.62         3696.97         5500.00  
    0.288       429.28          2167.23        3125.17         3658.40         5500.00  
    0.294       424.31          2152.04        2840.12         3602.19         5500.00  
    0.300       424.68          2114.50        2759.80         3606.54         5500.00  
    0.306       428.63          2103.17        2627.04         3596.09         5500.00  
    0.312       429.42          2088.20        2601.59         3619.33         5500.00  
    0.319       428.06          2143.37        2623.47         3674.07         5500.00  
    0.325       432.76          2177.45        2703.27         3690.47         5500.00  
    0.331       443.46          2134.87        2659.14         3622.22         5500.00  
    0.338       452.98          2111.33        2689.99         3614.19         5500.00  
    0.344       454.94          2022.28        2737.26         3677.23         5500.00  
    0.350       451.87          1943.99        2723.30         3727.93         5500.00  
    0.356       448.63          1953.00        2715.86         3739.57         5500.00  
    0.363       445.55          1998.61        2717.70         3710.06         5473.42  
    0.369       444.55          2016.00        2739.11         3691.23         5421.32  
    0.375       449.79          2060.64        2756.56         3752.78         5488.84  
    0.381       464.86          2115.36        2819.69         3806.59         5500.00  
    0.388       484.09          2107.66        2774.18         3817.90         5500.00  
    0.394       493.56          2088.36        2717.21         3844.05         5424.84  
    0.400       484.92          2075.17        2698.94         3811.20         5345.64  
    0.406       475.13          2034.40        2694.80         3826.85         5328.61  
    0.413       486.30          2034.37        2717.91         3868.63         5321.88  
    0.419       513.18          2057.22        2758.77         3882.67         5364.24  
    0.425       521.07          2050.90        2764.36         3907.06         5364.24  
    0.431       518.59          2024.93        2753.88         3918.68         5357.09  
    0.438       517.65          2004.40        2712.69         3919.52         5391.54  
    0.444       518.65          1990.87        2670.20         3922.21         5414.11  
    0.450       526.10          1987.18        2669.70         3948.73         5379.12  
    0.456       543.31          1981.94        2716.91         3925.52         5311.36  
    0.463       565.74          2006.59        2689.96         3936.13         5327.83  
    0.469       589.74          2066.87        2625.05         3907.96         5339.94  
    0.475       591.99          2110.52        2604.23         3906.08         5342.78  
    0.481       546.71          2023.62        2654.76         3983.81         5351.17  
    0.488       476.52          1957.01        2671.12         4043.04         5389.15  
    0.494       374.39          1955.79        2627.92         4251.62         5486.31  
    0.500       329.96          1879.50        2581.12         4322.84         5500.00  
    0.506       348.13          1877.36        2624.00         4426.73         5500.00  
    0.513       45.67          648.37        2058.49         2852.57         4613.53  
    0.519       0          476.64        1787.93         2628.43         4531.95  
    0.525       0          441.45        1731.89         2454.26         4422.73  
    0.531       0          428.61        1722.96         2256.18         4379.64  
    0.537       0          433.37        1687.65         2416.87         4388.05  
    0.544       0          452.45        1574.94         2565.62         4380.39  
    0.550       0          452.74        1339.89         2637.89         4373.74  
    0.556       0          444.01        1118.68         2679.72         4346.19  
    0.562       0          458.50        1725.49         2796.00         4359.76  
    0.569       0          409.69        1852.38         2820.91         4386.01  
    0.575       0          386.57        1858.52         2874.62         4432.59  
    0.581       332.60          1628.95        2731.90         4242.66         5362.14  
    0.588       409.55          1850.35        2845.53         4424.56         5500.00  
    0.594       401.44          1918.77        2825.65         4431.80         5500.00  
    