0.025       494.69          2392.12        2847.90         3451.40         4140.85  
    0.031       477.79          2411.81        2837.93         3494.81         4127.96  
    0.038       461.22          2439.32        2819.19         3533.89         4111.72  
    0.044       455.57          2444.26        2798.30         3403.97         4085.35  
    0.050       448.77          2441.89        2777.00         3186.38         4064.05  
    0.056       445.67          2438.61        2776.48         3276.77         4057.93  
    0.062       448.33          2424.98        2775.14         3283.95         4070.20  
    0.069       450.69          2417.08        2777.12         3204.93         4057.40  
    0.075       447.15          2421.49        2783.88         3142.75         4044.99  
    0.081       440.16          2423.62        2748.43         3064.22         4054.85  
    0.088       438.57          2391.93        2708.70         3078.83         4070.40  
    0.094       443.65          2395.18        2727.57         3131.15         4055.34  
    0.100       448.08          2432.25        2767.94         3166.85         4080.34  
    0.106       448.97          2456.56        2793.51         3202.65         4134.15  
    0.113       452.88          2460.15        2806.94         3238.69         4112.09  
    0.119       459.13          2443.22        2795.34         3237.13         4023.53  
    0.125       464.72          2426.86        2774.67         3216.42         3999.25  
    0.131       464.88          2421.84        2766.49         3217.04         4032.10  
    0.138       464.99          2422.12        2758.45         3217.85         4037.73  
    0.144       467.42          2421.13        2753.27         3211.89         4015.57  
    0.150       467.22          2422.91        2752.89         3208.63         4016.04  
    0.156       462.89          2438.79        2767.59         3225.09         4021.48  
    0.163       460.26          2450.92        2777.73         3243.35         3974.13  
    0.169       457.95          2445.35        2767.43         3241.91         3919.68  
    0.175       454.14          2433.67        2755.63         3246.05         3897.34  
    0.181       450.52          2425.23        2754.51         3272.42         3913.97  
    0.188       446.37          2419.99        2753.85         3308.86         3975.62  
    0.194       441.40          2416.37        2745.42         3331.23         4017.74  
    0.200       437.62          2409.32        2743.35         3336.33         4021.26  
    0.206       436.38          2400.52        2750.47         3345.37         4009.82  
    0.213       437.14          2404.44        2752.32         3395.27         4002.40  
    0.219       434.19          2414.63        2743.49         3441.61         3986.58  
    0.225       425.26          2401.90        2735.41         3464.72         3979.10  
    0.231       417.46          2390.31        2739.26         3490.13         4022.89  
    0.238       409.75          2389.62        2741.07         3568.91         4088.61  
    0.244       397.55          2385.87        2753.84         3681.40         4096.54  
    0.250       401.63          2426.73        2790.17         3720.95         4070.33  
    0.256       413.12          2460.37        2808.36         3762.87         4083.09  
    0.263       417.28          2445.00        2772.80         3813.01         4137.41  
    0.269       419.50          2445.14        2748.61         3802.13         4179.66  
    0.275       424.87          2462.75        2764.16         3804.08         4169.66  
    0.281       441.13          2437.15        2751.95         3855.90         4125.06  
    0.288       436.95          2456.76        2643.33         3867.24         4092.73  
    0.294       420.31          2504.05        2554.68         3802.19         4116.78  
    0.300       414.90          2486.73        2559.67         3822.14         4102.63  
    