0.025       393.26          2220.02        2722.24         3518.76         4696.40  
    0.031       388.29          2200.15        2728.64         3566.00         4469.78  
    0.038       392.25          2192.52        2783.28         3602.91         4420.26  
    0.044       391.38          2191.19        2722.06         3624.31         4705.02  
    0.050       400.19          2189.24        2627.18         3626.22         4767.35  
    0.056       399.34          2216.61        2655.49         3593.21         4780.46  
    0.062       395.24          2226.66        2718.58         3625.88         4767.33  
    0.069       396.21          2237.78        2750.96         3600.89         4844.41  
    0.075       401.37          2202.70        2679.86         3567.86         4726.20  
    0.081       405.06          2193.84        2662.67         3572.12         4851.42  
    0.088       412.72          2182.80        2674.46         3572.39         5239.83  
    0.094       421.15          2179.29        2670.20         3586.42         5076.43  
    0.100       429.83          2183.49        2739.41         3599.04         5052.27  
    0.106       434.41          2184.08        2744.57         3579.66         4993.06  
    0.113       436.49          2184.33        2695.11         3581.08         4962.71  
    0.119       437.66          2183.22        2673.43         3581.40         4961.89  
    0.125       440.78          2185.01        2685.08         3564.91         4980.86  
    0.131       443.75          2186.57        2742.02         3560.34         5048.89  
    0.138       447.51          2184.17        2733.90         3546.84         5060.18  
    0.144       448.38          2174.39        2632.48         3514.98         4971.62  
    0.150       449.14          2179.82        2644.80         3511.92         5046.86  
    0.156       449.53          2193.02        2617.23         3542.10         5059.93  
    0.163       449.47          2182.75        2621.38         3529.01         5047.73  
    0.169       447.61          2180.80        2593.89         3520.74         4951.33  
    0.175       447.49          2191.03        2570.65         3532.54         4979.65  
    0.181       446.12          2206.00        2606.86         3536.73         4911.38  
    0.188       445.16          2193.33        2546.81         3532.22         4878.49  
    0.194       446.13          2188.41        2554.54         3521.59         4961.66  
    0.200       446.59          2185.60        2616.71         3482.05         5011.54  
    0.206       446.82          2192.72        2642.16         3471.70         4941.85  
    0.213       446.98          2210.44        2600.09         3472.70         4913.23  
    0.219       445.95          2206.77        2555.66         3496.75         4936.05  
    0.225       444.83          2199.62        2577.78         3514.45         4932.55  
    0.231       445.46          2207.98        2528.21         3512.95         4958.45  
    0.238       448.89          2197.90        2524.24         3516.31         5079.25  
    0.244       453.32          2175.08        2613.59         3525.22         5096.17  
    0.250       454.68          2173.86        2645.65         3527.90         5022.22  
    0.256       451.99          2169.79        2663.18         3519.63         4952.42  
    0.263       450.50          2166.22        2697.80         3501.54         5010.43  
    0.269       452.63          2180.84        2686.33         3528.32         4957.06  
    0.275       454.10          2189.57        2672.16         3552.99         4843.97  
    0.281       452.02          2191.78        2635.03         3538.14         4676.76  
    0.288       455.27          2180.48        2631.88         3526.56         4951.21  
    0.294       455.95          2193.14        2604.69         3543.77         4865.17  
    0.300       453.32          2211.67        2562.00         3548.95         4742.84  
    0.306       451.56          2202.13        2593.51         3562.27         4768.83  
    0.312       452.80          2191.72        2672.85         3507.21         4842.93  
    0.319       455.19          2191.81        2692.75         3485.11         4924.37  
    0.325       458.16          2207.84        2666.85         3501.97         4931.55  
    0.331       457.91          2202.48        2684.04         3489.91         4763.41  
    0.338       456.77          2196.63        2692.03         3503.91         4725.00  
    0.344       455.36          2197.85        2613.89         3578.13         4671.40  
    0.350       453.31          2200.97        2566.46         3576.02         4606.55  
    0.356       452.39          2197.14        2537.25         3546.64         4599.82  
    0.363       451.54          2202.73        2547.34         3517.82         4614.87  
    0.369       450.93          2205.55        2571.11         3504.70         4647.17  
    0.375       449.57          2215.31        2605.68         3474.84         4752.58  
    0.381       449.26          2213.96        2571.50         3482.85         4708.88  
    0.388       450.19          2208.66        2594.23         3467.59         4851.54  
    0.394       449.83          2205.59        2556.78         3470.24         4771.61  
    0.400       449.69          2208.40        2553.66         3463.90         4746.18  
    0.406       449.25          2204.14        2518.70         3449.80         4793.78  
    0.413       451.39          2200.78        2480.20         3437.92         4829.21  
    0.419       453.07          2196.60        2528.18         3465.71         4890.23  
    0.425       453.42          2173.28        2587.58         3560.56         4973.21  
    0.431       455.01          2164.23        2614.70         3522.68         5185.19  
    0.438       457.81          2173.59        2640.26         3530.27         5453.18  
    0.444       78.26          750.51        2266.56         2815.16         3884.95  
    0.450       0          460.85        2185.98         2629.01         3592.96  
    0.456       0          468.25        2200.94         2618.58         3620.23  
    0.463       0          477.72        2209.43         2713.85         3550.25  
    0.469       0          497.06        2213.29         2937.31         3566.88  
    0.475       0          507.92        2288.05         2976.68         3549.93  
    0.481       0          485.28        2321.39         2856.09         3503.04  
    0.488       0          470.28        2281.24         2754.77         3585.72  
    0.494       0          477.91        2281.33         2840.68         3751.33  
    0.500       0          479.26        2299.05         2803.98         3762.56  
    0.506       0          484.02        2302.31         2871.19         3697.88  
    0.513       0          477.52        2249.26         2902.74         3682.45  
    0.519       0          481.20        2196.29         2861.40         3735.40  
    0.525       0          379.75        2182.82         2898.72         3896.60  
    0.531       0          278.87        2188.24         2866.27         3879.86  
    0.537       0          272.04        2152.90         2834.79         3787.01  
    0.544       217.13          1810.04        2754.01         3697.36         5204.59  
    0.550       44.71          542.50        2332.12         3334.18         4206.36  
    0.556       0          191.08        2225.03         3367.63         3720.88  
    0.562       158.90          1951.40        2419.71         3398.46         4902.87  
    0.569       213.11          1874.90        2614.55         3406.57         5441.18  
    