0.025       349.93          2092.41        2695.64         3429.57         5328.60  
    0.031       338.96          2115.12        2680.03         3446.26         5317.26  
    0.038       355.87          2118.25        2674.22         3443.89         5303.16  
    0.044       370.07          2104.95        2687.43         3488.64         5378.01  
    0.050       378.84          2110.56        2661.80         3496.29         5397.75  
    0.056       398.47          2117.47        2654.01         3500.52         5401.48  
    0.062       406.08          2126.84        2678.62         3511.70         5489.44  
    0.069       409.74          2142.18        2690.88         3528.89         5500.00  
    0.075       411.03          2173.17        2706.55         3562.60         5500.00  
    0.081       410.82          2166.18        2686.94         3566.70         5500.00  
    0.088       411.84          2158.01        2680.08         3552.85         5500.00  
    0.094       415.65          2121.42        2699.49         3554.84         5500.00  
    0.100       416.42          2118.69        2692.58         3569.60         5500.00  
    0.106       417.54          2135.85        2675.23         3576.61         5500.00  
    0.113       419.99          2136.95        2715.16         3572.00         5500.00  
    0.119       422.33          2130.85        2716.01         3575.60         5500.00  
    0.125       424.40          2116.33        2688.76         3553.15         5500.00  
    0.131       428.60          2126.36        2712.69         3557.97         5500.00  
    0.138       425.45          2145.68        2777.67         3567.06         5500.00  
    0.144       413.56          2144.74        2719.43         3551.49         5500.00  
    0.150       409.33          2133.95        2688.11         3554.91         5500.00  
    0.156       406.61          2129.04        2727.96         3556.41         5500.00  
    0.163       408.37          2115.67        2703.47         3547.68         5500.00  
    0.169       409.20          2111.72        2680.73         3517.28         5500.00  
    0.175       408.48          2121.34        2695.64         3532.88         5500.00  
    0.181       409.46          2118.14        2701.50         3557.17         5500.00  
    0.188       410.57          2118.62        2691.24         3533.19         5500.00  
    0.194       411.15          2109.11        2709.60         3533.38         5500.00  
    0.200       410.62          2102.46        2718.54         3521.32         5500.00  
    0.206       409.55          2100.09        2692.93         3539.38         5500.00  
    0.213       407.02          2096.73        2673.64         3516.40         5500.00  
    0.219       407.37          2088.34        2679.44         3453.56         5500.00  
    0.225       407.74          2082.08        2677.04         3461.34         5500.00  
    0.231       408.39          2085.37        2669.32         3466.22         5500.00  
    0.238       407.41          2083.82        2663.58         3454.83         5500.00  
    0.244       406.45          2086.09        2672.33         3467.79         5500.00  
    0.250       407.22          2090.15        2662.25         3464.00         5500.00  
    0.256       406.57          2091.16        2639.37         3433.88         5500.00  
    0.263       409.56          2093.44        2630.39         3428.82         5500.00  
    0.269       410.13          2085.29        2637.48         3424.71         5500.00  
    0.275       411.43          2091.48        2636.75         3399.23         5500.00  
    0.281       409.55          2089.28        2614.38         3399.75         5310.91  
    0.288       408.09          2084.35        2608.34         3425.65         5290.64  
    0.294       409.85          2075.07        2626.53         3432.63         5477.53  
    0.300       408.97          2061.48        2653.39         3426.17         5500.00  
    0.306       408.73          2076.50        2637.70         3428.26         5500.00  
    0.312       406.04          2068.59        2618.86         3396.87         5500.00  
    0.319       405.99          2072.37        2595.91         3403.82         5500.00  
    0.325       405.00          2069.55        2549.69         3399.84         5500.00  
    0.331       404.49          2046.39        2537.70         3410.13         5500.00  
    0.338       405.62          2041.24        2567.82         3396.06         5337.97  
    0.344       405.39          2035.87        2572.47         3356.63         5277.53  
    0.350       406.47          2046.19        2539.56         3344.93         5353.33  
    0.356       404.30          2048.88        2563.61         3344.00         5395.69  
    0.363       403.90          2046.69        2583.63         3331.78         5386.87  
    0.369       401.63          2058.79        2563.36         3264.84         5259.00  
    0.375       398.77          2059.21        2551.70         3171.83         5207.51  
    0.381       398.35          2054.50        2555.46         3208.80         5189.53  
    0.388       395.73          2042.51        2535.95         3232.25         5194.74  
    0.394       398.15          2035.03        2550.10         3170.74         5249.58  
    0.400       400.74          2051.00        2673.00         2851.22         5264.26  
    0.406       402.34          2061.57        2643.25         3394.28         5474.77  
    0.413       401.57          2059.97        2599.00         3353.69         5500.00  
    0.419       403.60          2071.15        2604.61         3366.28         5500.00  
    0.425       43.41          587.73        2130.31         2731.68         3754.54  
    0.431       365.76          1892.56        2544.15         3454.43         5289.80  
    0.438       413.72          2083.75        2641.06         3504.84         5500.00  
    0.444       422.41          2077.40        2697.92         3520.07         5500.00  
    0.450       425.88          2076.94        2732.68         3531.98         5500.00  
    0.456       399.09          2072.14        2667.13         3514.66         5500.00  
    0.463       337.69          2064.49        2615.64         3445.45         5500.00  
    0.469       266.22          2037.46        2641.51         3451.70         5500.00  
    0.475       236.12          2018.89        2691.17         3586.26         5500.00  
    0.481       231.79          2054.19        2706.96         3673.81         5500.00  
    0.488       210.44          2136.20        2643.41         3456.70         5500.00  
    0.494       201.23          1810.75        2551.35         3421.19         5500.00  
    0.500       229.64          2037.88        2548.43         3480.68         5500.00  
    0.506       25.06          464.30        2117.20         3361.62         3985.68  
    0.513       266.57          1839.90        2648.20         3478.25         5317.64  
    0.519       349.80          1890.50        2674.79         3596.16         5500.00  
    0.525       396.10          2030.11        2725.58         3764.45         5500.00  
    0.531       43.09          771.67        2260.41         3217.72         4056.78  
    0.537       0          726.39        2208.91         3278.93         3983.64  
    