0.025       0          912.21        2207.87         3224.07         4194.38  
    0.031       0          964.35        2269.20         3231.60         4235.73  
    0.038       0          971.09        2668.73         3157.08         4297.89  
    0.044       0          579.86        2734.58         3188.67         4332.26  
    0.050       361.05          2104.78        2643.92         3939.49         4339.99  
    0.056       369.51          2513.36        2935.88         4014.23         4340.04  
    0.062       366.84          2289.42        2516.66         3994.42         4339.13  
    0.069       365.21          2486.89        2534.40         4115.45         4329.11  
    0.075       361.81          2489.69        2684.64         4132.23         4380.09  
    0.081       363.75          2463.91        2802.39         4233.18         4321.17  
    0.088       362.36          2435.27        2836.10         4155.17         4246.62  
    0.094       364.15          2410.69        2829.17         4001.54         4288.15  
    0.100       365.48          2381.87        2817.61         3981.58         4281.45  
    0.106       367.29          2346.96        2806.40         3902.18         4267.84  
    0.113       369.16          2349.76        2827.46         3906.24         4264.82  
    0.119       371.42          2362.56        2877.42         3922.92         4295.68  
    0.125       373.46          2355.71        2886.60         3912.74         4300.20  
    0.131       375.97          2350.60        2911.61         3887.62         4287.43  
    0.138       378.61          2357.09        3018.38         3925.36         4282.11  
    0.144       383.03          2358.24        3090.19         3965.79         4306.18  
    0.150       383.49          2359.40        3163.22         3992.34         4310.55  
    0.156       380.81          2356.73        3213.32         3997.60         4294.41  
    0.163       381.00          2361.80        3398.11         4003.14         4279.24  
    0.169       381.47          2367.55        3531.76         3973.37         4294.63  
    0.175       384.12          2368.47        3634.67         3967.73         4292.67  
    0.181       383.99          2372.67        3745.62         4038.73         4259.94  
    0.188       382.06          2373.45        3717.20         4098.20         4280.85  
    0.194       384.82          2374.61        3695.79         4104.15         4264.42  
    0.200       386.32          2375.25        3650.53         4072.65         4317.89  
    0.206       387.54          2376.12        3736.78         4064.79         4325.98  
    0.213       386.94          2378.09        3763.23         4034.80         4293.71  
    0.219       385.83          2379.09        3816.11         4066.52         4380.69  
    0.225       385.68          2382.62        3800.09         4096.13         4784.62  
    0.231       389.49          2386.06        3824.15         4092.70         4719.42  
    0.238       392.52          2389.29        3900.58         3983.75         4343.93  
    0.244       390.17          2395.78        3759.94         4034.60         4491.52  
    0.250       388.30          2406.41        3658.91         4013.27         4542.08  
    0.256       388.04          2416.07        3651.92         3997.02         4530.95  
    0.263       390.08          2426.08        3679.31         3976.86         4598.40  
    0.269       391.87          2433.31        3682.80         4013.95         4669.44  
    0.275       391.76          2459.26        3649.32         4023.51         4710.69  
    0.281       393.24          2536.92        3674.10         4046.08         4787.30  
    0.288       396.26          2525.59        3674.74         4078.18         4677.56  
    0.294       396.38          2511.26        3721.32         4073.63         4737.50  
    0.300       395.66          2501.28        3668.36         4064.95         4485.78  
    0.306       398.17          2499.36        3627.59         4029.21         4406.76  
    0.312       398.09          2489.51        3522.89         3985.56         4490.41  
    0.319       397.14          2459.64        3548.46         3949.29         4565.90  
    0.325       403.50          2434.96        3649.55         3967.87         4742.26  
    0.331       405.93          2411.25        3644.41         3958.18         5001.76  
    0.338       408.48          2407.93        3673.74         3918.40         4758.25  
    0.344       409.21          2409.26        3730.36         3947.71         4498.70  
    0.350       412.30          2440.92        3732.49         4052.23         4524.03  
    0.356       417.71          2491.54        3724.24         4023.53         4624.73  
    0.363       426.93          2520.42        3729.68         4019.54         4640.42  
    0.369       430.10          2521.02        3703.53         3996.15         4710.63  
    0.375       432.43          2445.97        3678.02         3923.17         4843.17  
    0.381       434.30          2371.71        3717.47         3970.93         4927.33  
    0.388       436.36          2356.26        3677.56         3937.53         4527.00  
    0.394       440.25          2355.45        3619.03         3952.86         4546.73  
    0.400       443.62          2380.68        3653.14         3976.00         4672.82  
    0.406       445.16          2451.16        3666.03         3978.22         4723.41  
    0.413       450.25          2505.97        3693.44         4033.38         4729.85  
    0.419       465.68          2512.99        3678.70         4035.58         4777.12  
    0.425       481.44          2424.06        3663.49         3999.98         4562.76  
    0.431       485.87          2417.26        3636.65         3984.44         4832.64  
    0.438       495.18          2447.30        3620.86         3921.48         5048.73  
    0.444       506.07          2469.70        3620.90         3960.19         5474.32  
    0.450       529.19          2496.58        3503.42         3961.01         5500.00  
    0.456       544.45          2419.58        2996.31         3881.22         4859.89  
    0.463       534.43          2389.60        3015.10         3850.88         4769.43  
    0.469       516.81          2436.83        3334.80         3877.61         4407.16  
    0.475       497.54          2461.27        3112.34         3995.39         4826.79  
    0.481       29.04          600.52        2487.48         3381.01         4061.80  
    0.488       0          550.70        2391.15         3669.11         4029.59  
    