0.025       357.60          2056.70        2897.33         3683.03         4834.16  
    0.031       441.04          2014.36        2938.78         3582.08         4327.86  
    0.038       436.37          1978.62        3073.36         3478.06         3619.91  
    0.044       441.95          1973.08        2965.91         3490.52         3645.69  
    0.050       434.88          1792.46        2930.23         3729.17         4057.58  
    0.056       442.11          1770.34        2859.32         3502.99         4395.88  
    0.062       456.37          1876.51        2748.08         3502.75         4351.47  
    0.069       468.34          1897.24        2817.99         3412.42         4269.06  
    0.075       478.59          1849.45        2654.03         3453.21         4395.53  
    0.081       478.39          1826.98        2743.10         3521.65         4318.61  
    0.088       472.21          1831.61        2950.76         3760.05         3825.14  
    0.094       7.81          496.61        2049.07         2989.12         3682.95  
    0.100       0          479.48        2066.57         2967.15         3616.70  
    0.106       471.15          1881.22        2388.37         2969.22         3663.31  
    0.113       476.80          1716.14        2885.60         2963.02         3725.25  
    0.119       475.13          1630.65        2966.16         3145.48         3740.60  
    0.125       469.96          1716.93        2974.23         3174.30         3798.87  
    0.131       465.07          1781.54        2995.55         3312.15         3858.93  
    0.138       469.30          1793.63        3082.44         3509.67         3855.92  
    0.144       476.67          1725.21        2980.70         3788.55         3797.09  
    0.150       482.18          1792.84        3112.11         3364.57         3982.73  
    0.156       487.03          1815.49        3076.47         3579.54         4004.08  
    0.163       8.06          518.90        1862.01         3103.18         3984.64  
    0.169       0          505.07        1843.11         3050.17         3775.05  
    0.175       0          503.10        1833.29         3053.94         3794.48  
    0.181       0          501.68        1829.55         3076.00         3934.58  
    0.188       0          508.29        1889.74         3124.94         4035.11  
    0.194       0          512.01        1906.71         3194.10         4076.19  
    0.200       0          513.11        1876.69         3210.99         4127.09  
    0.206       0          514.38        1855.37         3216.94         4105.65  
    0.213       0          8.51        537.66         1874.92         3299.79  
    0.219       507.13          1671.41        1836.73         3298.52         4109.80  
    0.225       516.56          1510.14        1875.95         3277.00         4005.95  
    0.231       8.55          24.94        539.49         1914.52         3385.47  
    0.238       507.89          1450.39        1874.83         3551.83         4061.19  
    0.244       513.34          1437.61        1887.41         3643.55         4174.23  
    0.250       510.27          1532.13        1880.96         3468.62         4111.58  
    0.256       506.64          1575.36        1877.77         3343.41         4122.08  
    0.263       505.12          1574.43        1875.24         3399.46         4089.15  
    0.269       502.47          1588.56        1887.46         3381.22         4156.07  
    0.275       500.65          1590.64        1900.20         3520.74         4186.30  
    0.281       500.09          1639.05        1895.65         3603.12         4204.39  
    0.288       503.54          1859.99        1878.81         3197.13         4243.99  
    0.294       502.67          1889.23        2077.52         3077.67         4065.36  
    0.300       510.39          1880.45        1964.01         3064.30         3958.18  
    0.306       519.57          1872.94        2830.28         3025.56         3787.57  
    0.312       534.01          1877.22        2993.39         3475.58         3735.32  
    0.319       533.65          1863.77        3001.57         3757.20         3785.71  
    0.325       527.82          1860.89        2973.97         3794.94         3938.81  
    0.331       522.04          1863.98        2960.39         3888.25         3959.31  
    0.338       497.22          1869.07        2963.72         3890.13         4369.40  
    0.344       8.22          501.07        1899.56         2982.89         3928.41  
    0.350       0          457.33        1868.76         2981.43         3841.94  
    0.356       0          514.95        1868.28         2952.83         3641.92  
    0.363       508.19          1848.89        2251.34         2964.34         3752.06  
    0.369       507.79          1873.16        2543.23         2959.51         3808.23  
    0.375       8.40          520.68        1894.09         2966.70         3742.55  
    0.381       0          499.75        1889.37         2966.28         3672.45  
    0.388       484.95          1868.18        2947.72         3715.74         5469.73  
    0.394       508.38          1865.28        2921.65         3554.84         4218.67  
    0.400       507.11          1870.30        2916.13         3627.33         4164.65  
    0.406       504.32          1868.85        2931.42         3820.80         3987.98  
    0.413       507.80          1855.73        2992.70         3945.24         4527.89  
    0.419       452.90          1901.50        2939.98         3952.87         5484.06  
    0.425       7.48          487.16        1901.42         3015.19         3846.72  
    0.431       0          500.09        1883.97         2918.24         3679.58  
    0.438       0          499.64        1883.05         2920.97         3709.61  
    0.444       0          497.73        1875.82         2942.02         3743.44  
    0.450       480.14          1857.28        2928.68         3665.06         4522.09  
    0.456       474.34          1923.23        2922.89         3965.28         4203.06  
    0.463       488.95          1933.99        2644.70         3303.12         4476.22  
    0.469       453.22          1892.68        2398.27         3624.16         4507.85  
    0.475       445.53          1840.85        2755.76         3701.87         4522.90  
    0.481       495.18          1836.09        2936.24         3792.86         4493.28  
    0.488       373.89          1838.71        2634.20         3776.53         4487.56  
    0.494       456.27          1849.66        2503.44         3222.09         4424.08  
    0.500       482.28          1860.17        3010.85         3105.38         4075.64  
    0.506       495.19          1855.54        2954.16         3892.17         3922.86  
    0.513       513.32          1857.35        3261.34         3587.81         4332.86  
    0.519       495.43          1853.63        3312.83         3350.18         4450.63  
    0.525       465.41          1880.88        3161.50         3643.85         4494.85  
    0.531       460.52          1629.27        3094.17         3695.20         4523.51  
    0.537       510.99          1726.67        2894.94         3558.08         4534.30  
    0.544       458.45          1807.44        2781.82         3674.11         4628.15  
    0.550       356.14          1802.87        3015.52         3600.24         4592.07  
    0.556       5.87          430.19        1882.67         3236.86         4183.30  
    0.562       0          464.02        1964.04         3242.32         4306.83  
    0.569       0          309.53        1900.48         3141.06         4291.25  
    