0.025       0          1299.97        2416.70         3557.78         3912.32  
    0.031       0          1371.01        2435.94         3382.21         3882.30  
    0.038       738.57          1510.44        2768.06         3881.52         4890.31  
    0.044       630.20          1567.52        2769.19         3849.62         4902.03  
    0.050       8.98          1528.65        2196.54         3608.45         4728.78  
    0.056       459.16          1542.51        2765.98         3581.03         4930.20  
    0.062       730.64          1877.64        3069.59         3725.27         5014.50  
    0.069       495.82          1476.19        2863.69         3885.67         5015.67  
    0.075       614.27          1505.24        2741.65         3819.10         4957.39  
    0.081       844.43          1924.64        3226.39         4008.95         5492.24  
    0.088       674.06          1898.95        3316.47         4690.71         5500.00  
    0.094       705.21          1806.75        3030.86         3538.07         4896.99  
    0.100       1231.90          1761.32        2644.33         3788.32         5242.33  
    0.106       17.71          1228.46        2384.44         3473.12         4557.58  
    0.113       0          1502.51        2589.94         3595.31         5023.95  
    0.119       711.03          1690.13        2855.87         3738.86         4989.91  
    0.125       10.30          905.21        2187.19         3217.03         4272.49  
    0.131       0          842.79        2371.97         3298.73         4503.94  
    0.138       0          1043.17        2504.78         3451.26         4640.48  
    0.144       357.17          2223.47        2327.31         3429.45         4766.73  
    0.150       100.77          1793.98        2765.56         3794.90         4998.97  
    0.156       1.39          25.54        1518.56         2818.86         3833.31  
    0.163       0          1129.01        2464.60         3655.68         4927.90  
    0.169       846.76          1636.12        2687.36         3675.50         5081.42  
    0.175       12.27          1182.80        2195.66         3744.84         4699.47  
    0.181       0          1059.23        2318.02         3756.85         5110.97  
    0.188       176.37          1646.68        2985.07         4092.57         5494.53  
    0.194       2.56          1698.27        2617.52         3259.43         4789.89  
    0.200       797.17          1570.83        2637.40         3904.24         4820.05  
    0.206       722.05          1915.30        3033.15         3795.25         4991.06  
    0.213       553.37          1782.56        2904.38         3684.80         4955.74  
    0.219       7.87          25.44        1473.89         2832.80         3362.80  
    0.225       0          1307.96        2469.36         3331.23         4370.68  
    0.231       0          1302.88        2654.35         3615.57         4674.90  
    0.238       688.67          2021.73        2849.09         3659.74         4957.88  
    0.244       585.54          2197.27        3010.24         3639.35         5098.41  
    0.250       665.60          2221.36        3031.99         3641.69         5494.29  
    0.256       596.90          2105.34        2981.53         3616.24         5500.00  
    0.263       520.34          2205.74        3014.09         3642.78         5500.00  
    0.269       561.51          2221.48        2971.15         3598.46         4748.84  
    0.275       475.65          2209.76        2893.01         3542.32         4709.16  
    0.281       391.66          2235.83        2896.87         3520.80         4741.15  
    0.288       5.58          430.60        2253.56         2976.58         3626.03  
    0.294       413.39          2213.40        2957.98         3581.25         5473.00  
    0.300       5.99          445.10        2273.26         2956.51         3619.91  
    0.306       0          428.84        2249.07         2893.06         3624.13  
    0.312       0          448.85        2210.02         2890.34         3644.81  
    0.319       0          430.80        2207.88         2906.64         3646.08  
    0.325       0          420.49        2209.63         2886.42         3638.27  
    0.331       0          428.84        2212.68         2878.11         3629.07  
    0.338       0          433.26        2174.06         2853.55         3659.50  
    0.344       0          432.50        2161.71         2877.29         3649.08  
    0.350       0          434.54        2183.29         2846.91         3668.47  
    0.356       0          428.77        2176.29         2789.35         3660.28  
    0.363       0          427.79        2152.82         2807.58         3640.78  
    0.369       0          426.09        2145.01         2807.77         3581.79  
    0.375       0          426.86        2148.21         2769.91         3583.24  
    0.381       0          430.08        2163.68         2740.86         3647.11  
    0.388       0          427.29        2154.37         2752.67         3625.88  
    0.394       418.55          2127.34        2762.95         3579.85         5473.22  
    0.400       422.55          2121.26        2799.12         3605.33         5500.00  
    0.406       6.04          446.80        2150.32         2808.77         3649.29  
    0.413       0          426.85        2164.77         2794.84         3644.93  
    0.419       416.07          2092.11        2735.13         3643.59         5473.50  
    0.425       414.41          2125.04        2631.49         3658.38         5500.00  
    0.431       401.99          2166.40        2438.37         3578.18         4938.59  
    0.438       378.99          2040.02        2655.93         3589.77         5491.86  
    0.444       331.26          1962.65        2641.53         3607.76         4869.93  
    0.450       296.56          2024.91        2603.00         3607.84         4839.95  
    0.456       291.90          1988.44        2636.67         3614.75         4819.32  
    0.463       305.18          2039.93        2648.35         3749.56         4883.31  
    0.469       276.82          2048.39        2661.94         3744.90         4961.44  
    0.475       228.30          2058.91        2693.52         3838.98         5050.44  
    0.481       470.60          1954.10        2579.60         3634.66         4908.80  
    0.488       603.56          1896.87        2556.64         3592.74         4960.97  
    0.494       734.68          1639.57        2226.67         3494.65         4995.73  
    0.500       10.52          1318.63        2354.85         3542.96         4796.22  
    0.506       0          1289.93        2463.89         3943.23         4464.33  
    0.513       668.51          1647.98        2767.22         4178.74         4680.27  
    0.519       811.98          1929.27        3024.43         4149.97         4677.31  
    0.525       11.63          1270.12        2388.84         3442.17         4343.02  
    0.531       0          1307.72        2261.53         3380.96         4557.96  
    0.537       772.76          1697.86        2854.49         3739.09         4959.59  
    0.544       704.68          1798.95        3338.12         4091.70         5492.36  
    0.550       10.05          1166.81        2210.36         3408.19         4413.19  
    0.556       0          16.54        1337.88         2581.62         3823.39  
    0.562       873.48          1706.32        2826.97         3837.45         4664.82  
    0.569       835.54          2033.89        2902.56         4158.71         5488.24  
    0.575       11.93          1112.54        2278.85         3541.66         4184.98  
    0.581       868.98          1478.50        2934.87         3885.21         4828.73  
    0.588       12.59          21.20        1583.67         2804.78         3904.73  
    0.594       0          1522.70        2534.36         3864.85         4991.52  
    0.600       952.33          1940.09        3459.86         4010.74         4916.14  
    0.606       795.29          1606.33        2753.42         3609.39         4767.67  
    0.613       11.33          22.88        1391.86         2580.14         3580.89  
    0.619       935.24          1894.64        2632.00         3381.34         4912.61  
    0.625       560.23          1826.87        3126.25         3760.96         4970.24  
    0.631       495.89          1808.72        3022.20         4429.38         5492.44  
    0.638       940.18          1346.02        2850.43         4241.25         5500.00  
    0.644       13.52          1223.02        2476.70         3499.55         4388.07  
    0.650       0          1229.50        2418.03         3547.68         4760.09  
    0.656       0          1160.90        2282.73         3082.17         4480.26  
    0.663       895.46          1774.24        2882.56         3923.43         5150.57  
    0.669       12.98          25.47        1442.78         2535.96         3729.45  
    0.675       750.08          1844.85        2622.83         3567.98         4791.16  
    0.681       913.92          2162.32        2445.90         3708.79         4734.66  
    