0.025       441.70          2023.72        2751.16         3635.28         5500.00  
    0.031       410.27          2060.23        2735.34         3549.22         5446.61  
    0.038       352.42          2111.00        2718.21         3508.52         5371.97  
    0.044       332.34          2128.89        2695.25         3485.54         5433.38  
    0.050       351.12          2115.46        2604.84         3446.38         5500.00  
    0.056       368.77          2102.01        2587.53         3475.07         5500.00  
    0.062       379.64          2101.09        2613.95         3505.20         5500.00  
    0.069       389.18          2110.98        2653.96         3515.81         5500.00  
    0.075       395.63          2123.03        2697.08         3535.21         5500.00  
    0.081       172.10          1148.54        2407.09         3069.38         4421.27  
    0.088       0          402.50        2183.63         2708.36         3613.18  
    0.094       228.43          1386.85        2447.57         3205.83         4688.29  
    0.100       405.71          2111.73        2646.46         3579.87         5500.00  
    0.106       408.99          2077.83        2640.94         3567.89         5500.00  
    0.113       410.43          2088.17        2631.44         3576.67         5500.00  
    0.119       411.93          2098.61        2657.36         3594.68         5500.00  
    0.125       414.76          2097.10        2703.50         3602.49         5500.00  
    0.131       417.38          2078.31        2695.54         3582.27         5500.00  
    0.138       420.97          2079.74        2680.16         3562.97         5500.00  
    0.144       423.78          2112.52        2734.41         3578.42         5500.00  
    0.150       416.96          2139.79        2753.87         3578.79         5500.00  
    0.156       408.59          2137.19        2701.70         3575.08         5500.00  
    0.163       405.43          2131.20        2714.40         3581.26         5500.00  
    0.169       175.15          1154.44        2387.41         3100.21         4415.95  
    0.175       231.45          1366.03        2436.96         3190.21         4672.55  
    0.181       407.16          2103.17        2690.74         3550.87         5500.00  
    0.188       406.49          2112.78        2711.99         3598.37         5500.00  
    0.194       406.33          2116.23        2718.09         3604.11         5500.00  
    0.200       406.21          2113.87        2721.36         3575.16         5500.00  
    0.206       175.85          1144.16        2371.48         3107.97         4408.29  
    0.213       0          404.76        2099.19         2740.09         3585.90  
    0.219       227.85          1361.05        2435.21         3203.82         4675.03  
    0.225       401.99          2087.19        2698.36         3528.20         5500.00  
    0.231       402.28          2078.50        2702.20         3491.54         5500.00  
    0.238       402.96          2070.83        2690.76         3486.49         5500.00  
    0.244       403.09          2070.69        2676.94         3476.90         5500.00  
    0.250       401.53          2069.00        2682.41         3484.95         5500.00  
    0.256       401.37          2071.24        2694.17         3500.98         5500.00  
    0.263       401.31          2069.92        2675.15         3488.92         5500.00  
    0.269       403.02          2071.22        2658.61         3473.68         5500.00  
    0.275       405.32          2068.16        2660.24         3489.96         5500.00  
    0.281       406.34          2068.01        2671.75         3490.79         5500.00  
    0.288       406.41          2065.08        2649.63         3436.57         5500.00  
    0.294       403.83          2060.22        2619.99         3414.21         5500.00  
    0.300       403.84          2059.71        2637.68         3447.04         5500.00  
    0.306       404.83          2048.76        2674.20         3458.72         5500.00  
    0.312       404.41          2048.61        2680.83         3452.75         5500.00  
    0.319       402.87          2057.64        2665.12         3456.88         5500.00  
    0.325       401.34          2061.56        2651.90         3466.96         5500.00  
    0.331       401.47          2070.85        2649.26         3509.38         5500.00  
    0.338       400.06          2067.14        2631.85         3502.05         5500.00  
    0.344       400.30          2036.92        2596.83         3449.41         5500.00  
    0.350       400.43          2000.41        2575.86         3381.52         5500.00  
    0.356       401.14          1997.62        2566.80         3337.18         5500.00  
    0.363       401.30          2023.41        2581.04         3349.89         5500.00  
    0.369       399.61          2024.35        2612.70         3386.05         5500.00  
    0.375       397.94          2025.79        2598.15         3336.68         5500.00  
    0.381       394.20          2040.43        2503.81         3201.48         5354.53  
    0.388       391.92          2045.76        2445.98         3157.38         5247.36  
    0.394       390.03          2034.34        2453.19         3217.40         5279.42  
    0.400       389.81          2021.46        2503.96         3264.52         5414.13  
    0.406       393.63          2036.26        2637.49         3302.90         5500.00  
    0.413       171.35          1113.43        2346.14         2982.10         4430.53  
    0.419       0          397.84        2067.99         2726.93         3605.92  
    0.425       0          397.64        2088.08         2786.72         3536.09  
    0.431       0          401.29        2096.58         2975.44         3518.24  
    0.438       0          403.06        2104.30         2911.67         3581.51  
    0.444       228.74          1385.91        2461.76         3245.96         4682.70  
    0.450       409.01          2112.87        2763.76         3620.82         5500.00  
    0.456       178.92          1146.90        2396.20         3321.41         4393.78  
    0.463       0          410.88        2097.12         2886.98         3557.82  
    0.469       192.14          1360.15        2399.75         3158.69         4662.05  
    0.475       297.89          2031.67        2626.99         3461.91         5500.00  
    0.481       244.25          1955.96        2659.38         3500.79         5500.00  
    0.488       228.36          1958.99        2682.30         3562.79         5482.42  
    0.494       219.78          2050.28        2565.49         3480.72         5274.31  
    0.500       197.61          1842.73        2503.03         3407.25         5337.98  
    0.506       195.33          1694.32        2540.79         3438.04         5500.00  
    0.513       87.56          892.49        2307.11         3421.86         4747.11  
    0.519       159.54          1278.35        2489.38         3400.49         4925.33  
    0.525       311.20          1889.66        2696.98         3461.15         5089.28  
    0.531       363.47          1777.91        2656.94         3534.54         4763.34  
    0.537       448.12          2029.55        2739.40         3519.26         4908.54  
    0.544       214.52          1367.12        2479.56         3417.57         4556.82  
    