0.025       0          562.58        1821.12         2633.01         4558.59  
    0.031       545.36          1811.79        2658.51         3392.13         5480.15  
    0.038       532.99          2150.48        2830.07         3693.40         5500.00  
    0.044       527.91          2148.22        2833.32         3656.49         5500.00  
    0.050       11.13          45.30        2150.34         2839.61         3804.13  
    0.056       431.13          2089.91        2756.58         3727.98         4018.88  
    0.062       443.25          2140.13        2766.95         3773.53         4483.10  
    0.069       447.01          2148.95        2786.63         3782.22         4657.41  
    0.075       445.83          2137.92        2826.76         3761.40         4591.21  
    0.081       443.57          2130.65        2818.87         3812.67         4618.40  
    0.088       450.25          2137.87        2804.62         3738.41         4755.96  
    0.094       452.86          2146.96        2834.48         3721.55         4903.15  
    0.100       459.85          2148.88        2847.67         3720.60         4693.22  
    0.106       467.18          2146.06        2851.57         3768.76         4613.78  
    0.113       469.04          2146.60        2860.67         3790.93         4687.86  
    0.119       466.92          2152.14        2849.96         3796.88         4719.32  
    0.125       464.91          2148.90        2818.26         3765.26         4713.08  
    0.131       462.07          2153.69        2798.38         3720.60         4681.28  
    0.138       462.95          2163.14        2834.79         3707.32         4721.57  
    0.144       461.88          2173.18        2846.35         3691.50         4700.83  
    0.150       458.30          2168.79        2826.60         3692.50         4655.79  
    0.156       462.47          2158.09        2835.32         3765.37         4759.44  
    0.163       466.70          2158.02        2842.16         3794.71         4871.67  
    0.169       469.68          2161.56        2866.67         3826.75         4850.16  
    0.175       480.49          2157.32        2856.30         3884.06         4756.89  
    0.181       487.10          2148.63        2839.56         3887.19         4734.08  
    0.188       482.07          2151.77        2842.23         3899.07         4857.41  
    0.194       479.43          2142.88        2803.70         3952.51         4801.48  
    0.200       474.41          2156.46        2841.01         3913.48         4664.24  
    0.206       470.22          2149.21        2788.67         3823.43         4670.68  
    0.213       470.25          2151.40        2800.24         3823.68         4702.42  
    0.219       471.28          2152.79        2809.65         3852.05         4723.16  
    0.225       475.23          2140.48        2819.58         3842.00         4788.73  
    0.231       473.68          2129.56        2820.24         3788.00         4815.04  
    0.238       470.13          2127.21        2830.93         3767.63         4791.16  
    0.244       469.65          2139.62        2822.63         3782.05         4694.56  
    0.250       471.91          2150.90        2811.80         3769.43         4669.53  
    0.256       473.28          2157.77        2827.60         3719.80         4623.05  
    0.263       466.31          2137.31        2798.61         3736.44         4583.78  
    0.269       470.15          2135.58        2768.83         3795.83         4668.30  
    0.275       472.87          2158.32        2772.40         3748.01         4673.64  
    0.281       469.50          2149.49        2777.29         3702.12         4622.83  
    0.288       465.85          2144.57        2773.60         3703.93         4604.43  
    0.294       464.51          2158.13        2783.99         3747.06         4680.47  
    0.300       469.85          2170.85        2788.85         3690.21         4663.96  
    0.306       472.61          2172.69        2775.04         3645.80         4577.22  
    0.312       467.85          2156.38        2776.96         3690.16         4535.83  
    0.319       468.29          2143.48        2779.22         3731.85         4628.72  
    0.325       472.69          2142.27        2769.83         3736.41         4658.70  
    0.331       471.02          2132.71        2765.21         3671.76         4581.59  
    0.338       468.12          2138.27        2766.31         3686.03         4517.02  
    0.344       468.60          2140.01        2768.84         3681.09         4605.00  
    0.350       470.36          2133.19        2762.58         3662.68         4662.35  
    0.356       475.56          2138.22        2760.39         3676.00         4574.13  
    0.363       471.48          2130.61        2743.12         3592.58         4556.64  
    0.369       473.61          2132.11        2744.80         3603.74         4636.72  
    0.375       477.06          2132.48        2741.41         3606.50         4656.96  
    0.381       482.47          2131.54        2737.21         3594.73         4609.80  
    0.388       482.05          2134.01        2732.44         3610.10         4516.21  
    0.394       482.90          2146.99        2734.64         3652.96         4522.43  
    0.400       486.73          2150.96        2739.03         3639.70         4579.20  
    0.406       480.50          2147.99        2739.56         3604.55         4766.08  
    0.413       470.83          2147.00        2726.24         3574.51         4940.52  
    0.419       465.04          2146.66        2721.41         3579.31         5111.91  
    0.425       455.56          2144.00        2721.42         3553.79         5491.89  
    0.431       452.10          2143.28        2724.45         3517.12         5500.00  
    0.438       451.53          2138.86        2737.12         3528.13         5500.00  
    0.444       442.30          2143.67        2743.06         3573.66         5500.00  
    0.450       433.50          2139.17        2678.84         3565.56         5500.00  
    0.456       428.83          2137.74        2714.21         3573.38         5500.00  
    0.463       426.55          2136.29        2761.81         3579.24         5500.00  
    0.469       433.34          2184.87        2745.41         3576.10         5500.00  
    0.475       449.77          2230.51        2741.71         3579.41         5500.00  
    0.481       454.72          2211.88        2694.02         3630.65         5500.00  
    0.488       9.59          483.25        2201.74         2741.88         3703.33  
    0.494       0          436.65        2186.25         2732.09         3717.64  
    0.500       0          429.20        2198.36         2730.06         3699.01  
    0.506       0          411.49        2190.33         2699.58         3659.01  
    0.513       0          406.74        2177.25         2686.65         3714.35  
    0.519       0          379.44        2238.99         2807.99         3758.73  
    0.525       0          285.46        2266.67         2914.53         3855.97  
    0.531       0          238.20        2180.64         2877.49         3871.46  
    0.537       0          250.72        2234.06         2886.59         3935.72  
    0.544       0          316.46        2292.36         2990.82         3711.44  
    