0.025       358.16          2255.94        2554.57         4125.05         5162.36  
    0.031       357.13          2261.17        2532.20         4127.31         5165.05  
    0.038       365.65          2270.02        2507.85         4185.42         5142.63  
    0.044       372.46          2262.07        2541.13         4208.48         5107.12  
    0.050       364.78          2254.63        2577.66         4173.68         5085.75  
    0.056       358.60          2267.86        2610.65         4156.77         5067.91  
    0.062       356.61          2267.24        2641.99         4138.15         5059.02  
    0.069       352.53          2265.74        2683.39         4114.85         5055.76  
    0.075       351.79          2275.54        2704.67         4087.36         5035.66  
    0.081       356.47          2270.07        2692.30         4042.35         5020.87  
    0.088       358.74          2255.88        2708.10         4011.54         5011.15  
    0.094       356.70          2249.56        2752.15         4001.09         4993.52  
    0.100       359.24          2256.60        2731.82         3997.95         4999.09  
    0.106       364.76          2261.39        2669.48         3992.82         5025.77  
    0.113       368.72          2253.55        2647.58         3975.30         5037.96  
    0.119       370.83          2238.67        2693.15         3971.71         5029.85  
    0.125       371.59          2223.11        2720.93         4031.43         5021.26  
    0.131       371.40          2214.80        2729.99         4204.38         5009.65  
    0.138       371.59          2221.39        2746.77         4235.09         5002.11  
    0.144       372.93          2224.61        2743.43         4130.47         4991.25  
    0.150       373.32          2230.28        2692.50         4062.62         4982.49  
    0.156       374.05          2239.97        2652.28         4016.43         4976.70  
    0.163       375.54          2230.99        2671.21         3968.63         4949.31  
    0.169       377.45          2217.86        2669.51         3927.75         4926.77  
    0.175       381.19          2221.07        2659.23         3909.51         4933.84  
    0.181       384.84          2229.06        2671.58         3904.97         4919.75  
    0.188       385.83          2231.29        2653.32         3909.54         4865.39  
    0.194       387.72          2233.71        2651.03         3966.09         4864.18  
    0.200       391.61          2247.00        2666.63         3914.89         4937.31  
    0.206       394.34          2251.31        2657.78         3850.72         4961.34  
    0.213       395.99          2244.83        2653.95         3890.30         4926.63  
    0.219       397.38          2248.12        2669.96         3928.26         4917.26  
    0.225       398.82          2255.50        2692.36         3963.62         5179.19  
    0.231       401.72          2256.59        2704.33         3986.87         5453.25  
    0.238       405.50          2250.88        2703.30         3997.11         5368.85  
    0.244       407.66          2252.69        2669.11         3988.32         5345.58  
    0.250       407.82          2262.21        2644.20         3957.02         5249.02  
    0.256       406.98          2261.52        2649.41         3907.91         4992.30  
    0.263       405.82          2252.77        2665.59         3894.33         4890.53  
    0.269       405.70          2242.35        2696.27         3928.40         4885.84  
    0.275       405.98          2232.56        2719.95         3930.48         4861.89  
    0.281       405.39          2224.09        2728.04         3899.81         4817.68  
    0.288       405.01          2224.35        2732.83         3881.73         4812.87  
    0.294       404.76          2227.13        2728.30         3884.54         4859.07  
    0.300       404.22          2226.75        2730.17         3892.52         4890.53  
    0.306       402.49          2225.77        2741.00         3858.29         4882.12  
    0.312       400.79          2224.30        2746.53         3813.49         4886.23  
    0.319       400.93          2224.70        2751.55         3815.57         4894.22  
    0.325       402.63          2220.23        2762.31         3837.05         4872.35  
    0.331       403.82          2212.46        2741.34         3813.57         4840.55  
    0.338       403.03          2212.18        2711.70         3798.06         4800.95  
    0.344       401.44          2222.94        2704.26         3828.42         4772.74  
    0.350       401.00          2232.31        2693.54         3828.66         4747.89  
    0.356       400.62          2227.03        2675.26         3798.23         4749.84  
    0.363       400.96          2198.10        2635.84         3774.18         4746.08  
    0.369       405.59          2196.60        2598.00         3840.52         4739.76  
    0.375       415.77          2211.25        2602.82         3919.28         4748.71  
    0.381       426.15          2205.74        2611.75         3875.64         4736.09  
    0.388       425.84          2206.50        2602.88         3786.15         4705.66  
    0.394       399.86          2204.91        2590.89         3787.99         4670.57  
    0.400       349.37          2187.48        2565.68         3771.32         4638.04  
    0.406       292.37          2207.90        2513.23         3690.26         4632.75  
    0.413       280.83          2232.78        2522.57         3610.91         4648.72  
    