0.025       672.73          1536.18        2667.13         3754.70         5500.00  
    0.031       567.38          1833.53        2775.05         3747.95         5500.00  
    0.038       460.08          2193.23        2850.69         3749.82         5500.00  
    0.044       422.01          2315.96        2810.22         3769.79         5500.00  
    0.050       403.42          2262.03        2789.71         3770.24         5500.00  
    0.056       413.97          2139.51        2780.99         3760.01         5500.00  
    0.062       422.88          2077.40        2759.84         3751.32         5169.31  
    0.069       431.19          2086.99        2757.82         3743.90         5078.89  
    0.075       438.19          2101.92        2761.00         3739.86         5231.43  
    0.081       439.42          2101.82        2755.04         3731.44         5253.56  
    0.088       438.78          2119.29        2755.31         3727.24         5284.40  
    0.094       441.38          2125.32        2760.95         3724.76         5267.89  
    0.100       455.85          2099.72        2776.69         3712.79         5197.30  
    0.106       460.15          2082.11        2801.01         3705.63         5159.71  
    0.113       452.04          2097.57        2814.10         3705.45         5174.12  
    0.119       458.91          2111.22        2808.31         3710.30         5155.46  
    0.125       470.06          2117.11        2804.60         3722.71         5099.19  
    0.131       467.90          2115.76        2793.78         3726.68         5086.71  
    0.138       467.20          2103.09        2773.38         3723.35         5112.88  
    0.144       474.32          2088.67        2767.31         3717.45         5103.48  
    0.150       473.01          2088.61        2771.59         3713.72         5089.85  
    0.156       472.33          2101.17        2777.02         3703.22         5106.71  
    0.163       476.26          2099.88        2780.11         3685.88         5108.02  
    0.169       464.21          2089.10        2786.47         3677.41         5115.88  
    0.175       449.83          2104.50        2800.28         3680.58         5161.37  
    0.181       453.75          2117.20        2788.37         3706.50         5145.56  
    0.188       454.29          2095.38        2779.72         3733.35         5134.91  
    0.194       449.73          2066.83        2783.27         3727.14         5127.44  
    0.200       460.35          2063.05        2782.99         3716.28         5085.59  
    0.206       465.24          2100.44        2793.76         3720.09         5086.16  
    0.213       456.46          2138.18        2799.20         3730.02         5201.12  
    0.219       446.23          2128.58        2775.98         3752.97         5187.96  
    0.225       438.67          2085.93        2748.49         3746.43         5034.52  
    0.231       435.44          2072.99        2732.03         3735.61         4950.75  
    0.238       433.53          2079.19        2722.95         3752.31         4951.76  
    0.244       429.98          2051.99        2724.45         3744.12         4944.90  
    0.250       426.76          2037.74        2721.62         3724.79         4780.36  
    0.256       426.73          2037.11        2715.90         3719.63         4646.63  
    0.263       429.46          2041.32        2703.75         3725.10         4674.49  
    0.269       430.32          2058.40        2698.73         3698.78         4642.25  
    0.275       428.58          2057.09        2694.67         3669.21         4584.13  
    0.281       426.13          2057.42        2696.15         3671.49         4637.87  
    0.288       420.51          2052.35        2708.57         3669.74         4656.80  
    0.294       410.24          2053.90        2705.81         3673.25         4603.70  
    0.300       403.18          2063.12        2694.53         3682.49         4579.81  
    0.306       402.97          2040.31        2682.65         3677.33         4563.41  
    0.312       403.24          1990.29        2693.86         3681.26         4495.14  
    0.319       401.67          1958.95        2715.34         3677.47         4453.02  
    0.325       399.07          1957.39        2704.58         3654.73         4470.49  
    0.331       398.41          1979.13        2679.06         3640.22         4520.92  
    0.338       400.63          1977.93        2662.02         3656.85         4577.11  
    0.344       403.14          1965.60        2653.45         3676.23         4579.01  
    0.350       404.65          1964.48        2647.24         3674.99         4539.61  
    0.356       406.38          1945.37        2635.47         3676.41         4467.91  
    0.363       408.73          1940.45        2640.81         3680.82         4393.77  
    0.369       406.78          1975.03        2661.74         3677.31         4375.82  
    0.375       400.84          2024.92        2672.11         3670.80         4335.51  
    0.381       394.85          2058.86        2675.14         3663.94         4616.92  
    0.388       385.96          1998.24        2672.37         3659.23         4972.18  
    0.394       374.45          1911.33        2657.21         3683.44         4924.47  
    0.400       343.88          1899.99        2654.40         3700.40         4831.57  
    0.406       294.98          1902.69        2659.98         3678.05         4853.04  
    0.413       237.59          1841.48        2664.07         3647.40         5208.50  
    0.419       196.53          1766.01        2677.15         3615.32         5500.00  
    0.425       187.24          1710.32        2634.86         3621.78         5500.00  
    0.431       241.99          1651.04        2606.28         3663.83         5500.00  
    0.438       275.51          1151.38        2549.58         3638.69         5500.00  
    0.444       218.73          1113.18        2623.02         3689.95         5500.00  
    