0.025       0          715.12        1630.63         3342.65         4140.32  
    0.031       387.66          1633.70        2596.39         3611.96         5141.12  
    0.038       478.99          2091.27        2940.43         3729.02         5500.00  
    0.044       430.72          2223.45        2867.73         3761.91         5500.00  
    0.050       400.39          2184.30        2805.13         3776.65         4624.92  
    0.056       413.30          2029.86        2778.52         3765.01         4480.06  
    0.062       425.44          1887.60        2757.83         3748.35         4611.16  
    0.069       434.17          1936.03        2771.15         3756.60         4864.07  
    0.075       441.40          1948.83        2776.86         3735.59         5171.63  
    0.081       440.34          1909.33        2763.89         3716.58         5434.71  
    0.088       435.07          1938.31        2757.96         3718.55         5500.00  
    0.094       436.98          1943.95        2757.73         3712.53         5413.76  
    0.100       448.35          1926.95        2783.03         3700.31         5090.33  
    0.106       445.94          1888.27        2807.54         3710.71         4954.39  
    0.113       440.04          1869.07        2810.57         3699.73         5021.13  
    0.119       443.43          1922.76        2797.90         3711.67         5044.49  
    0.125       444.55          1992.14        2796.04         3728.79         5028.19  
    0.131       445.98          1986.08        2778.71         3722.53         4984.11  
    0.138       449.02          1916.45        2756.07         3725.34         5045.85  
    0.144       452.37          1862.06        2749.66         3716.93         5035.94  
    0.150       452.76          1849.58        2754.10         3710.33         5015.95  
    0.156       457.67          1881.74        2764.65         3698.96         5043.60  
    0.163       457.73          1918.62        2771.33         3678.63         5030.07  
    0.169       449.49          1906.89        2778.90         3664.29         5036.81  
    0.175       444.88          1916.50        2795.69         3671.35         5046.36  
    0.181       449.31          1912.68        2777.08         3697.20         5009.54  
    0.188       447.14          1868.09        2768.92         3737.03         4983.17  
    0.194       446.10          1826.95        2767.65         3717.21         5066.03  
    0.200       457.66          1845.35        2765.77         3692.61         5052.97  
    0.206       459.19          1929.28        2772.47         3709.57         5006.28  
    0.213       458.86          2004.74        2775.27         3733.96         5001.02  
    0.219       451.62          1957.21        2742.00         3756.05         4908.77  
    0.225       446.16          1863.27        2725.00         3726.12         4825.41  
    0.231       443.80          1837.77        2718.74         3711.97         4742.73  
    0.238       442.91          1833.69        2712.87         3744.53         4749.05  
    0.244       439.13          1801.37        2720.93         3742.26         4949.59  
    0.250       438.90          1834.94        2717.37         3739.75         5067.96  
    0.256       438.47          1833.06        2706.54         3739.47         4908.67  
    0.263       441.73          1815.05        2678.84         3737.61         4724.69  
    0.269       444.50          1857.77        2681.73         3680.65         4623.98  
    0.275       445.36          1855.46        2683.14         3654.34         4641.20  
    0.281       444.49          1835.10        2689.83         3669.20         4709.96  
    0.288       441.31          1784.08        2715.48         3662.53         4717.63  
    0.294       434.41          1799.48        2699.06         3667.93         4684.91  
    0.300       431.15          1854.50        2677.85         3687.22         4694.43  
    0.306       429.88          1828.07        2662.30         3682.62         4683.02  
    0.312       431.51          1801.18        2693.06         3693.23         4614.23  
    0.319       431.84          1775.33        2718.30         3676.91         4546.41  
    0.325       429.65          1737.19        2717.65         3635.89         4533.31  
    0.331       429.85          1767.77        2697.13         3610.11         4582.80  
    0.338       432.58          1774.88        2674.35         3640.22         4646.85  
    0.344       436.32          1781.57        2658.42         3661.41         4655.87  
    0.350       438.53          1784.13        2645.86         3651.19         4634.88  
    0.356       439.05          1767.97        2629.26         3652.10         4553.25  
    0.363       441.18          1780.23        2648.79         3660.25         4501.44  
    0.369       438.73          1823.30        2666.95         3661.31         4470.66  
    0.375       432.13          1925.80        2680.76         3655.26         4697.37  
    0.381       424.98          1996.28        2686.60         3663.92         5310.35  
    0.388       412.43          1873.82        2652.21         3655.90         5087.53  
    0.394       398.50          1877.43        2649.70         3664.95         4754.95  
    0.400       359.36          1838.01        2650.24         3682.79         4617.76  
    0.406       314.14          1828.76        2653.72         3637.48         4627.30  
    0.413       285.10          1772.41        2648.02         3559.48         4614.89  
    0.419       231.91          1752.13        2648.21         3539.53         4820.09  
    0.425       225.21          1698.87        2586.47         3574.55         5011.52  
    0.431       315.30          1650.74        2556.04         3616.18         5151.01  
    0.438       338.12          1542.16        2309.67         3570.25         5417.20  
    0.444       273.18          1479.95        2484.59         3456.57         5145.46  
    0.450       190.38          1505.57        2818.95         3523.80         5011.85  
    0.456       120.19          1825.58        2193.36         3348.81         5019.03  
    0.463       185.62          1949.96        2771.10         3155.75         5212.25  
    0.469       233.99          1694.93        2715.12         3639.61         5442.02  
    0.475       155.82          1670.65        2801.66         3961.55         5500.00  
    