0.025       0          395.78        2455.46         3156.08         4471.39  
    0.031       359.80          2351.98        2673.55         3212.09         5464.55  
    0.038       12.84          429.90        2452.93         3257.63         4287.90  
    0.044       359.05          1190.51        2482.38         3275.37         5201.27  
    0.050       372.55          1256.63        2519.92         3280.18         5192.15  
    0.056       378.08          1394.94        2607.70         3408.16         5093.82  
    0.062       384.89          1379.62        2672.15         3794.70         5097.53  
    0.069       389.21          1374.48        2667.47         3958.68         5486.14  
    0.075       390.73          1372.84        2621.44         3876.77         5228.67  
    0.081       392.63          1370.62        2595.13         3847.30         5062.63  
    0.088       399.66          1385.10        2617.29         3815.32         5149.19  
    0.094       407.88          1407.67        2601.74         3891.47         5175.71  
    0.100       411.22          1425.14        2545.75         4078.92         5012.09  
    0.106       421.86          1570.67        2705.99         3856.42         4863.77  
    0.113       429.88          1551.81        2787.91         3638.58         4816.62  
    0.119       430.55          1478.85        2528.95         3910.82         4980.82  
    0.125       432.79          1435.05        2504.17         3815.58         4800.19  
    0.131       434.59          1416.57        2516.64         3814.19         4790.97  
    0.138       431.37          1399.80        2480.50         3850.39         4859.90  
    0.144       429.93          1412.52        2490.67         3874.20         4821.23  
    0.150       430.04          1400.14        2486.85         3899.86         4829.55  
    0.156       428.31          1442.95        2489.02         3901.92         4897.28  
    0.163       430.92          1520.50        2651.71         3905.39         5479.31  
    0.169       433.99          1539.73        2805.24         3802.00         4928.34  
    0.175       438.88          1561.87        2952.97         4007.69         5008.10  
    0.181       443.90          1587.01        2994.22         4028.99         5483.17  
    0.188       440.70          1535.01        2915.01         3953.50         5158.04  
    0.194       438.68          1473.28        2749.58         3779.12         4843.14  
    0.200       439.53          1451.39        2636.30         3751.45         4892.23  
    0.206       436.27          1391.13        2546.42         3845.50         4989.71  
    0.213       441.52          1423.07        2556.14         3797.63         4961.76  
    0.219       451.03          1432.38        2559.31         3814.89         4774.34  
    0.225       446.17          1376.61        2606.62         3953.72         4670.75  
    0.231       440.35          1433.53        2560.20         4046.97         4795.93  
    0.238       443.35          1320.79        2537.12         3879.65         4876.37  
    0.244       441.47          1314.19        2572.78         3993.15         4851.48  
    0.250       442.70          1592.01        2694.00         3890.23         4753.64  
    0.256       440.73          1917.95        2865.91         4001.48         5474.16  
    0.263       15.19          496.18        2573.94         2819.76         4371.59  
    0.269       422.00          1855.84        2467.43         3978.34         5210.38  
    0.275       428.62          1752.93        2419.39         3964.95         5063.03  
    0.281       427.82          1708.36        2377.41         3725.39         4859.02  
    0.288       426.05          1733.73        2401.02         3743.09         4857.13  
    0.294       432.77          1876.06        2411.07         3819.16         4933.54  
    0.300       14.92          486.98        2388.16         3023.42         4113.62  
    0.306       0          435.41        2378.04         2547.78         4028.73  
    0.312       0          441.14        2353.52         2550.77         4157.56  
    0.319       421.12          2309.33        2605.48         4098.07         5453.89  
    0.325       15.03          510.03        2351.50         2905.02         4253.42  
    0.331       0          457.83        2286.14         2944.76         4271.33  
    0.338       0          463.78        2302.06         2814.44         3845.15  
    0.344       449.44          1826.63        2335.56         3747.75         5442.43  
    0.350       471.31          2212.72        2303.15         3699.82         5500.00  
    0.356       468.95          1784.75        2368.66         3617.51         4931.04  
    0.363       474.39          1714.15        2346.59         3765.65         4829.15  
    0.369       478.26          1801.99        2308.30         3807.56         4871.68  
    0.375       479.61          2184.92        2270.62         3816.89         5478.40  
    0.381       486.59          2224.63        2995.10         3994.14         5500.00  
    0.388       492.08          2285.62        2431.83         3983.01         5500.00  
    0.394       498.53          2194.40        2325.89         4052.60         5500.00  
    0.400       17.19          581.78        2223.21         2399.10         4164.47  
    0.406       0          534.00        1804.91         2482.99         4131.51  
    0.413       522.14          1680.09        2326.84         4012.43         5452.85  
    0.419       549.42          1605.36        2354.58         3974.70         5500.00  
    0.425       562.98          1713.85        2487.12         3991.93         5500.00  
    0.431       541.63          1518.89        2601.77         3885.30         5030.32  
    0.438       531.46          1528.24        2651.55         3798.02         5020.92  
    0.444       523.44          1626.09        2551.07         3554.53         4851.43  
    0.450       18.03          578.33        2278.97         3375.01         4921.83  
    0.456       0          571.92        2285.49         3104.86         4636.17  
    0.463       0          570.59        2325.70         3041.79         4189.97  
    0.469       0          576.29        2291.90         3159.53         4292.82  
    0.475       0          520.67        2271.98         3209.15         4249.04  
    0.481       0          466.85        2188.91         2990.37         4231.10  
    0.488       501.44          2162.19        2849.54         4091.98         5456.24  
    0.494       569.67          2225.27        2911.73         4097.99         5500.00  
    0.500       588.16          2208.85        2894.17         4091.47         5500.00  
    0.506       20.29          690.66        2251.28         2948.88         4099.72  
    0.513       0          732.80        2286.87         3122.04         4045.22  
    0.519       0          645.52        2218.87         3089.57         4047.66  
    0.525       0          810.87        2194.55         3080.88         4054.82  
    0.531       0          796.08        2245.28         2994.05         4028.19  
    0.537       0          842.02        2456.06         2699.90         3965.35  
    0.544       721.56          2116.39        2548.59         3910.39         5447.03  
    0.550       793.21          2110.71        2619.00         3978.15         5500.00  
    