0.025       457.39          1733.54        2646.99         3976.62         4942.68  
    0.031       425.12          2349.00        2588.10         3979.34         4613.93  
    0.038       418.14          2403.06        2669.81         3873.96         4550.98  
    0.044       412.33          2356.56        2682.46         3807.50         4552.73  
    0.050       423.97          2282.11        2651.26         3716.63         4568.15  
    0.056       422.10          2231.93        2487.34         3638.94         4456.14  
    0.062       429.99          2279.82        2581.48         3611.71         4383.85  
    0.069       438.08          2322.79        2657.91         3593.42         4437.24  
    0.075       429.90          2311.16        2594.19         3604.74         4504.65  
    0.081       432.65          2278.19        2551.62         3621.80         4480.33  
    0.088       438.77          2295.33        2562.42         3638.02         4481.79  
    0.094       436.16          2274.03        2566.97         3610.60         4455.80  
    0.100       432.42          2264.78        2549.94         3642.60         4448.19  
    0.106       435.71          2253.23        2540.35         3707.79         4469.02  
    0.113       439.79          2205.66        2521.92         3661.05         4445.05  
    0.119       438.85          2213.85        2520.20         3634.73         4357.66  
    0.125       438.21          2275.72        2554.41         3656.17         4340.15  
    0.131       434.59          2282.43        2566.17         3694.06         4405.91  
    0.138       432.24          2283.12        2557.86         3645.68         4443.27  
    0.144       434.14          2263.42        2574.72         3587.19         4446.89  
    0.150       441.13          2225.92        2555.95         3603.72         4402.69  
    0.156       440.01          2241.15        2555.30         3660.15         4445.14  
    0.163       432.54          2200.08        2518.81         3671.36         4451.26  
    0.169       424.07          2182.24        2543.34         3668.53         4413.65  
    0.175       418.35          2151.54        2560.89         3665.21         4457.13  
    0.181       409.91          2244.47        2539.48         3624.36         4474.38  
    0.188       411.30          2258.76        2541.86         3618.11         4483.07  
    0.194       408.60          2272.75        2484.74         3611.23         4447.29  
    0.200       409.87          2304.99        2462.78         3593.59         4363.13  
    0.206       411.40          2267.74        2564.86         3606.61         4426.48  
    0.213       416.39          2290.00        2600.90         3622.11         4449.96  
    0.219       418.49          2299.34        2649.21         3658.65         4341.97  
    0.225       417.30          2280.30        2670.94         3589.00         4316.99  
    0.231       412.15          2292.89        2668.71         3588.53         4231.21  
    0.238       411.28          2320.30        2654.21         3615.73         4189.47  
    0.244       422.79          2342.13        2690.33         3676.79         4401.97  
    0.250       428.64          2364.46        2669.47         3694.14         4487.70  
    0.256       424.52          2440.45        2558.73         3657.96         4448.93  
    0.263       424.78          2384.24        2475.25         3644.27         4443.19  
    0.269       421.26          2404.05        2447.19         3687.81         4562.14  
    0.275       396.71          2324.23        2428.95         3665.72         4619.98  
    0.281       369.08          2190.89        2470.97         3634.63         4604.06  
    0.288       349.47          2315.05        2528.71         3665.11         4711.95  
    0.294       289.30          2411.01        2549.68         3874.30         4758.46  
    0.300       264.05          2449.05        2634.64         4262.48         4758.63  
    0.306       254.34          2416.06        2624.81         4022.15         4898.40  
    0.312       266.99          2401.66        2602.27         3906.89         4955.96  
    0.319       314.92          2397.29        2640.87         3893.34         5045.42  
    0.325       315.29          2361.38        2686.63         3809.91         4954.16  
    