0.025       288.63          1947.83        2305.33         3713.82         5195.63  
    0.031       176.10          2094.55        2430.32         3764.30         5191.33  
    0.038       344.30          2124.54        2476.79         3778.16         5196.16  
    0.044       398.85          2097.72        2449.39         3736.69         5202.40  
    0.050       403.83          2111.00        2443.90         3745.55         5201.72  
    0.056       399.47          2112.88        2433.28         3748.95         5200.68  
    0.062       390.91          2093.50        2429.89         3754.84         5179.70  
    0.069       387.85          2096.77        2478.29         3765.36         5174.58  
    0.075       398.52          2110.39        2530.37         3792.23         5200.41  
    0.081       414.01          2127.55        2545.43         3777.14         5225.86  
    0.088       421.29          2132.42        2595.06         3758.60         5260.48  
    0.094       423.52          2137.10        2596.51         3771.57         5190.08  
    0.100       421.66          2144.42        2633.43         3773.28         5137.64  
    0.106       424.06          2149.33        2660.21         3765.86         5127.47  
    0.113       428.34          2170.20        2652.14         3797.14         5167.00  
    0.119       434.26          2179.50        2707.60         3803.85         5191.89  
    0.125       435.54          2167.93        2725.40         3781.53         5192.15  
    0.131       435.61          2168.45        2726.74         3787.73         5141.53  
    0.138       433.68          2169.37        2727.52         3841.18         5052.79  
    0.144       429.38          2167.13        2688.36         3809.38         5092.21  
    0.150       424.04          2157.84        2663.83         3759.65         5105.68  
    0.156       420.42          2154.00        2679.91         3759.48         5068.02  
    0.163       418.83          2148.03        2665.83         3766.03         5117.52  
    0.169       417.45          2140.09        2653.64         3738.23         5137.13  
    0.175       413.43          2135.75        2613.71         3735.45         5116.16  
    0.181       407.12          2141.16        2577.84         3730.30         5043.58  
    0.188       400.50          2161.56        2545.63         3754.07         4987.51  
    0.194       399.90          2169.96        2554.14         3767.92         4975.48  
    0.200       402.97          2169.48        2545.72         3722.41         4993.30  
    0.206       402.65          2161.86        2539.27         3701.74         5012.74  
    0.213       402.39          2157.22        2548.98         3689.96         5034.46  
    0.219       401.28          2150.91        2546.18         3690.42         5059.47  
    0.225       400.82          2151.50        2531.30         3697.12         5062.41  
    0.231       401.53          2155.08        2529.28         3699.69         5050.33  
    0.238       404.90          2157.01        2511.90         3701.73         5030.57  
    0.244       408.65          2159.00        2509.18         3708.67         5025.72  
    0.250       410.83          2160.34        2528.35         3703.70         5023.03  
    0.256       411.58          2160.89        2539.79         3682.91         5023.25  
    0.263       412.53          2156.88        2531.97         3677.67         5034.59  
    0.269       413.04          2157.24        2507.11         3691.65         5033.70  
    0.275       412.16          2153.80        2486.69         3694.47         5020.74  
    0.281       412.54          2150.21        2480.16         3697.56         5020.49  
    0.288       412.35          2148.85        2490.95         3686.63         5005.53  
    0.294       412.13          2148.51        2510.44         3694.98         5003.30  
    0.300       413.77          2145.24        2521.34         3694.28         4999.97  
    0.306       415.10          2138.49        2520.19         3688.53         5025.72  
    0.312       415.24          2136.55        2512.84         3679.10         5039.56  
    0.319       416.49          2136.78        2519.15         3684.06         4984.20  
    0.325       417.00          2140.38        2531.86         3683.14         4952.13  
    0.331       416.74          2144.48        2546.65         3695.77         4953.00  
    0.338       417.22          2146.44        2539.31         3697.64         4946.15  
    0.344       417.16          2145.38        2534.59         3685.36         4982.58  
    0.350       416.57          2148.19        2552.32         3684.07         4987.53  
    0.356       416.82          2151.82        2570.90         3701.52         4947.67  
    0.363       417.73          2151.86        2585.76         3717.64         4915.24  
    0.369       419.36          2151.54        2577.68         3716.39         4902.05  
    0.375       421.76          2156.76        2559.34         3720.99         4912.32  
    0.381       423.83          2157.00        2531.87         3705.49         4891.38  
    0.388       426.76          2162.92        2530.88         3695.53         4933.76  
    0.394       429.13          2176.94        2550.53         3681.70         4939.44  
    0.400       434.28          2176.81        2557.85         3692.46         4944.53  
    0.406       439.75          2180.43        2545.99         3722.70         4919.75  
    0.413       443.41          2173.18        2542.36         3761.98         4902.55  
    0.419       446.32          2166.58        2544.67         3776.71         4896.71  
    0.425       448.61          2149.13        2542.77         3750.20         4910.02  
    0.431       448.34          2134.08        2541.82         3721.26         4870.81  
    0.438       446.19          2125.35        2531.62         3705.73         4953.53  
    0.444       437.98          2129.88        2524.37         3706.39         5008.83  
    0.450       428.34          2139.78        2516.72         3699.12         4976.99  
    0.456       426.65          2154.47        2510.21         3692.03         5015.08  
    0.463       426.51          2149.43        2494.20         3727.73         5084.41  
    0.469       423.61          2140.35        2472.37         3744.98         5110.81  
    0.475       403.09          2128.42        2506.87         3670.06         5095.21  
    0.481       372.52          2124.54        2512.68         3441.12         5072.34  
    0.488       354.34          2192.81        2514.03         2948.19         5081.44  
    0.494       333.13          2195.18        2342.35         3198.50         5090.90  
    0.500       287.95          2122.26        2467.95         3312.04         5111.27  
    0.506       322.22          2108.06        2463.97         3477.74         5134.11  
    