0.025       421.59          2033.13        2495.03         3715.14         4690.41  
    0.031       407.48          2012.73        2584.89         3680.77         4704.88  
    0.038       404.33          2025.81        2692.53         3651.03         4740.23  
    0.044       381.53          2029.19        2721.88         3651.24         4376.43  
    0.050       389.72          2031.43        2714.88         3628.85         4056.87  
    0.056       400.40          2038.49        2729.99         3598.61         4214.29  
    0.062       390.72          2047.66        2749.01         3585.59         4332.10  
    0.069       340.90          2050.60        2773.93         3622.37         4183.79  
    0.075       95.68          2043.82        2788.44         3648.21         4061.90  
    0.081       7.98          362.61        2173.27         2942.18         3703.25  
    0.088       0          0        2028.87         2799.30         3640.26  
    0.094       0          0        2015.53         2825.11         3666.13  
    0.100       0          0        2021.33         2798.42         3667.48  
    0.106       0          0        2025.51         2808.28         3613.21  
    0.113       0          0        2031.24         2809.69         3560.96  
    0.119       0          0        2037.30         2806.42         3563.00  
    0.125       0          1673.97        2678.42         3477.28         3675.77  
    0.131       0          2029.90        2553.08         2979.14         3653.31  
    0.138       0          2001.68        2554.48         2834.62         3632.05  
    0.144       0          354.36        2104.27         2803.80         3569.50  
    0.150       0          0        2010.56         2823.70         3590.72  
    0.156       0          0        2005.27         2798.97         3552.50  
    0.163       0          0        2002.83         2764.55         3473.83  
    0.169       0          0        2002.92         2742.31         3387.48  
    0.175       0          0        2006.88         2747.87         3438.56  
    0.181       0          1642.35        2634.23         3444.24         3588.21  
    0.188       0          1990.91        2765.12         3258.85         3617.66  
    0.194       0          1983.31        2761.04         3242.67         3589.71  
    0.200       0          1987.44        2771.89         3466.14         3921.59  
    0.206       0          353.08        2134.03         2897.44         3576.80  
    0.213       0          0        1996.88         2765.50         3553.27  
    0.219       0          0        2000.03         2765.37         3561.22  
    0.225       0          0        2003.40         2752.48         3490.44  
    0.231       0          0        2005.57         2728.68         3373.97  
    0.238       0          0        2014.63         2716.39         3371.75  
    0.244       0          0        2020.77         2723.06         3404.59  
    0.250       0          0        2025.35         2712.78         3426.15  
    0.256       0          0        2029.36         2700.03         3398.89  
    0.263       0          0        2033.04         2694.98         3386.91  
    0.269       0          0        2036.04         2692.45         3409.14  
    0.275       0          0        2039.88         2697.32         3442.57  
    0.281       0          0        2033.63         2700.40         3437.57  
    0.288       0          0        2024.99         2701.76         3453.71  
    0.294       0          1659.07        2586.49         3345.42         3553.48  
    0.300       0          2008.44        2695.06         3554.99         3830.71  
    0.306       0          1992.00        2668.71         3484.99         4592.41  
    0.312       0          1990.66        2675.11         3491.54         5042.07  
    0.319       0          353.51        2115.99         2822.25         3830.33  
    0.325       0          0        2005.26         2681.43         3571.86  
    0.331       0          0        2024.10         2676.29         3607.02  
    0.338       0          0        2044.96         2652.54         3608.06  
    0.344       45.90          1686.79        2531.84         3399.14         4436.18  
    0.350       226.06          2027.09        2619.60         3554.39         4597.27  
    0.356       304.61          2005.33        2633.49         3617.18         4636.50  
    0.363       353.71          2007.32        2645.24         3644.69         4622.33  
    0.369       382.43          2023.40        2611.67         3664.23         4570.51  
    0.375       397.30          2033.50        2599.79         3692.07         4530.54  
    0.381       387.49          2065.01        2604.55         3705.34         4499.25  
    0.388       359.70          2051.29        2629.34         3735.40         4523.29  
    0.394       329.05          2022.69        2627.08         3748.16         4554.48  
    0.400       294.38          2028.06        2585.27         3753.49         4599.89  
    0.406       270.33          2065.21        2563.98         3745.93         4755.95  
    0.413       252.71          2086.16        2554.80         3682.97         4831.42  
    0.419       234.85          2057.37        2552.57         3683.41         4836.33  
    0.425       228.74          2012.87        2585.87         3697.69         4816.43  
    0.431       222.66          2026.11        2549.60         3712.54         4779.47  
    0.438       211.45          2072.31        2580.07         3753.48         4769.74  
    0.444       202.82          2103.35        2620.65         3816.11         4783.97  
    0.450       223.11          2021.23        2622.37         3819.72         4775.51  
    0.456       235.99          1984.59        2613.82         3818.16         4796.51  
    0.463       263.50          1976.90        2597.17         3800.64         4954.99  
    0.469       313.80          2002.82        2553.12         3794.57         4993.09  
    0.475       317.07          2007.46        2520.99         3783.09         4991.74  
    0.481       288.41          2004.74        2545.33         3780.49         4960.33  
    