0.025       410.60          1551.44        2914.30         3755.12         4826.96  
    0.031       62.01          234.30        1660.92         2978.31         3983.61  
    0.038       0          0        1381.93         2895.89         3873.16  
    0.044       0          0        1617.16         2941.36         3540.83  
    0.050       525.80          1619.50        2845.45         3671.73         4761.38  
    0.056       93.53          288.08        1852.52         3118.23         4095.59  
    0.062       334.84          1490.38        2852.64         3744.69         4787.85  
    0.069       635.00          1832.25        2741.43         3686.60         4973.11  
    0.075       760.39          1879.74        2766.20         3866.38         4959.92  
    0.081       564.15          1693.97        2674.10         4045.67         4942.43  
    0.088       79.53          1516.71        2602.44         3880.78         4251.08  
    0.094       0          1628.34        1936.29         3230.52         4272.16  
    0.100       545.97          1606.67        2704.63         3713.85         4683.51  
    0.106       878.58          1691.33        3091.29         3565.55         4855.25  
    0.113       139.01          1557.74        1919.49         3338.91         4640.67  
    0.119       0          1440.85        2011.82         3258.16         4415.70  
    0.125       0          1195.81        2119.34         3362.53         4426.77  
    0.131       0          1157.97        2169.99         3429.13         4573.10  
    0.138       0          1052.40        1992.90         3385.33         4300.36  
    0.144       0          156.08        1657.65         3037.82         4134.10  
    0.150       0          988.73        2069.22         3134.02         4339.25  
    0.156       0          1149.79        2424.46         3376.48         4450.05  
    0.163       0          1148.09        2457.43         3240.22         4226.93  
    0.169       0          1034.76        2113.36         3063.84         4349.06  
    0.175       584.56          1653.62        3001.78         4421.22         5330.59  
    0.181       103.98          1462.35        2040.28         3453.94         4621.61  
    0.188       586.85          1756.66        2994.95         3989.63         5343.75  
    0.194       761.01          1947.66        3059.61         3858.81         5137.71  
    0.200       116.80          909.93        2317.93         3485.54         4519.70  
    0.206       506.96          1774.83        3171.02         4145.17         4860.08  
    0.213       660.44          2019.84        2742.78         3983.73         4716.89  
    0.219       101.44          1090.40        2626.51         3899.50         4578.55  
    0.225       402.78          1651.90        3054.24         4260.71         4699.30  
    0.231       660.98          1894.80        3108.37         3771.53         4863.29  
    0.238       104.83          1426.08        2556.69         3851.62         4837.03  
    0.244       0          1342.72        2426.38         3826.66         4942.97  
    0.250       0          1362.80        2363.20         3535.35         4535.96  
    0.256       0          1573.41        2302.27         3051.38         4536.75  
    0.263       0          243.18        1627.63         2510.04         3927.72  
    0.269       645.58          1065.07        2272.75         3466.78         4793.06  
    0.275       758.15          1763.71        2737.55         3876.84         5102.59  
    0.281       709.61          1833.37        2848.11         4051.80         5084.40  
    0.288       748.44          1791.15        2794.08         3984.08         4989.42  
    0.294       114.30          1148.95        2156.09         3320.40         4516.78  
    0.300       597.45          1743.29        2897.64         3757.95         4858.29  
    0.306       710.27          1870.16        3059.07         3965.14         5077.05  
    0.312       107.44          993.32        2184.02         3272.74         4514.56  
    0.319       0          1043.41        2261.61         3167.41         4404.08  
    0.325       0          1330.43        1533.33         2895.17         4235.23  
    0.331       767.80          1689.78        2624.51         3672.57         5041.62  
    0.338       853.87          1820.75        2771.99         3727.77         5030.72  
    0.344       127.59          1170.66        2426.32         3578.61         4579.76  
    0.350       0          1568.16        2505.98         3857.43         4870.24  
    0.356       0          1568.27        2669.75         3771.74         4818.22  
    0.363       0          234.38        1789.45         2958.77         4076.39  
    0.369       0          1253.00        2361.36         3233.86         4179.29  
    0.375       0          1478.58        2375.91         3441.15         4260.05  
    0.381       609.31          1797.04        2930.28         4033.16         4992.56  
    0.388       755.60          1845.59        2911.17         4004.84         5172.60  
    0.394       115.13          1113.71        2565.74         3549.34         4563.24  
    0.400       0          148.57        1718.57         3013.63         4398.63  
    0.406       539.00          1442.09        2715.34         3718.29         4876.96  
    0.413       622.65          1721.46        2972.21         3710.45         4958.38  
    0.419       93.70          1287.44        1991.42         3110.84         4492.43  
    0.425       0          1085.51        2365.46         3102.46         4378.09  
    0.431       828.86          1653.25        2454.18         3687.58         4780.56  
    0.438       888.11          1389.40        2526.71         3822.76         4821.48  
    0.444       131.75          1260.34        2385.79         3399.52         4594.75  
    0.450       446.04          1489.50        2672.54         3619.97         4965.43  
    0.456       483.73          1553.99        2778.91         3701.08         5048.17  
    0.463       624.99          1444.87        2693.54         3669.38         5092.79  
    0.469       544.44          1615.06        2743.73         3696.33         5169.20  
    0.475       79.35          249.02        1797.11         2781.00         3941.15  
    0.481       0          0        1457.28         2531.93         3696.74  
    0.488       538.96          1173.88        2403.31         3477.40         4749.22  
    0.494       801.57          1924.54        2581.48         3754.02         4895.16  
    0.500       773.35          1818.95        2645.72         3930.68         4876.93  
    0.506       115.24          1350.98        2321.69         3549.33         4337.70  
    0.513       0          192.42        1605.96         2822.83         3842.80  
    0.519       0          1232.12        2445.03         3563.10         4222.91  
    0.525       0          1231.07        2204.42         3449.58         4338.88  
    0.531       704.55          1659.35        2687.48         3759.05         4845.98  
    0.537       125.33          1150.50        2223.12         3403.13         4426.20  
    0.544       0          1222.23        2211.64         3493.25         4487.50  
    0.550       0          1282.83        2393.69         3639.23         4657.63  
    0.556       0          1312.90        2506.15         3501.73         4684.95  
    0.562       590.43          1413.69        2724.02         3688.80         4736.36  
    0.569       680.41          1663.58        2806.82         3779.63         4763.10  
    0.575       633.77          1570.82        2757.18         3793.22         4781.60  
    0.581       633.13          1582.33        2722.63         3705.13         4797.89  
    0.588       649.65          1627.75        2695.91         3814.81         4788.04  
    0.594       98.52          1459.09        2604.59         3383.33         4378.62  
    0.600       0          1406.36        2472.42         3359.88         4405.97  
    0.606       0          1266.50        2317.83         3336.06         4582.28  
    0.613       635.81          2062.44        2781.51         3592.80         4826.63  
    0.619       113.10          333.50        1936.47         2860.03         3854.98  
    0.625       0          0        1571.66         2678.46         3591.16  
    0.631       0          0        1542.22         2596.93         3641.71  
    0.638       828.66          1196.29        2491.92         3550.12         4776.91  
    0.644       865.77          1290.71        2652.46         3844.69         5074.22  
    0.650       127.79          1285.91        2534.10         3528.55         4315.16  
    0.656       426.47          1745.69        3092.15         4010.65         5300.21  
    0.663       75.86          1415.52        2502.68         3635.77         5373.53  
    0.669       0          1252.96        2411.44         3352.33         4744.88  
    0.675       0          1402.62        2618.55         3709.46         4949.96  
    0.681       0          216.27        1613.02         2956.06         4090.92  
    0.688       597.17          1447.85        2853.44         4126.35         5262.63  
    0.694       106.23          1670.64        1984.45         3323.21         4405.03  
    0.700       0          1466.54        2363.81         3443.36         3960.74  
    0.706       0          1284.35        2303.38         3391.48         4400.45  
    0.713       0          1266.49        2237.59         3370.93         4414.48  
    0.719       0          1505.43        2269.83         3501.85         4387.66  
    0.725       0          1521.22        2356.05         3413.19         4742.29  
    0.731       0          1263.07        2135.74         3262.90         4509.13  
    0.738       0          1531.00        2162.49         3314.15         4325.00  
    0.744       0          1423.07        2122.49         3446.67         4710.30  
    0.750       0          1391.16        2188.80         3489.50         4765.27  
    0.756       0          210.02        1795.61         3346.24         3722.86  
    0.763       0          759.10        1916.37         3423.81         4356.34  
    0.769       0          864.83        1986.14         3392.96         4505.03  
    0.775       0          709.29        2050.59         3357.79         4436.59  
    0.781       0          1085.21        2121.36         3292.59         4312.08  
    0.788       0          1118.58        1941.59         3277.55         4090.95  
    0.794       0          1435.82        2347.30         3619.76         4735.25  
    0.800       0          1365.39        2341.20         3618.34         4775.36  
    0.806       598.26          1631.95        2735.73         3766.03         4855.70  
    0.812       532.45          1669.39        2726.64         3867.91         4850.54  
    0.819       75.78          557.75        1999.94         3282.02         4556.17  
    0.825       0          1205.54        2153.60         3320.18         4443.46  
    0.831       0          1307.32        2035.06         3277.71         4337.94  
    0.838       0          1235.63        2281.38         3375.78         4412.38  
    0.844       0          1364.24        2369.36         3348.62         4445.84  
    0.850       633.37          1716.51        2928.00         4066.83         5341.26  
    0.856       112.67          850.69        2100.40         3369.56         4450.90  
    0.863       0          103.65        1495.21         2883.90         3819.69  
    0.869       246.24          1697.93        2748.68         3791.25         4360.24  
    0.875       330.22          2119.50        3006.93         3977.23         4439.23  
    0.881       350.29          2033.18        2994.07         3963.07         4708.78  
    0.888       341.59          2034.64        3011.81         3885.07         5034.82  
    0.894       346.00          2017.24        3002.87         3863.77         4799.69  
    0.900       352.68          1930.84        2929.20         3864.94         4655.39  
    0.906       349.02          1997.51        2931.38         3887.92         4769.79  
    0.913       348.47          1952.35        3049.80         3887.52         4600.43  
    0.919       345.17          1949.25        3298.69         3927.58         5044.97  
    0.925       342.11          2017.85        3318.43         3924.04         5444.14  
    0.931       343.37          2073.83        3329.65         3918.50         5500.00  
    0.938       345.55          2041.17        3220.26         3916.64         4641.37  
    0.944       351.75          2012.64        3147.56         3909.81         4429.10  
    0.950       353.40          1989.06        3073.68         3859.34         4354.39  
    0.956       356.28          1959.16        3030.68         3826.51         4341.06  
    0.963       358.04          1961.20        2994.19         3824.42         4389.51  
    0.969       359.32          1967.52        2986.34         3819.63         4499.48  
    0.975       367.18          1960.86        2995.43         3834.31         4504.60  
    0.981       368.97          2076.99        2967.71         3834.80         4333.08  
    0.988       371.06          2307.61        2912.14         3861.74         4407.86  
    0.994       378.55          2151.27        2911.91         3864.68         4624.32  
    1.000       376.98          2072.87        2924.72         3851.51         4705.28  
    1.006       365.05          2214.94        2924.92         3816.04         4524.15  
    1.012       347.36          2059.36        2934.52         3763.41         4525.46  
    1.019       331.58          2022.67        2957.94         3910.93         4521.78  
    1.025       342.87          2074.39        2952.29         4104.08         4940.19  
    1.031       351.76          2074.30        2923.21         4028.01         4842.31  
    1.038       367.12          2010.20        2909.78         3975.18         4585.00  
    1.044       368.40          1981.37        2931.52         3951.15         4392.32  
    1.050       368.10          2050.69        2846.68         3895.29         4368.41  
    1.056       372.31          2048.83        3011.92         3933.53         4568.79  
    1.062       368.61          1999.27        2976.10         3925.16         4946.21  
    1.069       354.18          1960.19        2892.27         4052.72         5010.92  
    1.075       328.71          1827.98        2863.37         4093.47         4799.96  
    1.081       316.91          1859.20        2836.09         4030.52         4683.75  
    1.088       270.98          1785.87        2818.32         3951.54         4856.88  
    1.094       274.96          1748.07        2820.08         3916.37         4849.47  
    1.100       271.41          1747.34        2769.42         3909.41         4879.19  
    1.106       217.57          1676.24        2822.50         3871.25         4874.85  
    1.113       252.83          1799.74        2871.41         3926.73         4891.10  
    1.119       256.55          1818.98        2923.53         3921.84         5086.29  
    1.125       198.72          1778.84        2947.13         3938.56         5442.68  
    1.131       28.48          267.59        1891.15         3072.19         4271.44  
    1.137       0          0        1666.09         2824.19         4069.34  
    1.144       0          1148.49        2402.31         2917.41         4237.83  
    1.150       0          1476.69        2272.67         3040.63         4234.62  
    1.156       0          1453.76        2170.95         3164.83         4284.99  
    1.163       0          1369.70        2398.36         3346.54         4646.58  
    1.169       0          1215.59        2013.94         3294.08         4584.87  
    1.175       152.06          1808.51        2840.39         3670.67         4809.25  
    1.181       27.05          289.72        1591.59         2532.43         3821.73  
    1.188       0          955.33        2153.93         3285.61         4761.37  
    1.194       492.36          1850.73        2932.39         3791.03         4984.16  
    1.200       87.58          298.99        1807.45         2795.91         4094.48  
    1.206       720.47          1351.07        2628.25         3750.79         4648.75  
    1.213       128.16          1343.70        2185.49         3468.43         4360.38  
    1.219       0          1358.57        2446.66         3196.86         4524.13  
    1.225       827.78          1794.89        2992.17         3443.75         4810.52  
    1.231       147.25          282.50        1386.47         2793.45         3826.83  
    1.238       0          1092.14        2244.91         3475.88         4537.67  
    1.244       0          1232.42        2357.20         3466.91         4462.87  
    1.250       0          989.32        2067.48         3204.54         4457.24  
    1.256       0          1379.13        2165.65         3172.62         4572.38  
    1.263       0          965.06        2035.73         3127.61         4312.39  
    1.269       0          794.70        2119.89         3303.11         4163.69  
    1.275       516.27          1790.77        3230.75         3440.54         4696.61  
    1.281       671.30          1886.79        3094.33         3373.81         4849.67  
    1.288       598.41          1364.63        2418.60         3562.48         4825.80  
    1.294       88.11          1182.26        2213.12         3408.80         4531.23  
    1.300       516.03          1863.39        2871.06         3890.51         5345.94  
    1.306       686.42          1870.87        2892.65         3908.90         5088.49  
    1.312       684.61          1793.57        2898.63         3992.35         4986.58  
    1.319       743.39          1738.40        2853.87         3980.30         5053.35  
    1.325       113.92          1343.94        2476.37         3606.04         4538.06  
    1.331       505.50          1567.04        2441.06         3519.14         4719.45  
    1.338       712.36          1829.97        2840.79         3859.49         4840.33  
    1.344       638.64          1883.00        2965.21         3994.43         4821.08  
    1.350       386.67          1687.77        2593.66         3896.31         4846.13  
    1.356       680.97          1835.19        2702.62         3861.25         4807.70  
    1.363       781.58          1770.47        2846.26         3962.11         4756.37  
    1.369       119.13          1276.52        2613.44         3398.42         4665.16  
    1.375       528.55          1958.57        2389.11         3490.73         5023.70  
    1.381       770.99          1956.48        2746.29         3504.88         5011.83  
    1.388       120.42          1358.68        2122.98         3376.92         4601.35  
    1.394       916.93          1762.81        3095.34         3489.87         4753.01  
    1.400       911.04          1775.13        3090.86         3871.55         4732.07  
    1.406       729.15          1732.94        2914.01         3942.24         4693.10  
    1.413       655.86          1713.14        2841.65         3798.04         4758.01  
    1.419       97.81          258.32        1629.24         2723.24         3942.19  
    1.425       0          829.55        2113.62         3260.21         4337.42  
    1.431       0          847.12        2114.73         3442.52         4587.36  
    1.438       877.52          1020.18        2188.48         3568.06         4834.01  
    1.444       156.10          1186.88        2232.04         3674.45         5327.85  
    1.450       605.86          1655.02        2980.17         3885.33         5166.45  
    1.456       107.77          1316.14        1986.49         3547.18         4602.38  
    1.463       0          1148.40        2238.49         3491.44         4586.84  
    1.469       799.33          1579.13        2653.89         3568.68         4931.05  
    1.475       982.51          2249.64        2647.90         3653.24         5422.95  
    1.481       149.48          1146.09        2387.32         3425.33         4568.97  
    1.488       0          1150.16        2384.67         3241.60         4340.21  
    1.494       0          1115.69        2191.68         3269.77         4307.18  
    1.500       823.14          1485.78        2272.07         3466.20         4704.54  
    1.506       841.21          1716.75        2513.78         3634.11         4867.60  
    1.513       743.09          1732.07        2485.41         3677.93         4907.72  
    1.519       766.65          1855.75        2610.07         3655.09         4987.32  
    1.525       735.55          1883.30        3004.33         4147.04         5424.60  
    1.531       651.04          2024.32        3071.10         4317.82         5500.00  
    1.538       729.63          1896.03        2837.14         4060.46         5452.26  
    1.544       1006.71          1237.69        2756.72         3946.75         5003.76  
    1.550       884.59          1011.17        2662.68         3685.90         4834.38  
    1.556       129.06          899.62        2104.31         3229.13         4485.69  
    1.562       0          1106.42        2149.25         3193.30         4448.63  
    1.569       0          1216.81        2107.31         3235.46         4357.86  
    1.575       0          1418.75        1943.55         3235.92         4196.59  
    1.581       625.43          1791.85        2664.24         3803.36         4886.91  
    1.588       739.38          1667.58        2664.62         3890.70         4988.46  
    1.594       717.83          1629.02        2737.88         3769.41         4881.73  
    1.600       828.92          1796.06        2859.40         3792.52         4925.03  
    1.606       128.27          1424.39        2705.89         3208.87         4404.61  
    1.613       0          1301.47        2200.85         3201.66         4391.42  
    1.619       0          784.25        1993.69         3136.55         4445.97  
    1.625       0          420.42        1932.49         3094.01         4376.92  
    1.631       0          1055.60        2072.73         3099.05         4404.15  
    1.638       0          989.63        2285.40         3230.76         4442.96  
    1.644       0          821.55        2146.08         3300.04         4488.08  
    1.650       517.00          1565.55        2679.72         3875.32         4870.75  
    1.656       644.83          1643.44        2899.91         3928.45         4997.52  
    1.663       801.79          1917.65        2869.75         3958.72         4954.45  
    1.669       480.40          1791.89        2597.57         3979.78         4851.42  
    1.675       63.20          1559.21        2445.68         3755.77         4243.48  
    1.681       550.39          1631.56        2821.99         4017.75         4795.59  
    1.688       97.91          922.18        2032.74         3293.53         4298.14  
    1.694       0          791.53        1986.57         3307.02         4340.45  
    1.700       625.90          1764.21        2976.12         4163.88         5328.96  
    1.706       111.34          875.23        2148.02         3339.56         4428.59  
    1.713       530.51          1716.38        2605.36         3831.63         5152.01  
    1.719       793.56          1954.00        2597.00         3898.43         5091.39  
    1.725       643.91          1544.77        2461.32         3771.34         5036.58  
    1.731       92.42          222.04        1434.77         2685.70         3974.42  
    1.738       721.91          1410.79        2761.70         3762.89         5241.14  
    