0.025       200.43          1894.46        2250.34         3983.84         5500.00  
    0.031       60.90          575.64        683.78         2568.02         3510.19  
    0.038       0          274.24        1504.71         2550.14         3542.84  
    0.044       64.71          1568.83        2518.45         3445.29         4574.99  
    0.050       312.49          2075.34        2662.16         3692.93         4418.79  
    0.056       426.49          2078.68        2663.77         3673.24         4184.36  
    0.062       450.10          2096.94        2698.90         3630.26         4058.59  
    0.069       455.24          2106.16        2735.84         3639.27         4018.89  
    0.075       451.33          2091.52        2744.99         3687.96         4004.57  
    0.081       450.29          2051.49        2685.49         3698.28         3999.58  
    0.088       453.19          2041.65        2623.15         3614.95         3996.42  
    0.094       460.37          2048.40        2641.04         3542.99         3961.35  
    0.100       473.14          2043.82        2671.77         3532.98         3939.23  
    0.106       492.39          2032.31        2665.00         3582.45         3954.27  
    0.113       500.29          2043.16        2661.14         3673.01         4011.03  
    0.119       509.64          2046.80        2655.01         3712.07         4041.54  
    0.125       522.43          2036.74        2640.03         3677.94         4023.54  
    0.131       523.58          2051.17        2667.96         3726.75         4109.10  
    0.138       519.88          2069.36        2710.00         3746.02         4288.05  
    0.144       525.99          2071.17        2718.11         3732.26         4303.38  
    0.150       548.30          2055.85        2704.47         3737.81         4213.53  
    0.156       553.04          2053.95        2699.61         3736.58         4157.07  
    0.163       538.68          2070.34        2718.50         3726.77         4158.51  
    0.169       552.29          2063.24        2700.29         3757.39         4085.04  
    0.175       546.55          2074.61        2702.95         3753.02         4208.05  
    0.181       532.53          2091.92        2732.69         3710.45         4489.92  
    0.188       526.89          2089.27        2734.87         3686.20         4653.88  
    0.194       526.51          2077.81        2711.97         3693.02         4633.04  
    0.200       537.70          2066.16        2684.82         3697.78         4519.72  
    0.206       549.27          2058.74        2667.15         3720.09         4334.96  
    0.213       544.10          2044.76        2665.17         3709.44         4163.98  
    0.219       531.62          2051.21        2707.49         3696.54         4189.21  
    0.225       536.22          2046.33        2734.08         3714.73         4331.95  
    0.231       546.49          2038.03        2735.97         3774.10         4267.70  
    0.238       545.69          2053.17        2724.84         3791.08         4247.79  
    0.244       529.20          2069.90        2733.27         3774.27         4391.04  
    0.250       521.33          2072.31        2747.64         3798.64         4449.02  
    0.256       528.66          2076.16        2753.28         3818.17         4439.37  
    0.263       527.35          2070.48        2750.13         3807.64         4311.74  
    0.269       514.89          2057.50        2728.81         3776.64         4077.04  
    0.275       505.87          2054.92        2705.96         3726.38         3992.16  
    0.281       505.36          2066.19        2705.21         3713.54         4106.80  
    0.288       511.13          2070.00        2704.49         3710.77         4141.72  
    0.294       515.15          2072.53        2704.05         3691.97         4155.53  
    0.300       518.57          2073.14        2693.01         3684.89         4077.27  
    0.306       513.92          2068.20        2677.61         3649.45         3987.99  
    0.312       505.72          2066.52        2666.54         3603.01         3962.53  
    0.319       497.41          2062.88        2670.48         3582.19         3978.24  
    0.325       491.83          2058.25        2682.48         3585.28         4001.75  
    0.331       492.87          2060.37        2678.08         3582.57         3989.81  
    0.338       501.19          2060.21        2671.33         3554.59         3949.24  
    0.344       502.74          2064.26        2660.90         3551.78         3928.18  
    0.350       502.38          2068.91        2659.04         3601.40         3969.46  
    0.356       505.71          2066.42        2651.92         3622.95         3999.49  
    0.363       506.77          2060.88        2640.35         3618.50         3997.14  
    0.369       504.55          2060.64        2651.90         3625.48         3983.20  
    0.375       503.57          2057.05        2682.04         3609.21         3969.83  
    0.381       498.03          2073.62        2701.20         3616.78         3964.12  
    0.388       490.55          2091.08        2687.74         3620.59         3977.31  
    0.394       483.47          2071.77        2673.99         3607.63         4005.56  
    0.400       478.86          2059.30        2661.62         3610.36         4017.86  
    0.406       480.95          2051.42        2647.90         3609.53         4010.49  
    0.413       481.24          2038.06        2634.57         3585.86         3970.67  
    0.419       472.79          2041.59        2628.49         3648.76         3911.73  
    0.425       461.34          2053.11        2631.81         3665.84         3944.50  
    0.431       430.01          2033.72        2626.93         3642.78         3976.92  
    0.438       310.57          1969.89        2654.77         3765.21         3903.02  
    0.444       209.61          2003.32        2685.75         3802.40         4052.86  
    0.450       158.84          2054.55        2726.55         3772.10         4189.06  
    0.456       149.26          2093.54        2771.53         3734.65         4158.99  
    0.463       159.00          2102.32        2752.33         3727.60         4026.99  
    0.469       169.65          2081.07        2717.63         3683.13         4045.22  
    0.475       205.10          2074.44        2731.76         3829.73         4014.12  
    