0.025       430.74          1636.46        3125.01         5013.84         5270.71  
    0.031       441.85          1892.53        3166.16         4978.19         5218.33  
    0.038       415.41          2091.37        3182.47         4962.82         5151.32  
    0.044       353.11          2101.47        3065.45         5011.42         5338.39  
    0.050       306.69          2127.43        3084.79         4698.29         5276.88  
    0.056       306.34          2112.44        3222.08         3820.75         5158.54  
    0.062       331.13          2047.00        3008.08         3429.64         5218.91  
    0.069       343.77          2019.06        2764.48         3493.67         5258.40  
    0.075       345.11          2034.48        2739.89         3495.91         5268.26  
    0.081       345.75          2041.68        2786.25         3491.52         5244.36  
    0.088       351.87          2051.81        2844.16         3480.50         5233.98  
    0.094       360.93          2063.04        2886.51         3488.21         5225.11  
    0.100       369.25          2062.93        2905.90         3505.83         5237.84  
    0.106       368.06          2060.38        2917.92         3506.40         5258.86  
    0.113       369.32          2073.90        2938.10         3494.09         5260.46  
    0.119       374.99          2083.42        2913.22         3485.67         5269.52  
    0.125       382.57          2076.64        2854.83         3500.66         5262.04  
    0.131       392.08          2071.32        2836.41         3505.48         5237.49  
    0.138       398.11          2070.56        2853.64         3496.61         5220.46  
    0.144       405.25          2070.41        2866.19         3494.29         5218.34  
    0.150       410.43          2060.07        2859.18         3478.13         5233.47  
    0.156       413.72          2051.96        2840.54         3463.80         5231.84  
    0.163       415.30          2042.85        2804.47         3460.45         5205.01  
    0.169       412.76          2022.00        2777.30         3464.05         5201.98  
    0.175       409.74          2026.38        2784.01         3465.50         5217.33  
    0.181       413.13          2045.47        2848.45         3464.85         5226.41  
    0.188       419.77          2116.70        3036.05         3406.45         5214.99  
    0.194       420.48          2148.70        3041.39         3382.39         5181.89  
    0.200       419.43          2134.29        2917.56         3417.10         5143.37  
    0.206       418.33          2131.61        2867.93         3446.81         5134.46  
    0.213       415.44          2113.84        2834.81         3460.49         5167.24  
    0.219       413.60          2084.75        2857.34         3461.07         5198.74  
    0.225       415.66          2108.60        2950.60         3437.46         5223.48  
    0.231       417.61          2151.30        3008.34         3391.30         5249.73  
    0.238       415.10          2118.21        2957.21         3391.63         5258.50  
    0.244       412.70          2091.98        2913.51         3401.17         5268.50  
    0.250       415.79          2103.46        3090.81         3361.68         5269.40  
    0.256       417.89          2080.33        3021.60         3355.82         5257.31  
    0.263       414.94          2048.79        2711.97         3380.46         5239.49  
    0.269       414.26          2053.33        2731.09         3360.12         5253.12  
    0.275       415.70          2057.54        2833.94         3367.02         5270.33  
    0.281       418.04          2063.50        2872.61         3382.46         5284.21  
    0.288       419.85          2061.98        2852.45         3382.68         5291.86  
    0.294       421.25          2048.01        2803.65         3400.21         5282.19  
    0.300       424.15          2045.71        2904.27         3397.60         5263.16  
    0.306       426.90          2046.59        3010.37         3390.54         5261.76  
    0.312       429.49          2051.11        3049.33         3393.40         5257.50  
    0.319       431.15          2054.06        2996.73         3419.35         5238.75  
    0.325       432.81          2047.07        2889.16         3451.53         5224.63  
    0.331       436.29          2043.30        2828.30         3460.94         5220.96  
    0.338       438.97          2037.21        2765.96         3462.04         5220.76  
    0.344       435.76          2014.30        2668.06         3439.69         5216.17  
    0.350       427.94          1993.29        2610.64         3425.79         5205.99  
    0.356       410.77          1977.51        2611.48         3446.68         5189.30  
    0.363       383.57          1980.04        2622.14         3448.92         5160.41  
    0.369       362.58          2003.47        2591.46         3437.94         5154.29  
    0.375       355.42          2018.27        2549.89         3434.13         5163.78  
    0.381       352.13          1984.86        2522.54         3409.32         5174.84  
    0.388       347.65          1983.54        2471.09         3422.39         5175.68  
    0.394       349.69          2059.24        2269.43         3452.75         5168.44  
    0.400       363.10          1944.61        2113.12         3419.72         5151.09  
    0.406       371.57          1801.22        2043.82         3237.37         5129.80  
    0.413       162.85          781.65        1069.27         2499.32         3991.27  
    0.419       139.39          167.93        1318.02         2680.54         4258.43  
    0.425       252.47          897.57        2108.46         3179.02         5150.41  
    0.431       112.08          597.26        1082.58         2588.20         4015.01  
    0.438       0          0        264.80         2120.80         3144.80  
    0.444       135.43          836.92        1304.67         2705.60         4289.09  
    0.450       238.09          1729.94        2111.11         3155.32         5185.99  
    0.456       256.64          1969.74        2088.42         3161.65         5188.86  
    