0.025       0          997.89        1879.08         3071.01         4484.20  
    0.031       483.92          1984.58        2685.87         3710.16         5189.95  
    0.038       420.19          2247.07        2793.08         3723.44         5209.43  
    0.044       385.07          2266.03        2773.46         3628.40         5447.94  
    0.050       378.65          2275.28        2770.21         3637.33         5500.00  
    0.056       388.69          2273.20        2767.51         3663.11         5500.00  
    0.062       408.68          2284.89        2766.51         3658.65         5500.00  
    0.069       414.42          2312.99        2769.77         3635.52         5500.00  
    0.075       422.23          2333.62        2763.44         3652.35         5500.00  
    0.081       421.98          2321.71        2753.36         3633.07         5500.00  
    0.088       422.10          2308.76        2742.52         3599.88         5500.00  
    0.094       424.56          2289.88        2742.77         3621.45         5500.00  
    0.100       425.15          2280.97        2763.26         3624.05         5500.00  
    0.106       422.85          2282.33        2784.37         3655.63         5500.00  
    0.113       422.35          2273.50        2782.49         3644.05         5500.00  
    0.119       418.41          2259.43        2761.72         3485.84         5500.00  
    0.125       416.45          2247.93        2747.30         3426.96         5500.00  
    0.131       419.19          2244.51        2741.33         3521.42         5500.00  
    0.138       426.27          2250.71        2732.48         3560.39         5500.00  
    0.144       431.65          2255.80        2725.39         3578.24         5500.00  
    0.150       432.64          2253.31        2724.57         3571.59         5296.36  
    0.156       433.15          2261.56        2733.59         3584.93         5216.23  
    0.163       437.44          2264.55        2743.41         3614.10         5451.72  
    0.169       439.15          2271.40        2744.36         3573.62         5500.00  
    0.175       437.01          2276.54        2744.38         3551.03         5500.00  
    0.181       436.69          2268.39        2740.67         3526.54         5500.00  
    0.188       72.29          743.60        2350.74         2854.80         3810.99  
    0.194       0          444.90        2262.96         2717.68         3503.38  
    0.200       0          451.97        2255.34         2705.62         3544.14  
    0.206       0          458.72        2243.48         2694.21         3554.78  
    0.213       0          467.12        2258.01         2690.44         3524.22  
    0.219       0          471.75        2279.61         2702.34         3489.50  
    0.225       0          469.36        2240.89         2684.05         3468.23  
    0.231       0          464.28        2228.79         2677.30         3459.60  
    0.238       0          457.88        2229.01         2681.65         3488.65  
    0.244       0          436.68        2223.75         2696.84         3600.59  
    0.250       0          427.77        2214.30         2695.60         3695.59  
    0.256       0          423.40        2180.27         2681.16         3684.13  
    0.263       0          425.24        2148.81         2681.76         3614.41  
    0.269       0          440.77        2171.39         2695.10         3594.24  
    0.275       0          427.06        2180.12         2683.36         3633.51  
    0.281       0          421.26        2179.55         2673.45         3672.42  
    0.288       0          424.89        2201.87         2720.50         3717.76  
    0.294       0          434.39        2265.33         2776.71         3765.48  
    0.300       0          437.17        2274.80         2742.29         3796.50  
    0.306       0          438.60        2191.54         2689.57         3802.62  
    0.312       0          447.58        2148.67         2670.36         3766.66  
    0.319       0          408.08        2164.14         2722.08         3729.38  
    0.325       0          350.78        2162.44         2747.31         3652.01  
    0.331       318.23          1820.02        2634.43         3427.68         5191.75  
    0.338       63.13          701.19        2214.34         2891.40         3858.21  
    0.344       0          389.74        2239.71         2789.04         3514.50  
    0.350       0          393.34        2525.39         2691.19         3460.95  
    0.356       0          418.47        2365.65         2590.00         3431.04  
    0.363       350.05          1806.36        2525.34         3297.69         5156.86  
    0.369       419.01          2099.90        2720.21         3508.27         5444.93  
    0.375       446.56          2074.73        2706.38         3561.94         5489.08  
    0.381       469.14          2148.63        2622.95         3514.15         5500.00  
    0.388       78.22          713.88        2447.66         3441.66         4000.12  
    