0.025       0          513.07        1813.81         2700.77         3784.18  
    0.031       0          494.77        2088.81         2769.67         3869.82  
    0.038       457.77          1661.03        2831.44         3512.78         5469.35  
    0.044       428.53          2029.05        2853.50         2889.26         5203.68  
    0.050       8.05          420.04        2141.00         2866.77         4603.41  
    0.056       0          362.41        2330.48         2850.87         4517.98  
    0.062       0          387.52        2477.48         2838.06         3991.92  
    0.069       0          438.75        2195.56         2842.33         3576.88  
    0.075       0          452.54        2220.90         2854.25         3402.87  
    0.081       0          438.79        2231.92         2853.22         3353.57  
    0.088       0          426.72        2253.45         2868.95         3384.10  
    0.094       0          420.04        2260.27         2877.27         3363.91  
    0.100       0          411.71        2372.65         2826.70         3220.00  
    0.106       0          403.44        2276.95         2784.94         3328.68  
    0.113       0          404.60        2220.80         2785.84         3369.45  
    0.119       0          408.55        2215.93         2802.70         3348.19  
    0.125       0          411.07        2291.36         2825.33         3135.76  
    0.131       0          415.60        2569.60         2642.83         2868.39  
    0.138       0          417.24        2641.46         2760.80         2908.52  
    0.144       0          415.20        2386.54         2690.40         3046.41  
    0.150       404.89          1815.17        2772.66         3144.60         5453.87  
    0.156       413.48          1850.79        2812.12         3183.59         5500.00  
    0.163       414.59          1871.50        2807.33         3178.81         5500.00  
    0.169       417.48          1819.08        2759.35         3149.22         5500.00  
    0.175       417.91          1969.62        2742.60         3146.75         5500.00  
    0.181       416.77          2005.37        2758.04         3174.16         5500.00  
    0.188       414.85          1971.11        2779.92         3175.28         5500.00  
    0.194       413.79          2032.48        2914.60         3220.29         5500.00  
    0.200       413.02          2005.65        2924.74         3228.74         5500.00  
    0.206       412.44          1988.25        2872.53         3232.11         5500.00  
    0.213       7.76          442.03        2019.77         2869.14         3302.35  
    0.219       0          413.54        2008.63         2863.96         3285.38  
    0.225       406.62          1984.37        2859.03         3268.92         5458.33  
    0.231       415.70          2014.75        2850.83         3195.96         5500.00  
    0.238       418.23          2004.39        2868.94         3192.04         5500.00  
    0.244       421.81          2012.15        2978.13         3153.72         5500.00  
    0.250       423.33          2008.84        2818.93         3122.15         5500.00  
    0.256       421.53          2002.87        2552.80         3212.62         5212.04  
    0.263       420.60          1997.04        2668.31         3213.73         5494.48  
    0.269       416.99          1983.74        2737.43         3262.62         5500.00  
    0.275       413.67          1964.26        2750.33         3286.90         5500.00  
    0.281       410.80          1924.48        2738.37         3278.60         5500.00  
    0.288       408.46          1860.18        2712.97         3230.97         5500.00  
    0.294       413.99          1851.27        2633.32         3180.10         5500.00  
    0.300       417.03          1814.98        2480.82         3193.54         5500.00  
    0.306       415.02          1814.14        2317.11         3147.39         5500.00  
    0.312       419.30          1363.07        2393.38         3234.94         5500.00  
    0.319       458.56          1581.81        2375.05         3247.89         5103.66  
    0.325       477.23          1902.65        2604.15         3118.03         4987.26  
    0.331       448.10          2191.01        2289.41         2933.83         5490.31  
    0.338       430.35          2139.88        2282.91         2909.94         5158.55  
    0.344       431.16          2091.61        2722.51         2992.81         5493.45  
    0.350       467.37          2086.83        2723.17         3105.26         5500.00  
    0.356       472.36          2042.98        2816.50         3073.86         5500.00  
    0.363       443.00          1976.24        2754.78         3236.36         5500.00  
    0.369       440.51          1998.54        2814.18         3273.74         5500.00  
    0.375       439.97          2008.69        2857.69         3302.22         5500.00  
    0.381       8.28          398.70        2009.95         2871.94         3727.11  
    0.388       0          367.19        2056.65         2817.63         3835.13  
    0.394       0          315.36        2018.28         2836.69         3885.37  
    0.400       0          324.03        2060.98         2846.51         4230.07  
    0.406       0          304.68        2006.53         2878.25         4148.68  
    0.413       0          330.70        2077.71         2869.06         4181.39  
    0.419       0          344.88        2100.41         2881.80         4330.45  
    0.425       0          345.74        2026.89         2937.08         4206.42  
    0.431       0          334.10        2011.35         2848.82         4287.84  
    0.438       384.91          1954.44        2604.61         3788.69         5160.19  
    0.444       402.27          1892.02        2740.16         4643.83         5493.92  
    0.450       7.57          426.13        2069.51         2943.87         4590.20  
    0.456       353.37          2072.52        2454.37         3321.36         5096.61  
    