0.025       436.31          2290.37        2848.48         3697.07         3886.75  
    0.031       437.35          2292.25        2876.11         3744.21         3840.78  
    0.038       437.55          2287.40        2907.14         3757.68         3815.94  
    0.044       437.15          2284.34        2910.58         3743.39         3828.27  
    0.050       436.96          2281.02        2893.59         3758.15         3834.79  
    0.056       437.41          2269.58        2874.75         3767.86         3851.03  
    0.062       438.69          2257.09        2854.44         3743.66         3880.50  
    0.069       441.04          2246.91        2823.99         3702.88         3901.04  
    0.075       445.07          2238.38        2807.40         3655.59         3909.76  
    0.081       450.92          2225.73        2824.35         3613.60         3893.90  
    0.088       455.23          2209.54        2833.78         3593.97         3867.62  
    0.094       456.45          2204.75        2818.26         3637.96         3862.08  
    0.100       455.96          2221.79        2774.85         3672.51         3883.41  
    