0.025       0          1562.44        1912.60         2937.04         5006.32  
    0.031       0          190.26        1820.19         1987.32         4941.78  
    0.038       519.74          1587.98        2522.96         4546.42         5204.73  
    0.044       72.06          220.18        999.76         3168.76         4957.75  
    0.050       376.66          763.08        2684.27         4673.93         5175.04  
    0.056       397.54          879.88        3152.18         4833.27         5097.60  
    0.062       404.08          898.71        3088.94         4400.96         5103.32  
    0.069       411.91          922.12        3084.14         4256.35         5193.51  
    0.075       414.00          936.07        3321.12         4194.12         5207.50  
    0.081       420.57          943.61        3682.12         4110.52         5194.19  
    0.088       430.00          941.79        3332.14         4089.99         5257.45  
    0.094       441.99          939.72        2929.05         4034.82         5294.83  
    0.100       453.58          939.03        2560.13         4002.91         5249.25  
    0.106       468.47          931.34        2334.17         4001.57         5168.13  
    0.113       485.71          917.45        2226.43         3941.71         5142.52  
    0.119       496.14          901.24        2189.84         3920.68         5085.03  
    0.125       520.82          869.70        2151.79         3903.43         5110.18  
    0.131       530.32          828.04        2112.65         3869.25         5162.68  
    0.138       438.95          793.30        2060.13         3939.68         5330.02  
    0.144       51.89          763.46        1964.58         3966.99         5482.01  
    0.150       0          742.64        1913.28         3936.90         4460.85  
    0.156       384.89          724.74        1945.40         3912.34         5355.92  
    0.163       507.66          725.98        1953.02         3863.34         5290.54  
    0.169       227.39          737.51        1952.52         3917.59         5470.96  
    0.175       186.71          747.06        1951.73         3917.34         5500.00  
    0.181       420.71          745.77        1934.16         3938.81         5500.00  
    0.188       410.97          767.35        1922.10         3938.37         5336.03  
    0.194       464.25          790.51        1919.58         3954.20         5171.39  
    0.200       536.33          813.43        1918.41         4031.53         5214.00  
    0.206       594.33          843.94        1927.37         4040.92         5227.15  
    0.213       632.70          958.57        1978.03         4035.71         5466.85  
    0.219       603.14          1068.06        2024.62         4046.96         5500.00  
    0.225       565.15          1084.84        2086.70         4064.32         5362.25  
    0.231       518.34          1098.55        2160.87         4066.86         5340.56  
    0.238       482.68          1183.82        2204.81         4071.66         5325.51  
    0.244       471.44          1214.06        2251.66         4078.91         5300.18  
    0.250       469.42          1191.08        2262.39         4009.40         5126.23  
    0.256       453.49          1166.24        2253.06         3957.36         5084.25  
    0.263       403.20          1161.50        2248.23         3966.08         5030.85  
    0.269       425.86          1185.07        2297.17         3958.74         5112.15  
    0.275       449.07          1263.03        2339.38         4021.92         5172.97  
    0.281       434.91          1350.53        2339.65         4084.72         5118.96  
    0.288       420.73          1388.19        2454.95         4104.45         4890.45  
    0.294       414.95          1433.39        2769.81         3848.41         4894.23  
    0.300       406.80          1534.64        2922.01         3657.62         4949.58  
    0.306       401.71          1588.69        2840.33         3651.07         4981.83  
    0.312       405.06          1607.33        2594.29         3659.25         5022.00  
    0.319       405.56          1721.86        2534.91         3621.63         5087.85  
    0.325       408.84          1838.01        2635.65         3604.32         5180.30  
    0.331       401.36          1897.52        2746.57         3587.20         5117.62  
    0.338       379.20          1911.15        2924.59         3550.88         5107.48  
    0.344       336.69          1935.61        2993.20         3509.72         5135.47  
    0.350       318.76          1938.01        2983.88         3479.02         5181.82  
    0.356       295.44          2019.02        3079.82         3519.36         5248.23  
    0.363       272.65          2158.04        3146.26         3774.18         5127.06  
    0.369       264.07          2245.08        3242.42         4258.14         5060.06  
    0.375       262.53          2285.08        3289.36         3992.93         4994.75  
    0.381       261.33          2272.13        3243.61         3876.20         5030.80  
    0.388       262.34          2228.63        3229.60         4266.01         5101.66  
    0.394       264.17          2232.53        3227.87         4307.14         4976.80  
    0.400       267.04          2299.95        3189.50         4268.51         4955.72  
    0.406       271.24          2368.54        3158.98         4293.94         5025.67  
    0.413       275.91          2391.35        3112.25         4259.12         5073.69  
    0.419       279.48          2269.48        3108.10         4216.51         5051.33  
    0.425       284.55          2176.05        3105.91         4245.46         4959.11  
    0.431       290.61          2280.91        2973.94         4305.53         5002.81  
    0.438       303.16          2432.87        3070.93         4320.78         5132.75  
    0.444       304.91          2547.08        2910.32         4320.15         5457.34  
    0.450       305.97          2573.59        3246.95         4321.86         5500.00  
    0.456       320.18          2616.11        2919.94         4248.68         5059.85  
    0.463       340.21          2417.32        2853.84         4200.39         5045.93  
    0.469       345.38          2148.77        2957.21         4287.53         5445.50  
    0.475       42.10          556.55        2575.35         3221.52         4584.10  
    0.481       0          338.98        2430.98         3039.54         4474.77  
    0.488       0          337.86        2746.95         2906.44         4430.29  
    0.494       0          339.10        2823.68         3616.00         4434.12  
    0.500       297.33          1260.77        2841.90         4382.52         5370.38  
    0.506       41.23          479.24        2876.16         3169.05         4692.21  
    0.513       0          357.03        2875.20         2974.15         4599.67  
    0.519       265.80          2296.82        2955.55         4431.16         5390.70  
    