0.025       669.51          883.80        2776.22         3473.43         5500.00  
    0.031       603.07          880.02        2793.41         3477.46         5237.79  
    0.038       547.89          882.26        2814.36         3488.78         5078.53  
    0.044       516.38          931.14        2843.88         3506.91         4924.29  
    0.050       493.20          1230.94        2948.92         3429.90         4645.07  
    0.056       483.49          1349.06        2786.04         3428.38         4643.64  
    0.062       478.36          1360.71        2516.52         3465.34         4750.20  
    0.069       479.07          1321.47        2388.09         3456.67         4725.35  
    0.075       477.26          1310.18        2347.99         3439.46         4676.71  
    0.081       472.31          1347.53        2367.62         3582.50         4457.29  
    0.088       476.20          1408.75        2409.93         3812.18         4469.17  
    0.094       475.00          1429.26        2415.97         3984.50         4354.51  
    0.100       490.36          1518.70        2650.59         3636.16         4207.94  
    0.106       485.20          1496.13        2785.23         4045.87         5283.04  
    0.113       488.51          1495.48        2695.29         4140.90         4979.71  
    0.119       489.37          1503.83        2631.35         4104.23         4280.86  
    0.125       466.79          1473.57        2672.03         4071.78         4234.55  
    0.131       458.72          1490.91        2741.29         3999.08         4303.05  
    0.138       472.25          1517.11        2934.54         3771.60         4302.97  
    0.144       476.34          1471.52        2647.94         3810.01         4358.98  
    0.150       465.62          1441.41        2545.45         3782.50         4448.85  
    0.156       474.78          1467.47        2596.40         3885.05         4500.80  
    0.163       471.83          1419.96        2514.67         3911.62         4759.03  
    0.169       461.98          1465.99        2445.38         3852.73         4859.51  
    0.175       471.56          1446.65        2330.39         3913.57         4891.26  
    0.181       474.67          1661.80        2386.87         3930.62         4892.98  
    0.188       458.67          1822.67        2585.60         3925.53         4856.05  
    0.194       434.51          1898.83        2756.95         3882.09         4872.89  
    0.200       343.05          1931.46        2903.44         3729.72         4900.97  
    0.206       283.99          1960.41        2994.15         3702.17         5078.87  
    0.213       321.91          2082.29        3025.04         3734.48         5436.21  
    0.219       344.64          2129.57        3034.76         3706.90         5500.00  
    0.225       351.56          2143.15        3002.96         3729.58         5331.38  
    0.231       353.31          2199.75        3038.42         3757.42         5219.48  
    0.238       350.68          2267.93        3092.44         3836.86         5451.20  
    0.244       347.47          2283.32        3109.56         3859.25         5500.00  
    0.250       344.75          2279.78        3053.84         3766.77         5098.22  
    0.256       344.21          2269.24        3040.64         3729.77         4881.11  
    0.263       338.97          2238.60        3010.08         3747.09         4811.38  
    0.269       339.51          2258.68        2976.77         3759.20         4757.37  
    0.275       335.96          2299.74        2982.93         3760.66         4711.51  
    0.281       336.08          2318.08        2961.14         3702.93         4631.94  
    0.288       334.89          2376.47        2968.23         3717.36         4654.71  
    0.294       327.57          2368.59        2986.45         3709.02         4743.15  
    0.300       323.57          2370.42        2998.01         3698.94         4830.31  
    0.306       322.36          2467.17        3011.32         3706.39         4780.13  
    0.312       329.00          2523.53        3025.32         3722.50         4520.54  
    0.319       331.31          2503.19        2996.62         3725.89         4154.79  
    0.325       338.54          2497.39        2974.33         3707.49         4161.19  
    0.331       328.14          2519.82        2987.79         3716.00         4177.96  
    0.338       304.98          2522.12        3014.36         3712.35         4246.16  
    0.344       300.79          2554.58        2980.89         3739.17         4251.90  
    0.350       302.66          2596.29        2927.79         3735.71         4222.71  
    0.356       302.18          2518.52        2965.93         3714.15         4246.22  
    0.363       315.24          2384.97        2962.63         3660.59         4262.63  
    0.369       321.38          2273.79        2853.63         3628.89         4303.18  
    0.375       295.56          2365.63        2809.45         3655.24         4301.82  
    0.381       289.58          2261.24        2867.14         3662.28         4334.74  
    