0.025       0          1059.63        1451.63         2529.47         3327.76  
    0.031       0          607.74        1431.92         2391.90         3834.27  
    0.038       0          490.11        1320.79         2363.41         3833.05  
    0.044       482.45          1202.26        2382.56         3827.28         4015.92  
    0.050       505.81          1170.62        2404.12         3640.53         3910.40  
    0.056       524.07          1154.66        2416.11         3715.08         3921.87  
    0.062       528.42          1154.76        2416.68         3870.63         3996.77  
    0.069       535.01          1173.51        2389.43         3884.39         4096.48  
    0.075       542.31          1181.68        2415.59         3897.23         5491.73  
    0.081       541.20          1181.89        2410.25         3868.10         5500.00  
    0.088       536.79          1185.76        2381.58         3867.27         5500.00  
    0.094       3.16          543.00        1205.09         2397.26         3881.86  
    0.100       0          548.22        1212.40         2380.92         3873.47  
    0.106       0          545.45        1204.63         2385.91         3821.03  
    0.113       0          561.89        1192.80         2396.81         3726.35  
    0.119       567.12          1174.70        2387.00         3777.49         5489.54  
    0.125       556.26          1138.25        2401.08         3736.73         3836.00  
    0.131       563.96          1134.91        2400.73         3579.70         3764.61  
    0.138       574.56          1161.08        2415.14         3543.41         3778.23  
    0.144       576.60          1143.50        2427.43         3524.51         3823.20  
    0.150       572.73          1110.85        2427.93         3468.71         3836.65  
    0.156       576.51          1108.58        2448.24         3743.54         3817.46  
    0.163       570.84          1112.67        2447.30         3591.68         3975.21  
    0.169       570.74          1123.50        2450.98         3667.81         4147.03  
    0.175       567.22          1158.03        2446.23         3699.25         4219.29  
    0.181       565.36          1195.10        2438.52         3732.05         4370.86  
    0.188       572.52          1224.78        2434.80         3721.74         4489.52  
    0.194       572.43          1230.86        2427.49         3701.12         4446.36  
    0.200       557.85          1207.11        2436.54         3691.82         4462.16  
    0.206       557.32          1209.01        2424.94         3699.40         4357.98  
    0.213       569.39          1233.52        2415.27         3637.67         4430.90  
    0.219       566.74          1289.94        2391.79         3612.39         4439.89  
    0.225       549.31          1348.87        2374.37         3592.95         4484.71  
    0.231       550.48          1363.30        2366.73         3583.41         4492.95  
    0.238       554.47          1396.26        2349.65         3559.79         4426.90  
    0.244       549.32          1498.19        2348.25         3550.04         4249.97  
    0.250       528.96          1549.71        2342.88         3537.53         4159.05  
    0.256       510.39          1613.24        2344.46         3494.69         4049.85  
    0.263       492.56          1689.15        2446.65         3531.06         3958.54  
    0.269       479.25          1726.71        2510.99         3528.64         3903.37  
    0.275       463.86          1740.49        2516.29         3500.02         3898.60  
    0.281       453.57          1766.04        2519.85         3475.95         3885.95  
    0.288       445.99          1845.85        2546.94         3487.83         3971.33  
    0.294       437.83          1926.59        2599.43         3535.21         4019.85  
    0.300       429.98          2005.21        2626.41         3517.47         3962.58  
    0.306       425.64          2032.23        2607.44         3428.74         3902.50  
    0.312       421.60          2040.65        2606.52         3424.80         3890.73  
    0.319       416.30          2031.43        2576.37         3482.20         3883.22  
    0.325       412.32          2029.20        2648.63         3508.10         3957.24  
    0.331       407.92          2031.48        2674.81         3470.96         3947.18  
    0.338       402.99          2039.77        2614.14         3420.00         3838.31  
    0.344       399.43          2046.41        2550.06         3344.81         3828.34  
    0.350       397.30          2046.37        2530.10         3463.18         3751.07  
    0.356       391.07          2042.27        2531.01         3555.97         3849.69  
    0.363       383.50          2075.71        2625.82         3569.45         3917.34  
    0.369       387.32          2138.86        2604.05         3574.92         3949.26  
    0.375       384.27          2171.42        2522.53         3578.13         3924.13  
    0.381       375.36          2177.98        2622.15         3599.41         3902.54  
    0.388       380.13          2175.09        2718.01         3631.65         3899.24  
    0.394       366.73          2221.52        2712.77         3636.15         3911.89  
    0.400       361.90          2252.00        2567.02         3619.01         3940.13  
    0.406       336.98          2226.57        2464.02         3649.74         3944.17  
    0.413       320.12          2228.73        2540.82         3668.20         3963.39  
    0.419       318.18          2298.00        2498.78         3673.51         3935.30  
    0.425       286.81          2364.61        2583.41         3595.90         3871.30  
    0.431       227.04          2244.01        3036.99         3833.42         5490.40  
    0.438       237.98          2120.13        2849.13         3794.51         4919.19  
    