0.025       450.88          632.55        2871.73         4126.01         5500.00  
    0.031       453.62          615.59        2902.85         4157.61         5500.00  
    0.038       434.65          649.38        3106.83         4058.75         5500.00  
    0.044       425.15          713.75        3184.03         3911.71         4819.83  
    0.050       439.56          770.82        3653.53         4125.32         5292.99  
    0.056       486.09          788.24        3066.61         3941.31         4614.76  
    0.062       506.02          817.63        2688.94         3875.01         4238.89  
    0.069       508.55          848.58        2568.50         3891.73         4212.43  
    0.075       515.13          907.08        2575.27         3928.61         4275.78  
    0.081       530.61          960.10        2614.85         3921.41         4339.91  
    0.088       548.73          992.34        2623.94         3842.86         4370.89  
    0.094       567.56          1011.22        2677.03         3836.58         4451.62  
    0.100       586.23          1005.65        2805.64         3814.07         4524.25  
    0.106       603.32          1007.07        2950.09         3780.27         4541.28  
    0.113       141.68          734.56        1577.59         3774.30         4482.64  
    0.119       0          689.38        1555.99         3766.33         4393.07  
    0.125       0          717.29        1792.27         3764.15         4531.37  
    0.131       0          730.39        1804.12         3797.95         4565.25  
    0.138       0          743.76        1791.96         3799.89         4595.73  
    0.144       0          771.73        1785.59         3760.54         4537.37  
    0.150       0          796.35        1792.87         3766.75         4626.97  
    0.156       0          187.03        1043.21         2318.05         4003.70  
    0.163       607.63          1020.42        1762.50         3318.63         4538.68  
    0.169       749.80          1429.21        2102.72         3735.69         4760.25  
    0.175       712.44          1430.15        2117.28         3734.29         4795.20  
    0.181       694.91          1470.09        2120.87         3716.67         4842.54  
    0.188       708.04          1554.87        2110.86         3705.74         4825.61  
    0.194       687.66          1539.99        2192.25         3724.20         4804.97  
    0.200       656.21          1544.58        2161.12         3762.32         4838.16  
    0.206       657.95          1478.59        2063.90         3785.13         4855.87  
    0.213       668.00          1095.42        1990.30         3773.41         4837.66  
    0.219       156.39          229.92        938.29         2363.96         4015.46  
    0.225       441.98          910.56        1636.31         3342.48         4454.14  
    0.231       555.80          1286.13        1952.53         3762.78         4626.49  
    0.238       543.80          1083.17        1915.89         3779.11         4567.28  
    0.244       546.07          1320.52        1832.51         3823.67         4619.48  
    0.250       560.26          1548.75        1765.30         3823.42         4628.55  
    0.256       569.54          1246.47        2134.95         3822.66         4642.92  
    0.263       486.12          1092.01        2325.40         3822.25         4630.38  
    0.269       453.55          1089.09        2346.73         3846.17         4659.64  
    0.275       463.86          1229.05        2375.65         3868.59         4645.85  
    0.281       460.22          1291.92        2427.51         3879.27         4646.83  
    0.288       460.50          1344.23        2441.76         3902.37         4671.61  
    0.294       452.93          1433.37        2444.77         3931.25         4687.00  
    0.300       441.38          1476.75        2407.14         3935.44         4591.22  
    0.306       462.17          1617.80        2366.54         3912.90         4556.15  
    0.312       456.09          1717.17        2348.13         3901.93         4639.25  
    0.319       430.85          1795.46        2345.92         3929.67         4692.14  
    0.325       416.94          1932.05        2345.40         3925.22         4707.39  
    0.331       399.47          2044.84        2342.17         3939.99         4677.45  
    0.338       377.59          2171.82        2309.83         3912.72         4579.52  
    0.344       359.85          2190.34        2387.19         3907.11         4553.48  
    0.350       343.98          2197.85        2504.68         3976.16         4552.40  
    0.356       331.12          2191.52        2811.25         3979.20         4541.82  
    0.363       341.80          2191.09        3024.77         3992.41         4554.80  
    0.369       340.40          2221.84        3247.67         3962.70         4575.17  
    0.375       331.56          2227.32        3163.49         3997.97         4617.37  
    0.381       329.73          2223.82        3260.88         4032.24         4634.06  
    0.388       321.81          2215.24        3425.67         4050.53         4587.29  
    0.394       313.02          2201.31        3414.07         4050.10         4516.08  
    0.400       289.33          2241.83        3441.02         4055.54         4474.25  
    0.406       293.57          2242.79        3780.91         4066.39         4446.76  
    0.413       298.44          2213.65        4026.59         4136.24         4434.40  
    0.419       306.92          2199.04        3797.40         4157.33         4506.55  
    0.425       308.16          2180.58        4022.99         4311.87         4413.78  
    0.431       297.04          2165.85        3886.45         4156.52         4386.02  
    0.438       290.27          2177.67        3547.07         4073.06         4377.65  
    0.444       295.17          2212.51        3621.72         3992.07         4358.02  
    0.450       304.59          2258.86        3465.40         3961.19         4358.74  
    0.456       308.10          2214.17        3580.13         3992.02         4328.87  
    0.463       310.61          2158.44        3882.98         3988.52         4308.66  
    0.469       294.59          2205.01        3917.62         4065.25         4305.08  
    0.475       279.27          2295.82        3931.66         4094.68         4304.97  
    0.481       280.00          2356.21        3944.37         4325.59         4984.30  
    0.488       286.48          2363.92        3950.31         4422.43         5427.91  
    0.494       311.64          2369.32        3951.39         4408.46         5500.00  
    