0.025       408.52          1896.56        2839.39         3989.99         4884.77  
    0.031       476.11          1860.06        2990.52         3971.62         5138.41  
    0.038       46.24          1043.19        2103.13         3275.38         4488.03  
    0.044       0          959.07        1300.47         3263.00         4490.80  
    0.050       692.24          989.91        2996.47         3715.40         5404.18  
    0.056       683.79          976.24        3148.70         4118.62         5500.00  
    0.062       64.61          708.70        1286.23         3458.91         4483.27  
    0.069       556.87          1006.34        2394.08         3458.43         5392.41  
    0.075       58.93          651.90        1202.90         3201.83         3600.25  
    0.081       548.53          986.55        2343.36         3396.55         5298.97  
    0.088       58.04          656.65        1163.53         3403.37         5500.00  
    0.094       0          619.32        938.35         3363.45         5500.00  
    0.100       0          621.87        1012.68         3416.12         4050.44  
    0.106       0          647.68        1046.96         3464.98         3995.92  
    0.113       0          649.90        1034.63         3470.91         4098.47  
    0.119       0          655.94        1025.46         3245.22         3835.55  
    0.125       590.52          917.60        2410.16         3758.91         5337.96  
    0.131       774.68          828.57        2569.71         3837.69         5500.00  
    0.138       75.36          746.08        963.15         2570.04         3965.99  
    0.144       0          797.78        1815.81         2293.66         3821.33  
    0.150       730.21          810.47        2138.89         3591.77         5339.54  
    0.156       816.58          890.52        2109.37         3686.55         5500.00  
    0.163       815.39          1133.73        2138.59         3691.78         5500.00  
    0.169       782.31          1354.84        2389.17         3912.72         5500.00  
    0.175       758.08          1470.28        2516.90         3948.03         5500.00  
    0.181       746.23          1540.10        2500.85         3866.36         5500.00  
    0.188       706.96          1599.33        2510.21         3931.98         5500.00  
    0.194       669.57          1536.86        2547.14         3888.44         5500.00  
    0.200       664.29          1560.55        2576.77         3861.95         5500.00  
    0.206       63.55          769.24        1833.37         2904.34         4252.77  
    0.213       0          685.03        1729.01         2816.80         4122.50  
    0.219       619.73          1692.90        2807.73         3945.82         5368.20  
    0.225       65.58          793.37        1952.83         3031.95         4220.96  
    0.231       631.78          1754.30        2139.89         3773.03         5364.66  
    0.238       711.65          1571.99        2266.07         4040.57         5500.00  
    0.244       736.39          1391.66        2284.85         3984.23         5500.00  
    0.250       753.32          1213.33        2362.22         3856.19         5500.00  
    0.256       771.28          1126.96        2387.51         3862.15         5500.00  
    0.263       688.90          846.47        2314.34         3937.12         5500.00  
    0.269       773.21          880.57        2280.97         3957.42         5500.00  
    0.275       729.35          1207.98        2336.05         3915.03         5500.00  
    0.281       695.30          1314.02        2408.84         3892.58         5500.00  
    0.288       670.31          1526.51        2572.88         4155.59         5500.00  
    0.294       657.15          1519.76        2711.71         4244.24         5500.00  
    0.300       623.56          1498.33        2729.18         4007.75         5500.00  
    0.306       559.36          1475.81        2741.67         3847.59         5500.00  
    0.312       515.88          1498.49        2824.63         3916.92         5500.00  
    0.319       503.25          1550.06        2760.02         3970.06         5500.00  
    0.325       502.65          1629.20        2845.78         4110.58         5500.00  
    0.331       48.10          596.61        1818.06         3131.10         4166.48  
    0.338       427.49          1625.18        2681.69         3856.59         5358.89  
    0.344       472.93          1920.10        2592.91         3975.48         5500.00  
    0.350       45.26          623.40        2177.08         3386.79         4325.34  
    0.356       0          483.01        2152.69         3349.55         4382.38  
    0.363       0          445.18        2169.07         3310.18         4374.32  
    0.369       0          439.03        2191.45         3382.41         4118.10  
    0.375       0          440.64        2174.99         3697.45         3905.56  
    0.381       0          421.10        2138.22         3474.09         4008.45  
    0.388       362.04          1979.09        3213.69         3836.53         5358.51  
    0.394       38.31          566.42        2316.54         3625.29         4216.95  
    0.400       0          400.11        2182.56         3612.47         4061.33  
    0.406       352.04          2027.68        3516.48         3825.31         5362.13  
    0.413       37.25          550.93        2410.33         3621.73         4420.10  
    0.419       328.47          2085.20        3481.17         4065.33         5385.73  
    0.425       34.76          544.85        2386.86         3646.52         4441.21  
    0.431       0          359.35        2263.97         3599.82         4611.44  
    0.438       0          346.06        2257.91         3593.61         4863.11  
    0.444       303.11          2023.71        3485.75         4085.05         5441.30  
    0.450       32.07          524.39        2390.21         3659.16         4363.05  
    0.456       0          352.98        2279.76         3590.46         4191.55  
    0.463       0          359.40        2259.48         3599.05         4077.24  
    0.469       0          367.42        2253.89         3618.06         4120.20  
    0.475       0          386.36        2254.40         3641.46         4325.42  
    0.481       0          381.83        2236.30         3650.18         5389.62  
    0.488       0          362.08        2099.54         3677.01         4358.84  
    0.494       0          376.36        2036.17         3670.55         4129.45  
    0.500       0          398.76        2163.52         3689.46         4246.41  
    0.506       0          401.43        2117.44         3694.45         4147.18  
    0.513       0          409.27        2150.99         3664.67         3985.57  
    0.519       0          410.61        2166.54         3662.47         4116.09  
    0.525       0          403.58        2125.07         3673.10         4127.09  
    0.531       0          402.44        2122.96         3677.51         4129.59  
    0.537       0          400.81        2053.21         3694.39         3972.76  
    0.544       0          381.68        2125.26         3706.65         3784.92  
    0.550       0          380.88        2146.77         3640.96         3727.36  
    0.556       0          352.61        1924.79         3511.15         3867.21  
    0.562       0          337.46        1945.79         3514.59         4108.12  
    0.569       0          281.54        1936.52         3563.12         4303.90  
    0.575       0          222.67        1935.40         3484.61         4293.84  
    0.581       0          224.19        1977.05         3517.85         4326.53  
    0.588       190.81          1855.15        3072.51         4264.58         5388.07  
    0.594       20.19          194.03        305.06         2214.64         3806.64  
    0.600       0          1105.39        1835.29         3541.24         4388.19  
    0.606       0          1383.10        2109.69         3828.59         4473.05  
    0.613       0          1578.55        2045.95         4064.81         4725.44  
    0.619       0          152.86        1648.51         2123.18         4164.10  
    0.625       0          1204.21        2015.95         3774.76         4762.53  
    0.631       0          1446.71        2172.67         3944.02         4548.61  
    0.638       0          1538.22        2192.81         3948.04         4389.01  
    0.644       0          1563.45        2186.39         3961.59         4535.81  
    0.650       0          1637.73        2186.94         3981.53         4550.88  
    0.656       0          1705.32        2096.54         4017.31         4385.78  
    0.663       0          163.79        1984.21         3218.11         4069.64  
    