0.025       481.27          878.64        2509.79         3635.80         5101.03  
    0.031       463.13          886.76        2517.48         3543.85         4944.80  
    0.038       456.73          891.95        2476.75         3452.24         4752.19  
    0.044       458.96          901.13        2454.77         3429.12         4603.02  
    0.050       453.23          894.29        2475.24         3427.06         4680.03  
    0.056       452.92          895.18        2522.86         3424.85         4824.73  
    0.062       459.38          896.76        2554.98         3441.69         5099.60  
    0.069       460.57          894.00        2600.33         3457.97         5447.28  
    0.075       457.67          890.89        2652.37         3470.42         5500.00  
    0.081       461.18          887.83        2656.51         3472.76         5500.00  
    0.088       465.75          884.59        2700.07         3483.14         5500.00  
    0.094       472.47          877.84        2665.41         3497.42         5500.00  
    0.100       481.32          870.59        2667.77         3507.87         5500.00  
    0.106       485.58          872.62        2775.81         3481.58         5500.00  
    0.113       475.93          877.54        2725.08         3490.33         5500.00  
    0.119       471.12          881.09        2674.23         3510.11         5500.00  
    0.125       465.76          886.76        2711.56         3489.48         5500.00  
    0.131       463.31          887.02        2775.30         3452.17         5500.00  
    0.138       467.58          888.87        2767.95         3447.33         5500.00  
    0.144       462.49          890.99        2628.75         3433.93         5500.00  
    0.150       454.19          892.45        2579.54         3412.24         5500.00  
    0.156       453.45          894.66        2563.29         3402.42         5500.00  
    0.163       454.65          896.64        2523.69         3405.91         5500.00  
    0.169       450.92          896.65        2539.43         3391.31         5500.00  
    0.175       450.25          898.16        2572.30         3389.93         5500.00  
    0.181       450.05          901.57        2525.05         3391.71         5500.00  
    0.188       454.63          904.20        2479.02         3402.68         5500.00  
    0.194       459.38          910.06        2462.69         3416.93         5500.00  
    0.200       460.19          923.06        2402.41         3416.35         5222.70  
    0.206       456.47          941.40        2368.71         3430.62         4895.16  
    0.213       455.78          954.38        2338.08         3469.90         4620.76  
    0.219       456.34          986.49        2332.57         3482.06         4524.16  
    0.225       453.60          1034.23        2382.30         3482.32         4421.60  
    0.231       448.51          1073.00        2427.00         3492.27         4333.77  
    0.238       445.97          1097.52        2465.13         3517.87         4328.03  
    0.244       445.94          1109.70        2471.96         3524.91         4286.27  
    0.250       446.94          1158.43        2506.54         3536.88         4208.37  
    0.256       446.09          1238.93        2601.56         3573.97         4361.74  
    0.263       437.19          1271.56        2597.91         3586.42         4405.36  
    0.269       437.25          1277.06        2518.59         3569.67         4094.00  
    0.275       427.39          1529.36        2469.95         3561.12         4042.58  
    