0.025       571.51          891.07        2824.59         3822.20         4178.95  
    0.031       562.08          946.59        2824.72         3829.78         4229.95  
    0.038       544.28          1018.45        2822.81         3804.54         4211.41  
    0.044       533.98          1094.79        2849.23         3788.63         4169.64  
    0.050       518.23          1176.36        2816.76         3821.52         4218.84  
    0.056       490.34          1228.61        2738.67         3732.30         4214.14  
    0.062       466.37          1256.35        2682.48         3597.73         4254.91  
    0.069       452.47          1289.13        2645.97         3561.16         4351.13  
    0.075       438.98          1394.80        2622.73         3624.36         4359.70  
    0.081       425.84          1550.10        2609.22         3686.67         4254.13  
    0.088       414.92          1692.90        2572.19         3709.75         4075.50  
    0.094       403.59          1893.64        2535.86         3696.53         3987.04  
    0.100       390.55          2190.37        2561.78         3696.78         4045.91  
    