0.025       0          1027.21        2495.08         3464.29         4565.61  
    0.031       409.38          1416.18        2664.81         3743.96         4640.53  
    0.038       194.22          859.55        2032.13         3211.11         4421.73  
    0.044       291.62          652.33        2446.21         3589.99         4491.53  
    0.050       410.73          709.81        2723.88         3726.89         4601.03  
    0.056       406.38          698.89        2679.36         3574.87         5213.66  
    0.062       417.53          711.01        2662.38         3532.08         5500.00  
    0.069       425.42          722.12        2656.48         3526.05         5500.00  
    0.075       431.35          719.54        2661.05         3525.96         5500.00  
    0.081       433.98          723.64        2669.75         3537.18         5500.00  
    0.088       435.37          728.52        2668.63         3526.19         5275.64  
    0.094       439.34          735.38        2645.37         3514.91         5135.71  
    0.100       445.98          746.61        2626.50         3528.39         5142.43  
    0.106       453.50          761.34        2625.93         3529.45         5217.66  
    0.113       460.70          776.09        2639.77         3534.59         5246.28  
    0.119       467.33          794.86        2660.73         3540.19         5418.06  
    0.125       474.33          824.58        2673.53         3539.25         5500.00  
    0.131       479.54          881.21        2673.93         3532.05         5398.05  
    0.138       480.47          982.99        2668.90         3519.74         5341.89  
    0.144       481.98          1055.50        2658.26         3510.54         5360.62  
    0.150       485.34          1112.96        2637.80         3516.53         5305.45  
    0.156       488.84          1173.48        2610.57         3539.60         5154.55  
    0.163       493.06          1218.47        2612.21         3559.75         5370.57  
    0.169       498.82          1300.61        2624.02         3548.41         5500.00  
    0.175       504.03          1454.11        2623.53         3544.41         5500.00  
    0.181       507.68          1564.84        2620.86         3545.23         5197.27  
    0.188       505.20          1624.59        2606.50         3520.02         4981.42  
    0.194       493.85          1710.45        2597.50         3485.98         5322.11  
    0.200       456.14          1972.35        2610.02         3478.37         5500.00  
    0.206       414.14          2146.37        2638.96         3499.97         5500.00  
    0.213       390.12          2191.31        2653.64         3515.27         5500.00  
    0.219       374.84          2196.87        2658.32         3502.78         5500.00  
    0.225       369.84          2213.73        2678.41         3484.52         5500.00  
    0.231       370.04          2234.88        2723.77         3500.69         5500.00  
    0.238       371.99          2251.89        2787.89         3533.77         5500.00  
    0.244       379.64          2267.42        2812.23         3561.68         5500.00  
    0.250       394.28          2272.33        2806.79         3549.63         5500.00  
    0.256       408.30          2295.58        2789.19         3562.56         5500.00  
    0.263       401.01          2294.20        2762.51         3627.09         5500.00  
    0.269       394.94          2316.93        2813.31         3637.80         5500.00  
    0.275       126.98          1028.17        2508.11         3106.89         4221.26  
    0.281       0          403.99        2376.50         2859.43         3622.32  
    0.288       226.57          1722.18        2699.16         3430.06         4897.00  
    0.294       318.78          2366.91        2879.34         3683.02         5500.00  
    0.300       299.92          2381.23        2901.05         3650.24         5500.00  
    0.306       94.73          957.82        2561.37         3145.08         4263.21  
    0.312       174.37          1721.41        2739.06         3454.78         4913.24  
    0.319       255.91          2395.08        2898.24         3707.33         5500.00  
    0.325       82.16          953.08        2563.72         3161.71         4328.85  
    0.331       0          283.28        2402.25         2895.20         3782.02  
    0.338       0          299.28        2391.36         2904.97         3838.00  
    0.344       0          347.85        2398.70         2966.93         4015.52  
    0.350       0          362.79        2405.27         3089.24         3810.93  
    0.356       0          332.72        2372.62         2952.22         3688.87  
    