0.025       0          693.83        1895.74         2668.76         3717.19  
    0.031       374.62          1451.19        2209.03         3309.46         4891.58  
    0.038       194.08          1014.86        2073.00         3217.25         4985.14  
    0.044       353.62          775.65        2404.55         4112.93         5233.26  
    0.050       503.43          843.83        2770.20         4572.34         4938.29  
    0.056       477.32          824.55        2967.33         4521.27         4650.78  
    0.062       463.97          827.64        3029.15         4461.47         4671.59  
    0.069       454.29          852.71        2829.59         4314.06         4657.61  
    0.075       465.01          846.78        2567.86         3951.43         4673.63  
    0.081       476.50          810.58        2479.24         3851.80         4692.98  
    0.088       513.14          753.35        2633.28         3930.78         4671.78  
    0.094       537.82          681.15        2597.35         3568.20         4665.78  
    0.100       402.79          587.24        2628.43         3328.36         4650.23  
    0.106       414.75          566.06        2766.05         3685.19         4611.86  
    0.113       524.74          569.60        2772.42         3938.18         4603.41  
    0.119       567.00          574.37        2707.45         4074.39         4605.37  
    0.125       544.97          626.89        2658.73         4124.87         4611.90  
    0.131       506.33          770.47        2620.58         4044.31         4611.45  
    0.138       481.98          939.70        2625.69         3864.02         4609.54  
    0.144       462.55          1015.58        2578.19         3648.47         4613.77  
    0.150       456.04          847.98        2676.52         3835.70         4623.79  
    0.156       433.39          750.44        2737.00         4324.63         4618.91  
    0.163       412.55          747.56        2710.82         4591.81         4651.59  
    0.169       411.18          738.76        2719.42         4626.99         4824.65  
    0.175       405.34          755.02        2733.04         4613.53         4915.51  
    0.181       394.52          784.48        2720.82         4607.88         4950.19  
    0.188       388.95          784.30        2700.39         4626.98         4755.49  
    0.194       390.85          772.58        2695.11         4615.82         4646.47  
    0.200       399.13          773.82        2683.52         4617.56         4712.55  
    0.206       410.82          791.52        2652.06         4619.84         4781.31  
    0.213       423.68          805.48        2662.74         4621.13         4742.98  
    0.219       429.75          804.96        2701.29         4579.05         4655.64  
    0.225       424.87          811.18        2691.15         4406.82         4634.13  
    0.231       416.18          818.60        2647.47         4340.25         4654.87  
    0.238       412.27          827.17        2671.41         4381.93         4671.64  
    0.244       411.69          831.86        2685.62         4322.26         4672.84  
    0.250       410.07          826.46        2721.17         4296.69         4679.30  
    0.256       407.67          821.59        2718.45         4267.22         4686.86  
    0.263       406.17          823.28        2702.40         4275.86         4689.29  
    0.269       403.43          827.10        2720.55         4391.45         4678.67  
    0.275       401.51          831.96        2722.98         4214.38         4677.33  
    0.281       399.33          833.14        2731.92         4076.97         4667.98  
    0.288       396.88          831.13        2760.36         4022.57         4655.35  
    0.294       395.07          829.94        2767.61         3951.91         4652.40  
    0.300       393.74          831.55        2747.90         4084.89         4667.15  
    0.306       389.71          831.66        2746.29         4242.66         4668.79  
    0.312       382.98          837.26        2760.42         4358.31         4655.51  
    0.319       380.76          845.67        2750.85         4450.23         4632.44  
    0.325       381.82          849.25        2742.72         4402.50         4633.39  
    0.331       382.07          851.10        2720.87         4466.46         4634.10  
    0.338       383.00          848.96        2675.93         4566.87         4629.90  
    0.344       386.56          841.62        2650.26         4384.80         4678.08  
    0.350       395.61          825.15        2638.90         4231.64         4761.36  
    0.356       404.64          811.43        2628.86         4193.25         4755.03  
    0.363       415.20          788.74        2622.10         4384.16         4739.98  
    0.369       421.12          805.65        2615.30         4354.40         4739.84  
    0.375       429.09          845.53        2600.16         4116.40         4730.97  
    0.381       435.29          875.46        2577.71         3919.35         4731.16  
    0.388       442.13          890.94        2565.68         3867.06         4744.62  
    0.394       436.60          943.97        2552.85         3889.61         4743.76  
    0.400       414.49          990.37        2515.19         3951.30         4751.20  
    0.406       387.85          1041.10        2497.17         4029.16         4798.47  
    0.413       377.74          1080.15        2505.56         4005.12         4849.43  
    0.419       387.45          1122.38        2516.43         4050.13         4884.60  
    0.425       401.23          1157.91        2514.11         4003.39         4895.74  
    0.431       408.66          1149.90        2492.99         3897.81         4882.30  
    0.438       404.14          1130.30        2482.46         3833.77         4846.00  
    0.444       405.97          1158.31        2489.54         3872.02         4808.67  
    0.450       412.67          1198.38        2500.97         4019.54         4796.71  
    0.456       412.50          1219.60        2503.93         4120.26         4831.77  
    0.463       408.65          1221.98        2504.30         4056.07         4876.42  
    0.469       406.97          1239.70        2500.31         3991.08         4923.95  
    0.475       410.02          1272.53        2479.80         3937.15         4937.47  
    0.481       413.92          1316.32        2452.51         3874.47         4922.89  
    0.488       414.76          1380.48        2439.78         3897.65         4904.62  
    0.494       412.99          1446.78        2442.37         4010.36         4892.69  
    0.500       402.41          1480.48        2455.50         4121.84         4933.46  
    0.506       395.79          1526.31        2450.42         4056.62         4930.28  
    0.513       391.39          1566.59        2422.29         3955.28         4903.03  
    0.519       384.93          1605.34        2392.71         4011.90         4863.75  
    0.525       382.29          1697.80        2383.83         4210.36         4759.82  
    0.531       382.34          1822.66        2393.77         4245.96         4610.84  
    0.537       383.64          1878.80        2425.83         4121.26         4608.93  
    0.544       382.97          1912.12        2424.64         4028.87         4579.66  
    0.550       380.56          1985.10        2401.84         3983.71         4553.45  
    0.556       380.46          2035.20        2400.74         4041.87         4567.36  
    0.562       383.08          2052.90        2425.47         4225.72         4650.61  
    0.569       386.68          2067.09        2470.35         4340.50         4604.40  
    0.575       388.52          2087.15        2535.19         4170.66         4504.11  
    0.581       373.95          2101.89        2620.32         3970.68         4474.91  
    0.588       344.90          2108.95        2719.04         4005.33         4496.64  
    0.594       317.63          2113.64        2831.46         4120.51         4552.76  
    0.600       292.04          2114.08        2953.75         4192.32         4618.09  
    0.606       309.69          2118.19        3037.28         4215.93         4611.15  
    0.613       334.86          2127.26        3082.68         4219.74         4505.16  
    0.619       335.37          2137.91        3094.18         4205.61         4367.17  
    0.625       302.60          2144.24        3132.75         4197.19         4377.40  
    0.631       276.12          2151.07        3178.36         4205.78         4574.25  
    0.638       273.98          2164.67        3211.39         4208.60         4824.43  
    0.644       258.68          2180.54        3216.23         4184.46         4927.08  
    0.650       257.44          2191.83        3234.87         4168.04         4949.63  
    0.656       262.48          2196.52        3241.29         4182.34         4945.76  
    0.663       266.68          2201.81        3258.57         4206.44         4922.60  
    0.669       281.85          2211.10        3274.67         4200.72         4814.18  
    0.675       289.80          2220.56        3286.84         4185.82         4824.48  
    0.681       298.89          2237.91        3310.45         4163.06         4945.93  
    0.688       292.49          2263.18        3351.12         4170.44         4995.82  
    0.694       276.93          2249.39        3364.66         4185.78         5064.48  
    0.700       263.51          2237.21        3151.89         4182.98         4969.56  
    0.706       256.02          2234.18        3099.96         4186.89         4981.61  
    0.713       256.73          2232.42        3202.47         4180.40         4687.79  
    0.719       264.92          2224.96        3239.70         4178.55         4630.32  
    0.725       279.70          2228.85        3191.43         4193.80         5223.71  
    0.731       289.03          2247.26        3360.19         4236.57         5500.00  
    0.738       285.03          2268.41        3759.73         4292.22         4992.92  
    0.744       285.09          2274.51        3037.49         4287.51         4720.43  
    0.750       293.66          2171.74        2382.47         4307.34         4989.05  
    0.756       303.22          2004.06        2301.69         4302.68         5082.77  
    0.763       325.52          1823.74        2352.89         4181.34         4889.45  
    0.769       317.01          1768.82        2413.88         4052.12         4751.24  
    0.775       300.83          1732.07        2445.42         4042.25         4787.52  
    0.781       332.46          1811.68        2368.43         4106.19         4839.02  
    0.788       366.84          1789.02        2340.07         4099.31         4838.83  
    0.794       380.09          1734.83        2359.88         4051.24         4779.86  
    0.800       406.48          1733.14        2440.73         3966.00         4708.38  
    0.806       384.34          1725.04        2371.44         3916.79         4733.06  
    0.812       368.90          1589.69        2347.01         4154.28         4715.15  
    0.819       461.09          1568.22        2368.60         4164.59         4726.03  
    0.825       520.55          1676.15        2343.27         3997.34         4824.06  
    0.831       545.21          1710.84        2253.75         3823.41         4950.73  
    0.838       556.30          1618.55        2211.75         3732.22         4918.47  
    0.844       524.76          1605.18        2300.15         3749.99         4895.49  
    0.850       536.78          1617.89        2335.35         3727.05         4897.28  
    0.856       426.71          1578.80        2252.46         3673.84         4886.01  
    0.863       123.53          532.24        1739.41         2623.27         4056.71  
    0.869       0          0        1473.72         2101.35         3633.59  
    0.875       0          0        1473.79         2125.90         3655.06  
    0.881       0          0        1494.11         2141.61         3656.17  
    0.888       0          974.64        1857.87         3103.48         4402.46  
    0.894       0          504.93        1695.86         2713.25         4010.69  
    0.900       495.44          981.82        2071.35         3251.50         4477.40  
    0.906       1055.11          1678.96        2357.70         3807.69         4933.28  
    0.913       1142.46          1840.26        2376.28         3986.35         4914.44  
    0.919       1141.85          1915.56        2425.70         4265.25         4956.00  
    