0.025       591.07          1594.83        3074.92         4881.79         5500.00  
    0.031       599.23          1317.47        2981.28         4950.99         5291.99  
    0.038       476.74          595.46        2860.03         4961.61         5114.64  
    0.044       339.70          732.22        2846.23         4889.46         5080.75  
    0.050       334.31          797.14        2814.95         4936.82         5068.50  
    0.056       365.28          843.76        2797.72         4953.42         5038.57  
    0.062       363.68          818.19        2848.00         4967.11         5074.99  
    0.069       381.02          839.25        2919.04         5034.12         5487.31  
    0.075       372.22          898.22        2805.06         5035.31         5500.00  
    0.081       383.60          916.84        2623.86         5005.22         5500.00  
    0.088       394.86          940.85        2586.27         4993.56         5500.00  
    0.094       418.64          977.50        2763.77         4983.34         5408.83  
    0.100       437.90          992.77        2836.19         4986.21         5196.37  
    0.106       446.68          1003.50        2889.08         4912.06         5262.25  
    0.113       451.45          995.32        2975.40         4894.81         5492.95  
    0.119       458.90          979.20        3061.14         4893.76         5500.00  
    0.125       463.94          982.47        3141.48         4904.56         5500.00  
    0.131       466.02          961.59        3239.77         4947.55         5217.11  
    0.138       466.78          967.38        3183.41         4926.67         5491.27  
    0.144       469.73          975.38        3016.45         4917.24         5500.00  
    0.150       468.79          984.26        3005.77         4885.37         5500.00  
    0.156       468.57          987.99        2979.55         4851.81         5341.58  
    0.163       467.77          993.22        3000.23         4827.88         5223.00  
    0.169       467.57          1013.85        3042.01         4858.82         5491.60  
    0.175       471.73          1048.32        3162.52         4890.61         5500.00  
    0.181       473.84          1090.43        3214.05         4878.03         5500.00  
    0.188       473.48          1152.44        3241.73         4845.54         5500.00  
    0.194       14.17          493.92        1246.59         3310.75         4812.15  
    0.200       459.45          1181.17        3202.07         4858.49         5478.78  
    0.206       476.00          1223.03        3242.11         5054.96         5500.00  
    0.213       476.21          1310.07        3126.93         5028.07         5500.00  
    0.219       471.85          1368.46        3045.36         5005.95         5500.00  
    0.225       14.12          506.72        1482.62         3209.51         5022.98  
    0.231       0          470.53        1547.65         3232.70         4992.30  
    0.238       0          436.05        1620.60         3233.56         5003.76  
    0.244       0          486.17        1806.40         3339.68         4995.26  
    0.250       0          380.88        1888.59         3374.01         5047.60  
    0.256       0          350.43        1915.00         3366.87         5135.48  
    0.263       330.93          1934.24        3270.52         3830.49         5142.91  
    0.269       340.13          2045.85        3270.59         5055.37         5489.32  
    0.275       10.18          390.91        2160.50         3398.18         5034.68  
    0.281       0          337.74        2166.13         3390.37         4974.80  
    0.288       0          342.80        2152.49         3379.51         4901.58  
    0.294       0          348.07        2165.74         3334.13         4859.65  
    0.300       0          350.38        2168.93         3328.34         4859.06  
    0.306       0          353.20        2178.70         3373.22         4906.12  
    0.312       0          350.60        2171.22         3359.49         4871.31  
    0.319       0          340.65        2198.59         3303.31         4843.87  
    0.325       0          323.87        2199.63         3367.26         4829.79  
    0.331       287.12          2149.09        3368.99         4721.54         5479.93  
    0.338       261.28          2243.71        3375.80         4745.31         5500.00  
    0.344       244.40          2254.85        3346.47         4667.91         5500.00  
    0.350       243.11          2248.40        3344.30         4795.76         5000.96  
    0.356       235.39          2269.46        3298.29         4840.65         4929.08  
    0.363       237.28          2279.13        3320.65         4807.21         5079.51  
    0.369       239.46          2274.08        3261.66         4533.42         4952.32  
    0.375       242.29          2240.81        3178.45         4420.45         5016.37  
    0.381       246.19          2260.93        3236.24         4519.89         5011.85  
    0.388       251.38          2254.18        3174.29         4433.11         4960.84  
    0.394       255.96          2260.17        3101.54         4444.35         4926.78  
    0.400       259.74          2336.28        3057.77         4360.13         4871.38  
    0.406       262.00          2372.57        3155.84         4297.65         4867.92  
    0.413       269.04          2393.44        3081.86         4323.70         4896.83  
    0.419       280.77          2506.15        2583.99         4339.64         4965.83  
    0.425       8.41          359.04        2495.50         4336.76         4963.73  
    0.431       0          299.09        2498.73         4328.65         5006.30  
    0.438       0          8.96        369.25         2643.18         4390.36  
    0.444       0          291.87        2438.12         4357.19         4871.74  
    0.450       0          296.82        2542.21         4542.30         4881.37  
    0.456       0          300.94        2503.92         3859.47         4773.02  
    0.463       299.85          2268.51        2663.51         4758.65         5478.14  
    0.469       296.02          1861.03        2830.14         4535.45         5018.67  
    0.475       292.29          1636.88        2888.60         4461.46         5060.44  
    