0.025       436.84          859.41        2513.90         3495.33         4516.02  
    0.031       438.01          855.20        2479.20         3518.76         4532.38  
    0.038       454.27          869.68        2473.96         3573.60         4533.28  
    0.044       452.28          874.66        2449.07         3577.60         4478.53  
    0.050       450.06          874.44        2435.03         3480.24         4485.65  
    0.056       454.87          874.72        2425.02         3351.98         4529.93  
    0.062       464.78          875.28        2449.74         3321.98         4539.73  
    0.069       467.38          871.51        2444.87         3337.72         4555.94  
    0.075       462.04          858.56        2429.16         3236.72         4561.67  
    0.081       451.72          841.40        2425.94         3183.24         4524.89  
    0.088       440.77          826.84        2434.27         3174.98         4519.37  
    0.094       436.34          833.85        2446.45         3127.81         4513.37  
    0.100       433.33          852.71        2449.46         3080.93         4522.15  
    0.106       432.45          875.81        2448.59         3108.51         4533.68  
    0.113       429.75          903.55        2453.27         3172.98         4552.53  
    0.119       427.08          932.64        2478.69         3205.78         4518.31  
    0.125       426.19          956.91        2503.48         3217.55         4430.62  
    0.131       431.96          975.21        2476.87         3301.10         4329.12  
    0.138       435.62          993.93        2456.41         3307.76         4316.27  
    0.144       420.91          1033.24        2455.94         3300.32         4304.26  
    0.150       397.28          1132.18        2479.46         3299.39         4316.94  
    0.156       387.69          1162.88        2564.59         3297.24         4276.54  
    0.163       382.70          1215.52        2571.00         3273.22         4178.30  
    0.169       380.25          1340.59        2543.59         3345.43         3995.68  
    0.175       372.41          1525.14        2507.41         3248.48         3967.69  
    0.181       365.96          1819.80        2485.33         2750.02         3938.47  
    0.188       350.36          2219.26        2403.52         2582.64         3907.44  
    0.194       328.94          2221.36        2529.70         2829.63         3919.58  
    0.200       315.81          2294.43        2603.18         3394.99         3868.66  
    0.206       56.85          655.55        2406.37         2872.73         3800.80  
    0.213       0          247.29        2342.82         2851.20         3856.71  
    0.219       0          201.81        2360.53         2897.65         3886.96  
    0.225       181.20          1980.54        2831.98         3551.94         3913.73  
    0.231       237.24          2357.26        2886.05         3530.11         4000.17  
    0.238       255.74          2354.38        2802.23         3610.09         4021.48  
    0.244       267.17          2383.42        2788.92         3665.54         4093.82  
    0.250       273.33          2402.11        2893.77         3814.24         3990.43  
    0.256       277.83          2403.12        2942.51         3663.07         3988.56  
    0.263       276.27          2380.27        2899.95         3642.11         4004.21  
    0.269       270.76          2370.21        2892.10         3725.25         3981.77  
    0.275       270.26          2379.09        2918.41         3746.48         3987.34  
    0.281       278.01          2409.09        2951.24         3823.00         4044.41  
    0.288       268.56          2412.75        2967.63         3809.89         4201.19  
    0.294       250.43          2420.85        2969.65         3670.99         3923.53  
    0.300       242.71          2597.17        3022.95         3304.15         3846.88  
    0.306       239.19          2722.69        3094.79         3205.41         3896.64  
    0.312       224.27          2751.22        3137.21         3185.93         3940.41  
    0.319       203.38          2671.67        3060.45         3691.67         3906.86  
    0.325       190.65          2609.09        3105.51         3627.39         3941.32  
    0.331       34.19          619.20        2660.61         3178.31         3932.18  
    0.338       0          177.57        2610.16         3077.68         3875.82  
    0.344       0          182.58        2719.33         3015.74         3902.71  
    0.350       0          180.67        2653.29         2998.40         3942.30  
    0.356       0          173.54        2570.95         3031.25         3923.19  
    0.363       0          172.23        2512.75         2965.70         3890.90  
    0.369       0          175.24        2416.13         2926.51         3876.70  
    0.375       0          188.70        2426.00         2866.70         3865.28  
    0.381       0          208.78        2280.27         2873.02         3860.72  
    0.388       42.16          1476.34        2722.92         3576.77         5202.90  
    0.394       149.11          1711.59        2792.27         3827.65         5500.00  
    0.400       62.87          1701.23        2716.95         3809.35         4903.46  
    0.406       7.07          308.21        1551.92         2883.28         3704.81  
    0.413       0          0        1281.76         2723.22         3454.43  
    0.419       190.50          1275.83        2541.36         3454.62         4221.93  
    0.425       164.69          1558.21        2831.56         3620.68         4557.98  
    0.431       27.11          282.32        1455.31         2925.77         3760.20  
    