0.025       0          448.04        1317.51         2901.15         3513.44  
    0.031       267.25          953.83        1979.03         3238.85         4207.69  
    0.038       404.30          1299.05        2386.61         3505.12         4735.42  
    0.044       397.26          1439.63        2476.67         3684.06         4927.18  
    0.050       393.96          1527.19        2566.57         3831.93         4876.75  
    0.056       393.43          1528.50        2502.96         3715.08         4862.91  
    0.062       396.92          1546.13        2501.90         3583.96         4925.16  
    0.069       401.68          1593.84        2618.83         3697.86         5305.78  
    0.075       406.32          1635.93        2704.33         3843.78         5500.00  
    0.081       142.92          847.66        2032.21         3121.47         4496.52  
    0.088       270.51          1196.62        2284.89         3538.59         4958.86  
    0.094       415.84          1587.46        2598.59         3979.01         5500.00  
    0.100       145.58          823.39        1933.52         3077.06         4501.28  
    0.106       0          421.57        1583.21         2587.90         3999.00  
    0.113       0          424.59        1621.26         2577.90         4048.58  
    0.119       0          427.44        1634.49         2582.91         4016.54  
    0.125       275.20          1178.75        2255.63         3591.36         4971.18  
    0.131       423.46          1602.26        2648.00         4066.97         5500.00  
    0.138       427.65          1616.23        2708.80         3596.50         5207.88  
    0.144       436.56          1643.62        2778.22         3642.00         5342.47  
    0.150       441.26          1654.06        2829.22         3781.04         5500.00  
    0.156       441.71          1653.01        2783.86         3625.90         5500.00  
    0.163       154.72          874.28        2087.33         3096.45         4395.87  
    0.169       0          458.74        1742.41         2827.66         3815.53  
    0.175       0          456.33        1716.64         2686.40         3824.33  
    0.181       0          454.09        1658.64         2525.66         3846.06  
    0.188       298.90          1280.18        2029.80         3254.49         4924.60  
    0.194       453.74          1663.90        2094.23         3517.24         5068.79  
    0.200       446.91          1577.64        2022.59         3445.88         4885.87  
    0.206       445.94          1534.51        2034.85         3459.94         4935.31  
    0.213       451.92          1656.90        2038.70         3535.54         5017.12  
    0.219       459.13          1728.48        2125.92         3570.55         5150.98  
    0.225       458.63          1621.16        2132.72         3543.16         4897.58  
    0.231       462.27          1533.18        2131.84         3514.17         4755.40  
    0.238       473.71          1506.23        2174.00         3495.01         4815.76  
    0.244       485.13          1498.98        2174.54         3573.83         4747.96  
    0.250       488.15          1497.94        2138.07         3577.54         4562.91  
    0.256       483.52          1520.78        2086.40         3544.38         4553.77  
    0.263       475.82          1539.94        2140.51         3584.22         5012.01  
    0.269       469.43          1517.52        2257.78         3734.12         5409.16  
    0.275       472.08          1491.56        2244.15         3722.23         5180.65  
    0.281       487.76          1511.64        2200.50         3675.04         4989.37  
    0.288       488.82          1565.57        2198.87         3794.72         5317.51  
    0.294       478.14          1604.52        2183.04         3944.80         5500.00  
    0.300       471.17          1640.79        2142.05         3976.71         5500.00  
    0.306       469.35          1652.85        2356.46         3976.12         5500.00  
    0.312       463.52          1661.98        2568.25         3867.90         5114.52  
    0.319       451.96          1713.56        2534.11         3583.45         4859.07  
    0.325       442.35          1695.90        2509.07         3677.38         5266.47  
    0.331       438.14          1682.67        2606.41         3927.13         5500.00  
    0.338       436.45          1718.91        2725.98         4021.19         5159.03  
    0.344       437.47          1671.92        2716.16         4006.97         4947.69  
    0.350       450.01          1673.90        2708.61         3962.13         5015.55  
    0.356       458.01          1907.68        2878.49         3922.68         5345.90  
    0.363       437.08          2074.05        3009.29         3729.33         5121.72  
    0.369       402.07          1977.29        3030.31         3705.76         4894.41  
    0.375       136.47          882.09        2376.36         3390.32         4326.46  
    0.381       187.18          1488.35        2626.39         3625.55         4628.36  
    0.388       286.75          2126.24        2834.78         3810.02         5063.83  
    0.394       282.78          2170.92        2820.80         3773.16         5368.19  
    0.400       278.59          2226.39        2890.11         3923.73         5500.00  
    0.406       279.06          2261.39        2917.53         4083.46         5500.00  
    0.413       282.29          2288.08        2889.45         4080.90         5500.00  
    0.419       285.52          2310.03        2924.08         3992.69         5500.00  
    0.425       288.82          2261.14        2803.13         3807.34         5411.77  
    0.431       290.90          2088.94        2697.30         3780.44         5452.42  
    0.438       291.93          1938.86        2685.09         3853.11         5500.00  
    0.444       102.38          857.79        2329.90         3415.67         4486.53  
    0.450       0          298.18        2127.84         3223.84         4040.79  
    0.456       0          301.15        2196.97         3121.43         4139.31  
    0.463       0          302.90        2283.82         2851.63         4052.53  
    0.469       197.04          1374.28        2343.80         3487.36         4394.15  
    0.475       303.64          1981.90        2404.81         3673.96         4750.36  
    0.481       303.00          2083.11        2457.81         3598.66         4983.30  
    0.488       106.00          943.36        2448.78         3589.80         4832.84  
    0.494       0          306.98        2448.36         3443.49         4761.57  
    0.500       0          308.71        2435.91         3341.06         4775.16  
    0.506       0          309.23        2407.77         3288.00         4714.15  
    0.513       0          310.82        2380.33         3271.46         4539.70  
    0.519       0          313.69        2387.11         3334.24         4452.55  
    