0.025       0          915.29        1471.39         2816.86         3725.73  
    0.031       0          943.99        1477.21         2764.17         3785.99  
    0.038       0          887.35        1445.83         2697.57         3729.04  
    0.044       0          864.75        1424.18         2660.34         3649.82  
    0.050       0          721.36        1382.09         2705.03         4599.59  
    0.056       0          647.67        1253.51         2650.93         4521.68  
    0.062       0          476.60        985.02         2628.47         4318.82  
    0.069       429.25          912.44        2443.34         4071.84         4718.65  
    0.075       452.25          942.47        2497.00         4117.01         4705.32  
    0.081       450.11          945.55        2545.69         4072.17         4732.20  
    0.088       434.55          932.45        2566.85         4067.53         4624.79  
    0.094       420.07          932.21        2580.74         4037.79         4560.39  
    0.100       415.11          946.18        2580.57         3992.79         4574.40  
    0.106       412.83          961.89        2591.04         4050.44         4633.03  
    0.113       409.73          969.49        2607.38         4053.30         4626.62  
    0.119       413.19          979.69        2682.62         4045.94         4532.03  
    0.125       418.51          987.83        2660.83         4052.75         4497.60  
    0.131       424.20          979.34        2627.06         4054.72         4516.06  
    0.138       431.46          981.61        2657.95         4064.98         4502.28  
    0.144       436.96          1008.97        2641.11         4063.32         4380.11  
    0.150       437.04          1016.18        2582.69         4046.82         4343.10  
    0.156       436.13          1003.71        2589.58         3996.08         4371.91  
    0.163       431.10          986.18        2609.39         3970.66         4415.90  
    0.169       422.93          976.17        2614.78         3963.82         4445.81  
    0.175       416.05          982.62        2627.36         3997.09         4458.03  
    0.181       410.14          983.38        2633.05         3997.04         4441.30  
    0.188       402.07          973.20        2625.51         3967.46         4426.38  
    0.194       406.09          967.51        2639.28         3987.07         4464.03  
    0.200       413.41          951.42        2647.70         4032.41         4476.39  
    0.206       417.99          936.19        2669.13         4037.90         4478.47  
    0.213       428.10          903.85        2678.12         4056.51         4525.67  
    0.219       470.40          806.11        2704.42         4076.85         4579.88  
    0.225       469.62          892.72        2965.93         4084.30         4469.69  
    0.231       443.25          966.99        3177.25         4046.54         4412.81  
    0.238       455.57          975.46        3248.51         4018.45         4494.28  
    0.244       445.89          1029.18        3411.45         3987.32         4513.08  
    0.250       441.89          1015.60        2989.30         3967.92         4541.83  
    0.256       446.00          1017.66        2994.52         3987.87         4531.80  
    0.263       505.48          952.32        3013.28         4002.79         4400.93  
    0.269       583.52          730.00        2725.06         4044.05         4282.81  
    0.275       493.75          1169.71        2725.49         3990.08         4328.13  
    0.281       427.54          1322.71        2903.75         3912.41         4407.85  
    0.288       402.51          1376.89        2877.66         3913.41         4449.67  
    0.294       394.86          1472.40        2875.86         3951.46         4482.53  
    0.300       390.85          1564.67        2980.77         3986.06         4359.32  
    0.306       387.61          1661.27        2934.80         3974.94         4322.59  
    0.312       384.82          1807.14        2915.90         3936.51         4394.48  
    0.319       384.36          1910.03        2838.27         3932.10         4403.14  
    0.325       391.10          2244.21        2593.71         3980.85         4340.08  
    0.331       390.31          2390.56        2786.04         3891.66         4310.84  
    0.338       385.52          2519.07        2637.02         3910.31         4361.65  
    0.344       387.41          2523.93        3052.59         3900.20         4370.94  
    0.350       356.85          2536.19        3599.14         3899.36         4358.97  
    0.356       338.71          2562.08        3591.01         3944.57         4406.26  
    0.363       328.09          2587.62        3640.48         3972.21         4274.53  
    0.369       329.41          2605.93        3582.18         3964.76         4322.18  
    0.375       328.02          2630.78        3555.62         3932.44         4406.37  
    0.381       323.82          2652.02        3401.11         3951.40         4435.06  
    0.388       306.33          2625.04        3160.04         4013.30         4494.95  
    0.394       293.94          2558.37        3365.27         4010.21         4462.64  
    0.400       293.02          2474.27        3170.00         3938.88         4388.86  
    0.406       289.52          2452.79        3071.39         3921.80         4405.80  
    0.413       281.61          2572.58        3059.01         3959.53         4472.19  
    0.419       275.95          2648.70        3030.87         3974.62         4499.16  
    0.425       275.67          2643.57        3156.60         4022.25         4381.96  
    0.431       289.37          2656.97        3382.94         3933.44         4309.19  
    0.438       15.07          438.05        2708.65         3849.05         4311.65  
    0.444       0          338.45        2655.23         3865.96         4281.18  
    0.450       0          342.65        2639.51         3932.79         4248.50  
    0.456       320.21          1909.40        2619.31         3906.28         4495.74  
    0.463       342.18          2139.96        2779.28         3912.35         4625.32  
    0.469       343.80          1990.94        2860.32         4004.13         4597.92  
    0.475       347.83          1910.20        2871.19         4045.39         4550.96  
    0.481       321.77          1898.63        3069.31         4234.11         4530.63  
    0.488       364.65          2446.94        3201.80         3818.67         4199.64  
    0.494       505.66          1892.49        2985.10         3966.96         5020.48  
    