0.025       706.94          968.90        2634.37         4446.03         4779.97  
    0.031       343.56          904.20        2858.92         4455.18         4765.43  
    0.038       376.98          944.28        2890.68         4452.49         4755.46  
    0.044       338.56          877.82        2896.03         4400.07         4745.04  
    0.050       339.92          742.45        3030.76         4658.75         4746.88  
    0.056       29.72          421.64        1082.77         3323.60         4695.48  
    0.062       0          446.91        940.63         3152.44         4685.89  
    0.069       0          463.83        938.95         2936.46         4699.69  
    0.075       0          468.64        957.07         2898.62         4716.64  
    0.081       0          468.91        959.97         2898.48         4724.99  
    0.088       0          470.99        956.90         2910.88         4707.24  
    0.094       0          468.77        950.20         2915.08         4709.06  
    0.100       420.02          895.22        2729.69         4546.99         5430.98  
    0.106       455.99          928.64        2844.92         4662.15         5500.00  
    0.113       453.06          922.55        2814.08         4669.60         5500.00  
    0.119       451.38          917.64        2835.34         4725.28         5328.47  
    0.125       451.86          920.92        2712.28         3980.92         5025.78  
    0.131       452.05          934.21        2553.52         3648.48         4890.58  
    0.138       450.64          942.97        2446.45         3626.51         4818.68  
    0.144       446.85          941.67        2435.85         3698.51         4847.70  
    0.150       446.07          965.46        2400.63         3766.07         4889.68  
    0.156       444.60          963.06        2517.71         3875.18         4851.83  
    0.163       443.26          960.76        2637.56         3990.37         4822.13  
    0.169       440.72          965.19        2593.47         3913.70         4786.61  
    0.175       444.23          1045.57        3053.19         3486.25         4780.94  
    0.181       440.59          1030.06        3234.54         3884.56         4901.68  
    0.188       435.59          985.81        2857.13         4108.99         4983.55  
    0.194       434.85          1016.44        2706.01         4085.34         4929.10  
    0.200       435.38          1043.63        2717.02         4103.16         4944.06  
    0.206       436.57          1063.48        2829.71         4403.45         4812.06  
    0.213       436.50          1081.57        2796.27         4064.29         4870.70  
    0.219       436.26          1077.09        2664.92         3928.63         4964.51  
    0.225       436.25          1076.46        2724.22         3820.87         4801.86  
    0.231       429.85          1066.75        2794.60         3700.58         4750.86  
    0.238       427.36          1105.07        2877.57         3646.61         4925.05  
    0.244       424.11          1165.47        2955.35         3569.63         4984.56  
    0.250       421.58          1225.40        3090.52         3346.10         5025.49  
    0.256       36.79          491.90        1476.81         3141.62         5091.23  
    0.263       0          417.38        1374.01         3116.31         4933.74  
    0.269       0          412.94        1416.68         3192.12         5176.81  
    0.275       373.52          1488.08        3114.94         4991.39         5473.95  
    0.281       401.28          1664.81        2805.92         3465.20         5121.95  
    0.288       392.71          1941.19        2891.05         3278.97         5065.51  
    0.294       377.20          2131.24        2918.59         3258.06         5176.08  
    0.300       360.66          2176.79        2910.40         3215.48         5166.07  
    0.306       343.77          2158.71        3103.18         3982.59         5109.29  
    0.312       328.64          2153.95        3165.37         3663.41         5060.96  
    0.319       317.39          2195.21        3105.07         3248.44         5163.48  
    0.325       309.29          2209.57        2985.96         3234.40         5137.80  
    0.331       306.52          2197.76        3152.37         3215.27         5190.75  
    0.338       301.93          2194.90        2986.99         3385.28         5073.44  
    0.344       298.75          2203.51        2965.04         3396.55         5078.97  
    0.350       296.38          2202.44        2969.64         3352.24         5120.48  
    0.356       294.64          2210.70        3029.36         3327.11         5123.48  
    0.363       292.31          2206.23        3012.93         3333.39         5214.46  
    0.369       292.67          2204.91        2990.93         3321.39         5238.89  
    0.375       295.35          2222.75        3103.76         3322.10         5156.89  
    0.381       295.35          2234.30        3120.31         3518.24         5275.98  
    0.388       295.08          2234.15        3143.12         3615.81         5398.33  
    0.394       294.34          2230.36        3160.76         3775.89         5250.85  
    0.400       295.13          2235.24        3149.63         4126.16         5256.01  
    0.406       296.03          2231.02        3165.71         3871.04         5366.37  
    0.413       294.88          2230.95        3167.94         4633.12         5489.24  
    0.419       25.73          464.51        2325.48         3278.38         4760.17  
    0.425       0          297.49        2251.42         3148.38         4666.05  
    0.431       0          297.65        2266.06         3127.71         4646.42  
    0.438       0          297.90        2271.51         3136.84         4650.99  
    0.444       0          298.76        2272.08         3150.06         4666.16  
    0.450       0          299.92        2286.18         3167.61         4666.35  
    0.456       0          299.50        2321.60         3187.75         4656.47  
    0.463       0          300.37        2353.13         3192.96         4631.20  
    0.469       0          300.68        2384.00         3231.99         4580.35  
    0.475       0          298.70        2488.02         3166.00         4558.91  
    0.481       0          305.75        2583.29         3026.92         4591.77  
    0.488       0          308.95        2549.80         3025.04         4589.86  
    0.494       0          297.83        2635.16         2975.48         4521.25  
    0.500       0          280.80        2796.95         3101.99         4483.67  
    0.506       0          258.50        2656.29         3250.96         4524.17  
    0.513       0          246.43        2645.39         3136.67         4597.49  
    0.519       0          244.38        2607.91         3142.04         4618.20  
    0.525       0          229.61        2524.60         3142.68         4538.52  
    0.531       0          214.61        2569.88         2893.25         4481.61  
    0.537       0          122.76        2832.35         2862.77         4381.09  
    0.544       0          314.78        2764.98         2897.46         4425.62  
    0.550       0          324.32        2307.31         2932.66         4495.60  
    0.556       292.76          1683.02        2841.42         3860.43         4752.57  
    0.562       327.22          2208.50        2897.64         4197.18         5436.84  
    0.569       28.62          497.28        2397.01         3041.68         4393.92  
    