0.025       386.99          767.40        2992.93         3599.99         5500.00  
    0.031       122.24          530.03        1486.27         3170.29         4202.20  
    0.038       0          468.89        1075.30         2993.38         3606.95  
    0.044       309.54          956.79        2045.12         3312.63         4257.58  
    0.050       449.42          1170.57        2384.61         3450.72         4588.76  
    0.056       439.23          1233.66        2363.17         3436.74         4566.98  
    0.062       425.00          1413.00        2165.63         3516.51         4635.20  
    0.069       418.06          1580.64        2150.10         3610.81         4550.67  
    0.075       424.77          1622.74        2651.77         3500.89         4295.84  
    0.081       135.31          816.74        2010.70         2928.75         4153.08  
    0.088       306.64          1145.75        1949.93         3255.00         4478.83  
    0.094       458.39          1417.26        2155.09         3522.68         4670.21  
    0.100       478.24          1350.13        2218.65         3589.85         4650.85  
    0.106       506.67          1302.98        2235.66         3524.17         4653.85  
    0.113       529.30          1327.79        2328.11         3687.75         4910.58  
    0.119       534.91          1389.41        2377.95         3823.33         5350.03  
    0.125       520.36          1408.18        2303.62         3775.53         5500.00  
    0.131       508.93          1459.97        2373.86         3808.59         5500.00  
    0.138       504.02          1482.12        2472.92         3755.06         5500.00  
    0.144       492.05          1383.31        2340.21         3516.77         4996.10  
    0.150       482.81          1400.18        2221.59         3367.67         4753.72  
    0.156       478.65          1444.51        2176.73         3297.72         4806.29  
    0.163       485.40          1467.14        2250.10         3712.16         5150.50  
    0.169       488.46          1370.33        2280.45         3982.89         5435.96  
    0.175       508.22          1333.15        2316.01         4059.56         5500.00  
    0.181       504.75          1313.33        2306.87         4011.73         4997.34  
    0.188       474.33          1293.00        2331.51         3854.06         4782.31  
    0.194       458.79          1328.68        2409.26         3796.36         4867.89  
    0.200       460.89          1350.15        2476.02         3701.60         5031.41  
    0.206       146.17          733.84        1761.62         2976.57         4266.13  
    0.213       0          440.52        1427.92         2647.32         3897.33  
    0.219       283.33          1099.08        2201.14         3418.82         4995.47  
    0.225       405.98          1587.89        2327.64         3555.53         5500.00  
    0.231       398.08          1725.11        2156.04         3483.79         5109.16  
    0.238       392.95          1560.16        2302.13         3540.92         4930.27  
    0.244       388.28          1468.00        2400.05         3579.53         4938.58  
    0.250       385.11          1439.05        2441.08         3629.36         4990.22  
    0.256       380.03          1409.11        2573.17         3705.58         5075.67  
    0.263       377.27          1407.49        2680.35         3861.33         5375.18  
    0.269       376.45          1443.70        2699.78         3888.96         5500.00  
    0.275       376.84          1535.48        2700.74         3843.80         5500.00  
    0.281       373.16          1742.39        2797.86         3850.36         4921.31  
    0.288       357.81          1927.47        2976.91         3896.60         4767.44  
    0.294       337.86          2063.81        3051.94         3854.47         5285.13  
    0.300       313.74          2194.98        2944.30         3847.56         5196.53  
    0.306       296.42          2240.48        2846.98         3873.14         4884.69  
    0.312       286.92          2232.22        2825.54         3703.25         4749.25  
    0.319       277.03          2230.91        2811.73         3663.78         4768.75  
    0.325       270.11          2283.81        2939.77         3687.89         5275.64  
    0.331       258.30          2340.80        3153.64         3817.39         5500.00  
    0.338       256.30          2338.57        3064.53         3883.19         5500.00  
    0.344       260.60          2305.64        3098.57         3914.79         5500.00  
    0.350       82.76          902.77        2589.03         3484.72         4513.09  
    0.356       180.80          1725.51        2809.18         3388.29         4426.27  
    0.363       266.20          1994.14        2669.51         3524.18         4695.35  
    0.369       266.30          1787.54        2536.57         3677.54         4740.35  
    0.375       271.66          2067.63        2404.34         3608.40         4689.87  
    0.381       86.65          891.75        2386.63         3532.10         4582.23  
    0.388       0          290.47        2434.71         3540.27         4556.59  
    0.394       0          298.61        2482.09         3493.75         4571.68  
    0.400       207.35          1308.70        2519.20         3448.05         4576.99  
    0.406       302.33          1605.71        2562.60         3366.65         4642.89  
    0.413       303.94          1939.49        2579.92         3332.56         4702.84  
    0.419       96.29          881.27        2573.43         3379.65         4554.43  
    0.425       0          306.45        2598.33         3420.27         4469.35  
    0.431       214.74          1003.97        2582.50         3495.59         4576.46  
    0.438       315.40          1166.93        2572.04         3554.90         4672.02  
    0.444       99.85          563.40        2518.97         3579.48         4655.43  
    0.450       0          326.62        2515.78         3714.41         4251.79  
    0.456       219.96          1857.59        2855.24         3787.10         4500.70  
    0.463       309.07          2247.24        2730.77         3769.72         4633.51  
    0.469       300.23          2110.15        2558.15         3583.88         4595.19  
    