0.025       0          1024.64        1953.23         3289.86         4466.01  
    0.031       898.90          1037.16        3180.79         4488.96         5367.53  
    0.038       761.99          1116.80        3125.33         4015.19         5500.00  
    0.044       92.56          758.03        1382.11         3386.93         4435.26  
    0.050       0          90.15        752.27         1397.79         3576.55  
    0.056       586.84          956.39        1516.97         3154.34         5240.35  
    0.062       663.50          1085.02        1735.26         3409.92         5500.00  
    0.069       643.73          1056.18        1621.21         3478.32         5500.00  
    0.075       82.13          134.80        812.03         1404.48         3771.90  
    0.081       0          594.68        1018.95         2937.69         3820.78  
    0.088       0          667.86        1075.23         3238.98         3895.78  
    0.094       0          681.53        1060.70         3376.85         4028.22  
    0.100       0          713.37        1070.65         3189.01         4042.89  
    0.106       585.81          1028.45        2162.23         3862.55         5313.24  
    0.113       697.54          1058.39        2367.47         3951.03         5222.28  
    0.119       759.66          1132.18        2395.93         3915.98         5459.19  
    0.125       98.42          840.09        1531.90         2547.83         4115.32  
    0.131       697.17          1242.81        2127.97         3681.15         5296.53  
    0.138       797.78          1209.23        2165.64         3807.02         5500.00  
    0.144       807.44          1251.62        2145.95         3739.01         5500.00  
    0.150       819.15          1429.11        2319.65         3891.41         5500.00  
    0.156       792.75          1448.03        2461.09         3984.83         5500.00  
    0.163       771.68          1482.17        2503.00         3945.19         5500.00  
    0.169       746.71          1569.48        2490.12         3963.86         5500.00  
    0.175       693.20          1556.93        2496.28         3927.74         5500.00  
    0.181       665.64          1526.03        2503.90         3855.62         5500.00  
    0.188       674.06          1640.52        2626.35         3987.43         5500.00  
    0.194       86.57          814.53        1860.73         2957.38         4303.90  
    0.200       599.95          1591.18        2573.90         3922.10         5324.24  
    0.206       691.32          1791.66        2716.25         4047.06         5500.00  
    0.213       696.63          1797.00        2477.23         3960.68         5500.00  
    0.219       709.61          1700.31        2358.97         3971.05         5500.00  
    0.225       728.53          1617.27        2330.85         4027.42         5500.00  
    0.231       755.13          1497.09        2345.67         3933.13         5500.00  
    0.238       774.93          1395.25        2388.22         3871.76         5500.00  
    0.244       804.40          1375.68        2386.42         3935.59         5500.00  
    0.250       833.32          1347.94        2289.07         3971.62         5500.00  
    0.256       784.72          1435.37        2321.47         3939.07         5500.00  
    0.263       760.32          1473.83        2377.02         3881.05         5336.14  
    0.269       751.71          1573.40        2464.11         3940.48         5475.92  
    0.275       761.22          1614.53        2648.45         4201.50         5500.00  
    0.281       761.96          1557.08        2728.23         4174.93         5500.00  
    0.288       709.29          1538.78        2664.67         3910.77         5500.00  
    0.294       633.93          1499.42        2754.67         3917.26         5500.00  
    0.300       592.61          1519.13        2753.50         3954.22         5500.00  
    0.306       593.44          1577.25        2748.20         4050.54         5500.00  
    0.312       574.54          1669.84        2869.19         4080.11         5500.00  
    0.319       546.06          1715.06        2820.99         3969.02         5500.00  
    0.325       518.18          1775.51        2617.24         3938.61         5500.00  
    0.331       503.29          1955.70        2580.26         4004.36         5500.00  
    0.338       64.27          691.48        2178.17         3449.50         4468.77  
    0.344       0          491.28        2128.52         3390.33         4408.35  
    0.350       0          464.30        2146.67         3397.96         4312.74  
    0.356       401.30          1940.70        3263.20         3726.45         5345.84  
    0.363       58.97          672.79        2314.40         3738.93         4155.08  
    0.369       368.71          1892.74        3119.97         3823.03         5302.37  
    0.375       408.35          2144.02        3579.84         3953.08         5500.00  
    0.381       52.04          631.26        2356.97         3673.67         4381.37  
    0.388       0          405.87        2142.90         3653.53         4236.89  
    0.394       0          395.68        2211.42         3648.81         4506.86  
    0.400       0          372.82        2232.36         3624.16         4652.26  
    0.406       0          362.58        2208.62         3617.58         4552.84  
    0.413       0          361.79        2198.02         3608.98         4471.85  
    0.419       0          348.03        2217.85         3612.65         4700.10  
    0.425       0          320.79        2181.78         3615.33         4543.84  
    0.431       274.94          1881.11        3444.59         4149.54         5373.90  
    0.438       40.40          555.92        2381.55         3684.08         4401.38  
    0.444       0          308.13        2233.32         3597.79         4155.84  
    0.450       0          331.45        2227.24         3618.36         4131.69  
    0.456       0          349.07        2234.11         3651.46         4210.65  
    0.463       0          361.41        2231.25         3670.17         4859.34  
    0.469       0          361.01        2205.71         3670.45         4580.22  
    0.475       0          353.58        2116.29         3664.88         4196.28  
    0.481       0          360.68        2151.86         3674.32         4198.32  
    0.488       0          374.96        2148.45         3701.79         4256.40  
    0.494       0          386.83        2149.83         3706.38         4116.55  
    0.500       0          401.54        2151.03         3696.19         4174.17  
    0.506       0          402.14        2138.90         3697.46         4247.19  
    0.513       0          408.13        2129.58         3700.48         4251.37  
    0.519       0          423.39        2123.35         3700.58         4239.21  
    0.525       0          408.55        2089.49         3711.07         4056.82  
    0.531       0          384.63        2130.04         3703.28         3989.22  
    0.537       0          348.18        2155.76         3679.74         3878.98  
    0.544       0          325.32        1974.28         3586.71         3991.42  
    0.550       0          301.22        2001.03         3600.80         4278.80  
    0.556       0          230.73        1956.27         3607.55         4323.93  
    0.562       0          207.23        1966.19         3482.60         4270.30  
    0.569       176.17          1757.17        2582.42         4204.85         5341.43  
    0.575       25.89          254.34        342.41         2303.60         3618.95  
    0.581       0          1301.25        1734.02         3593.43         4228.20  
    0.588       0          1585.18        2059.85         3835.53         4376.35  
    0.594       0          1655.69        2110.02         4001.16         4302.60  
    