0.025       529.46          1197.16        2935.30         4867.88         5177.12  
    0.031       459.68          799.69        2861.10         4830.31         5092.95  
    0.038       371.07          737.40        2841.24         4800.34         5054.89  
    0.044       353.18          817.30        2807.56         4899.66         5048.89  
    0.050       371.16          853.47        2815.52         4850.94         5055.13  
    0.056       375.61          830.85        2860.41         4859.06         5125.82  
    0.062       383.41          856.29        2998.52         4873.85         5409.49  
    0.069       382.64          898.39        2930.11         4892.09         5500.00  
    0.075       381.86          904.81        2779.24         4931.06         5500.00  
    0.081       387.71          894.53        2753.63         4911.85         5238.91  
    0.088       407.82          885.74        2788.05         4783.09         5077.55  
    0.094       428.75          892.63        2803.58         4701.83         5090.78  
    0.100       438.76          919.11        2819.08         4728.55         5141.08  
    0.106       445.02          919.96        2880.75         4822.85         5410.64  
    0.113       450.65          899.23        2909.22         4932.13         5117.51  
    0.119       452.25          886.03        2925.97         4589.73         5028.34  
    0.125       451.41          879.48        2988.81         4462.54         5013.12  
    0.131       454.77          886.79        2986.57         4739.06         4972.64  
    0.138       458.62          896.60        2945.32         4902.05         4971.56  
    0.144       458.99          916.08        2958.53         4882.55         5364.35  
    0.150       457.38          925.41        2956.47         4854.39         5500.00  
    0.156       455.26          947.65        2974.55         4835.50         5500.00  
    0.163       455.94          986.56        3041.87         4861.18         5500.00  
    0.169       458.32          1016.79        3109.80         4574.58         5105.86  
    0.175       459.98          1046.72        3169.94         4189.31         4923.07  
    0.181       461.66          1118.23        3214.64         4662.96         5346.89  
    0.188       119.36          632.74        1704.47         3667.30         4959.13  
    0.194       332.76          1003.47        2732.03         4513.90         5311.66  
    0.200       446.16          1215.66        3260.51         5045.39         5500.00  
    0.206       115.01          642.18        1828.61         3700.99         5136.50  
    0.213       0          434.67        1372.44         3233.67         5023.64  
    0.219       0          425.62        1447.02         3284.67         5050.42  
    0.225       0          409.90        1541.20         3289.33         5049.46  
    0.231       286.82          1331.90        2826.60         3991.38         5043.40  
    0.238       372.85          1808.15        3302.08         3982.54         5044.89  
    0.244       355.59          1887.21        3191.76         3487.48         5090.14  
    0.250       345.04          1918.45        3193.93         3319.12         5161.09  
    0.256       338.31          1989.96        3186.24         3281.91         5149.58  
    0.263       335.07          2090.65        3242.53         3290.17         5086.93  
    0.269       333.63          2219.60        3313.29         3377.87         5057.08  
    0.275       86.09          832.40        2623.38         3363.77         5041.13  
    0.281       0          343.57        2333.10         3313.16         4960.37  
    0.288       0          349.54        2276.91         3243.69         4898.77  
    0.294       0          350.65        2255.94         3274.04         4919.04  
    0.300       0          353.34        2264.76         3321.71         4977.62  
    0.306       0          354.29        2280.61         3296.14         4901.10  
    0.312       0          349.03        2324.11         3281.49         4872.67  
    0.319       0          337.50        2304.07         3330.82         4851.21  
    0.325       0          313.20        2282.15         3344.64         4784.08  
    0.331       0          278.34        2316.46         3318.93         4758.98  
    0.338       0          264.52        2511.27         3331.30         4765.81  
    0.344       0          259.21        2597.72         3324.97         4814.20  
    0.350       183.18          1873.91        3112.76         4468.56         5326.96  
    0.356       247.57          2387.65        3296.14         4843.88         5500.00  
    0.363       247.64          2411.58        3264.30         4757.39         5500.00  
    0.369       248.23          2482.13        3237.52         4643.93         5500.00  
    0.375       64.17          833.13        2781.99         3623.60         4947.27  
    0.381       189.52          1861.66        2967.41         4406.20         5065.17  
    0.388       258.60          2134.96        3012.76         4726.90         4853.13  
    0.394       67.07          720.14        2924.84         4011.76         4767.46  
    0.400       0          264.56        2850.23         3550.12         4775.79  
    0.406       0          272.15        2721.97         3426.60         4736.51  
    0.413       0          285.08        2696.12         4072.10         4833.45  
    0.419       0          74.58        918.81         3093.46         4457.82  
    0.425       225.09          384.12        2147.69         3899.15         4821.59  
    0.431       78.38          360.46        2780.95         3369.49         4843.48  
    0.438       0          302.33        2754.74         3394.42         4769.27  
    0.444       0          299.85        2682.87         3134.02         4765.30  
    0.450       0          305.74        2450.41         3072.72         4781.58  
    0.456       0          307.47        2491.29         3027.01         4794.73  
    0.463       218.62          1679.62        2820.22         4228.02         5318.55  
    0.469       293.29          1795.64        2919.15         4551.56         5223.41  
    0.475       298.04          1859.50        2896.60         4557.15         5145.97  
    0.481       317.18          2415.52        2859.96         4678.60         5410.26  
    0.488       312.62          2752.81        2830.06         4742.78         5395.58  
    0.494       319.53          2793.86        2839.91         4792.14         5463.64  
    0.500       83.48          953.15        2783.99         3363.06         4997.59  
    0.506       0          316.75        2724.29         2939.56         4762.67  
    