0.025       479.45          877.40        2518.02         3463.97         4395.98  
    0.031       499.38          829.39        2543.17         3476.52         4171.22  
    0.038       527.35          809.62        2536.42         3496.12         4511.86  
    0.044       532.11          943.91        2514.91         3469.49         4671.46  
    0.050       521.95          1200.97        2564.89         3570.86         5475.34  
    0.056       501.82          1350.37        2515.93         3603.00         4543.04  
    0.062       493.40          1404.12        2566.68         3603.99         4396.16  
    0.069       490.72          1431.65        2608.72         3890.31         4301.57  
    0.075       487.25          1427.87        2589.92         4199.05         4319.03  
    0.081       483.94          1413.56        2585.47         3987.72         4386.41  
    0.088       483.31          1407.61        2619.58         4077.44         4431.22  
    0.094       484.65          1413.18        2647.59         4171.43         4472.27  
    0.100       485.48          1420.73        2690.16         4017.08         4339.83  
    0.106       483.93          1424.45        2671.47         3774.72         4342.19  
    0.113       482.15          1429.00        2631.81         3795.11         4293.70  
    0.119       482.59          1436.02        2639.29         3965.95         4269.18  
    0.125       484.87          1438.76        2707.37         4081.91         4263.75  
    0.131       485.71          1437.76        2765.22         4004.20         4362.14  
    0.138       486.63          1434.34        2832.20         3981.25         4413.47  
    0.144       486.24          1433.69        2836.25         3963.82         4462.37  
    0.150       487.79          1445.84        2845.78         3933.50         4452.47  
    0.156       488.97          1454.57        2810.02         3827.95         4443.82  
    0.163       489.32          1444.66        2776.59         3688.37         4448.72  
    0.169       488.28          1438.15        2744.86         3700.92         4451.30  
    0.175       486.69          1442.08        2721.82         3699.61         4495.31  
    0.181       485.82          1462.54        2718.37         3629.07         4501.71  
    0.188       485.67          1494.44        2667.10         3620.19         4467.77  
    0.194       488.76          1520.27        2607.08         3571.82         4426.21  
    0.200       492.94          1520.42        2580.17         3535.42         4487.62  
    0.206       496.49          1484.80        2563.00         3582.07         4545.30  
    0.213       496.06          1426.07        2534.90         3679.39         4532.49  
    0.219       504.38          1390.33        2466.47         3626.04         4462.50  
    0.225       504.89          1356.48        2420.11         3653.10         4419.23  
    0.231       485.22          1366.17        2425.86         3656.71         4449.87  
    0.238       480.81          1427.88        2419.28         3553.60         4524.93  
    0.244       470.65          1434.27        2376.97         3413.23         4373.64  
    0.250       467.02          1708.09        2279.57         3313.76         4344.90  
    0.256       447.19          2084.77        2209.24         3290.15         4378.64  
    0.263       419.61          2072.34        2481.88         3316.31         4765.37  
    0.269       389.95          2028.95        2603.87         3361.49         4946.03  
    0.275       359.40          2152.38        2639.18         3412.33         4916.11  
    0.281       336.20          2195.45        2667.84         3444.13         4962.26  
    0.288       302.84          2182.95        2658.08         3444.45         5002.34  
    0.294       277.04          2168.26        2643.64         3411.30         5100.96  
    0.300       298.08          2160.57        2631.23         3357.17         5252.18  
    0.306       291.37          2201.90        2672.32         3376.53         5327.89  
    0.312       299.16          2226.00        2764.99         3401.28         5189.93  
    0.319       309.84          2197.78        2741.57         3376.18         5059.16  
    0.325       313.53          2183.80        2778.66         3408.79         4857.24  
    0.331       317.22          2172.46        2816.41         3481.05         4739.16  
    0.338       317.32          2159.01        2769.08         3523.83         4746.57  
    0.344       315.68          2153.54        2751.55         3555.24         4707.49  
    0.350       315.46          2149.85        2734.98         3551.72         4854.41  
    0.356       315.38          2150.16        2689.50         3493.77         4438.28  
    0.363       314.31          2147.83        2623.68         3357.34         4300.42  
    0.369       314.32          2145.55        2623.02         3372.57         4255.89  
    0.375       315.03          2147.13        2618.41         3426.86         4257.20  
    0.381       316.53          2154.43        2601.18         3466.35         4413.18  
    0.388       320.26          2169.58        2695.05         3504.60         4346.61  
    0.394       323.66          2184.90        2733.08         3574.89         4211.98  
    0.400       324.37          2228.53        2891.06         3539.62         3945.76  
    0.406       322.07          2252.59        3195.94         3597.61         3618.17  
    0.413       322.25          2221.76        3202.14         3247.53         3711.80  
    0.419       323.29          2258.81        3175.14         3291.09         3720.66  
    0.425       324.28          2327.76        3081.27         3681.61         3829.62  
    0.431       324.46          2262.57        3022.05         3722.32         4471.92  
    0.438       326.04          2240.38        2919.52         3679.10         5469.82  
    0.444       9.76          376.63        2276.39         2888.06         3721.37  
    0.450       0          310.67        2279.33         2838.42         3790.19  
    0.456       0          300.69        2256.44         2930.08         3816.25  
    0.463       0          270.64        2266.94         2930.72         3681.68  
    0.469       0          231.28        2324.51         2813.51         3652.19  
    0.475       0          203.17        2341.61         2824.81         3719.37  
    