0.025       0          864.58        1423.38         2647.30         3642.12  
    0.031       0          724.69        1384.07         2707.69         4676.29  
    0.038       0          648.99        1257.71         2652.73         4533.86  
    0.044       0          479.71        990.64         2628.94         4324.11  
    0.050       418.10          901.72        2409.60         4038.14         4701.19  
    0.056       449.83          939.92        2495.23         4117.90         4701.31  
    0.062       445.51          942.34        2541.02         4073.67         4732.52  
    0.069       429.38          933.91        2555.54         4066.45         4619.61  
    0.075       416.64          939.41        2570.92         4042.74         4572.05  
    0.081       411.25          952.72        2564.79         3999.50         4568.24  
    0.088       407.10          966.96        2580.22         4060.01         4615.44  
    0.094       403.81          974.39        2606.09         4074.87         4609.88  
    0.100       407.25          983.01        2694.30         4090.59         4492.98  
    0.106       412.13          989.82        2657.93         4101.06         4414.20  
    0.113       416.70          989.50        2630.80         4118.17         4445.12  
    0.119       419.43          995.60        2661.84         4140.69         4424.78  
    0.125       422.32          1008.07        2663.50         4157.29         4291.95  
    0.131       427.50          1008.36        2597.28         4136.86         4240.18  
    0.138       432.73          1001.80        2594.70         4084.60         4251.54  
    0.144       431.44          994.77        2611.90         4038.68         4291.55  
    0.150       423.97          991.68        2617.84         4017.84         4331.76  
    0.156       418.31          994.42        2622.93         4043.84         4380.26  
    0.163       412.65          996.93        2624.39         4044.95         4359.98  
    0.169       405.36          997.27        2628.85         4032.49         4365.73  
    0.175       402.84          1000.10        2632.21         4043.01         4358.46  
    0.181       404.34          1003.01        2652.33         4078.27         4414.51  
    0.188       400.69          1008.41        2684.88         4092.16         4443.80  
    0.194       394.94          1012.80        2694.54         4107.73         4469.16  
    0.200       395.92          1017.17        2733.97         4120.36         4496.68  
    0.206       403.24          1037.79        3003.96         4147.34         4411.77  
    0.213       407.80          1042.29        3245.95         4170.49         4295.70  
    0.219       416.27          1056.35        3360.74         4196.98         4320.14  
    0.225       422.83          1068.94        3377.21         4104.39         4358.74  
    0.231       424.30          1079.85        3098.05         4051.10         4407.79  
    0.238       426.70          1093.00        2996.60         4067.18         4441.31  
    0.244       437.89          1126.35        2949.11         4091.97         4407.73  
    0.250       437.48          1228.41        2835.10         4098.55         4363.38  
    0.256       419.73          1292.92        2818.01         4090.93         4343.32  
    0.263       401.66          1314.16        2884.56         4054.32         4368.95  
    0.269       391.87          1355.50        2811.53         4056.93         4397.72  
    0.275       388.64          1432.60        2682.08         4044.52         4413.16  
    0.281       388.15          1528.86        2673.35         4073.59         4352.37  
    0.288       386.18          1665.35        2647.48         4100.20         4317.39  
    0.294       382.76          1762.55        2670.32         4066.51         4327.66  
    0.300       383.67          1798.18        2643.98         4036.94         4336.83  
    0.306       389.91          1840.34        2604.99         4089.78         4367.46  
    0.312       383.92          2142.97        2566.33         4041.69         4333.12  
    0.319       378.54          2386.22        2602.41         3995.18         4355.49  
    0.325       382.97          2564.43        2823.61         3970.57         4337.59  
    0.331       344.47          2550.69        3151.26         3979.44         4354.98  
    0.338       325.95          2557.74        3172.29         4032.15         4408.66  
    0.344       311.06          2578.41        3209.17         4103.74         4331.49  
    0.350       308.10          2601.59        3252.64         4111.03         4322.46  
    0.356       302.07          2629.77        3341.00         3969.63         4378.02  
    0.363       286.85          2659.39        3133.51         3968.24         4375.29  
    0.369       240.91          2672.59        2852.85         4063.60         4392.74  
    0.375       232.91          2664.28        2826.51         4047.89         4363.27  
    0.381       251.85          2547.85        2842.44         3910.72         4334.15  
    0.388       264.59          2555.85        2889.08         3907.25         4350.80  
    0.394       269.89          2715.82        2912.59         3952.89         4376.63  
    0.400       269.62          2722.57        2955.04         3982.43         4383.32  
    0.406       271.30          2679.25        3026.94         4073.84         4334.77  
    0.413       280.32          2676.30        3136.35         3998.62         4312.67  
    0.419       296.75          2691.40        2868.09         3877.41         4317.06  
    0.425       327.14          2695.82        2923.66         3879.21         4299.23  
    0.431       24.58          514.44        2713.33         3876.21         4243.76  
    0.438       0          335.04        2666.91         3915.97         4334.61  
    0.444       314.21          2255.26        2702.01         4094.02         4405.92  
    0.450       340.87          2370.83        2751.97         4193.97         4532.02  
    0.456       344.51          2474.39        2745.11         4261.62         4546.31  
    0.463       318.52          2446.86        2949.29         4268.10         5428.88  
    0.469       23.60          513.09        2611.40         3483.51         4327.02  
    