0.025       0          466.84        805.76         3089.21         3507.13  
    0.031       0          518.40        1119.94         3011.23         3521.54  
    0.038       277.23          952.33        1945.22         3235.25         4153.95  
    0.044       453.03          1288.66        2426.59         3500.21         4728.94  
    0.050       438.48          1399.74        2518.61         3687.08         5015.37  
    0.056       426.41          1468.49        2581.25         3777.22         4872.84  
    0.062       419.54          1465.78        2529.27         3701.66         4785.08  
    0.069       422.76          1484.11        2485.43         3627.94         4942.24  
    0.075       431.47          1556.15        2563.04         3715.58         5302.67  
    0.081       174.45          904.30        2049.65         3166.73         4581.63  
    0.088       0          450.88        1685.56         2742.60         3975.44  
    0.094       268.92          1155.61        2198.42         3476.32         4891.04  
    0.100       445.93          1568.93        2492.92         3944.40         5105.78  
    0.106       177.99          882.73        1920.45         3091.02         4313.74  
    0.113       269.43          1115.09        2148.38         3423.95         4882.71  
    0.119       180.30          901.01        2007.44         3166.16         4650.52  
    0.125       0          459.09        1627.73         2598.33         4038.08  
    0.131       268.55          1106.61        2192.96         3524.83         4902.11  
    0.138       446.38          1558.84        2628.62         4119.25         5500.00  
    0.144       451.46          1573.03        2731.54         3906.45         5360.21  
    0.150       461.63          1591.45        2788.78         3871.28         5406.46  
    0.156       465.91          1588.93        2780.83         3918.54         5500.00  
    0.163       465.75          1568.00        2732.11         3813.63         5500.00  
    0.169       186.62          911.98        2069.76         3165.64         4543.93  
    0.175       0          482.18        1674.69         2761.91         3902.71  
    0.181       0          477.43        1629.99         2631.92         3901.46  
    0.188       281.83          1067.62        2111.05         3388.83         4859.06  
    0.194       480.16          1477.51        2413.39         3898.46         5500.00  
    0.200       485.75          1448.25        2304.05         3648.70         5027.35  
    0.206       479.87          1396.34        2224.58         3519.17         4756.88  
    0.213       475.47          1382.61        2211.04         3532.12         4810.33  
    0.219       481.52          1499.49        2290.35         3768.39         5229.62  
    0.225       194.82          931.42        1946.46         3185.25         4609.57  
    0.231       285.62          1096.77        2034.12         3231.73         4384.68  
    0.238       475.19          1485.15        2292.97         3539.64         4695.20  
    0.244       481.85          1484.77        2382.43         3530.98         4748.64  
    0.250       493.41          1503.57        2416.25         3694.32         4651.24  
    0.256       494.76          1507.17        2392.96         3673.49         4486.52  
    0.263       491.22          1535.30        2396.22         3548.81         4462.79  
    0.269       487.03          1552.85        2583.86         3695.15         5094.74  
    0.275       482.46          1537.34        2621.68         3872.67         5500.00  
    0.281       484.73          1514.35        2442.05         3823.03         5224.03  
    0.288       503.41          1509.40        2362.62         3749.68         5005.07  
    0.294       506.50          1543.60        2349.56         3843.74         5292.38  
    0.300       493.77          1575.20        2277.57         3945.34         5217.01  
    0.306       481.46          1621.76        2275.25         4007.43         5310.63  
    0.312       475.42          1616.52        2489.65         4046.93         5500.00  
    0.319       469.26          1581.84        2620.34         3942.96         5199.62  
    0.325       462.64          1572.01        2610.70         3700.79         4892.70  
    0.331       459.27          1617.44        2707.92         3777.41         5228.11  
    0.338       461.36          1655.56        2747.43         4004.67         5500.00  
    0.344       469.09          1690.50        2742.50         4131.44         5500.00  
    0.350       469.65          1587.35        2643.46         4098.67         5122.48  
    0.356       473.87          1551.86        2536.99         4001.37         4912.81  
    0.363       462.29          1968.32        2444.58         3926.22         5167.40  
    0.369       426.02          2246.29        2720.76         3601.93         4955.33  
    0.375       389.65          2106.18        2850.81         3729.32         4632.81  
    0.381       151.06          995.34        2391.06         3372.32         4303.09  
    0.388       170.96          1434.84        2688.01         3644.74         4945.96  
    0.394       291.29          2177.79        2832.57         3929.75         5290.12  
    0.400       296.67          2150.44        2722.42         3894.51         5359.55  
    0.406       119.31          1030.87        2385.98         3291.47         4697.73  
    0.413       0          292.82        2142.01         2833.35         4193.41  
    0.419       178.48          1433.63        2544.02         3688.67         4984.91  
    0.425       119.44          1063.39        2451.07         3471.07         4660.07  
    0.431       188.67          1366.53        2412.28         3478.92         4937.93  
    0.438       317.30          1857.52        2534.35         3856.06         5338.61  
    0.444       318.33          1639.10        2517.77         3860.16         5085.61  
    0.450       127.47          832.98        2241.96         3645.14         4657.33  
    0.456       0          329.32        2048.34         3417.10         4294.01  
    0.463       0          331.48        2110.38         3172.48         4215.51  
    0.469       0          331.11        2196.20         2874.74         4118.98  
    0.475       190.78          1386.64        2264.45         3316.05         4337.41  
    0.481       312.59          1959.15        2397.70         3589.92         4696.86  
    0.488       305.90          1822.92        2533.82         3613.87         4858.33  
    0.494       304.72          1728.57        2515.88         3677.76         4828.19  
    0.500       309.17          1180.08        2480.56         3521.09         4795.48  
    0.506       125.02          524.26        2451.29         3377.70         4785.15  
    0.513       0          312.00        2409.21         3310.92         4743.13  
    0.519       0          313.33        2368.35         3276.33         4582.55  
    0.525       0          322.19        2372.09         3333.90         4472.25  
    0.531       192.43          1405.91        2401.15         3389.58         4443.14  
    0.537       325.28          2266.82        2683.09         3390.61         4496.90  
    0.544       325.44          2383.86        2863.77         3370.24         4479.98  
    0.550       308.72          2469.86        2832.11         3338.56         4463.85  
    0.556       304.75          2542.35        2749.31         3292.51         4491.53  
    0.562       330.39          2586.97        2702.95         3327.05         4510.50  
    0.569       138.25          1245.43        2662.53         3358.74         4538.73  
    0.575       0          348.18        2588.96         3312.53         4580.15  
    0.581       0          413.91        2553.03         3263.68         4285.01  
    0.588       0          548.58        2560.77         3274.80         3961.98  
    0.594       0          727.81        2570.86         3316.91         3914.52  
    0.600       0          992.09        2586.74         3302.73         3955.42  
    