0.025       408.87          873.21        2255.78         3799.90         4720.47  
    0.031       411.44          870.05        2251.87         3622.12         4655.23  
    0.038       439.86          970.50        2306.89         3389.82         4638.35  
    0.044       485.36          960.80        2558.85         3395.79         5151.43  
    0.050       467.27          913.42        2750.39         3489.35         5500.00  
    0.056       426.95          909.69        2717.15         3508.51         5460.62  
    0.062       421.61          871.88        2695.07         3440.14         5012.54  
    0.069       438.89          843.89        2763.14         3465.30         4530.91  
    0.075       461.38          825.64        2735.27         3493.61         4423.27  
    0.081       474.66          820.05        2690.22         3485.44         4474.89  
    0.088       476.93          825.35        2753.03         3495.41         4499.77  
    0.094       475.40          825.66        2825.48         3495.86         4511.44  
    0.100       474.52          818.87        2865.44         3416.81         4543.52  
    0.106       474.08          798.39        2885.31         3303.57         4575.59  
    0.113       472.15          767.16        2836.46         3367.87         4601.14  
    0.119       466.31          745.17        2778.36         3459.68         4626.80  
    0.125       460.76          758.23        2818.01         3458.35         4660.11  
    0.131       457.54          783.96        2858.17         3420.40         4665.26  
    0.138       454.64          801.00        2898.31         3335.05         4631.10  
    0.144       454.80          813.77        2892.15         3315.25         4615.12  
    0.150       458.66          822.18        2876.02         3387.01         4618.01  
    0.156       461.23          827.62        2850.24         3420.33         4604.96  
    0.163       461.69          830.72        2807.68         3408.76         4568.29  
    0.169       461.46          833.54        2783.34         3392.15         4521.94  
    0.175       462.16          838.97        2811.97         3413.46         4499.58  
    0.181       464.90          843.97        2879.95         3447.65         4495.64  
    0.188       467.45          844.30        2913.98         3431.37         4555.86  
    0.194       469.67          847.83        2831.67         3367.63         4537.62  
    0.200       470.02          850.04        2734.64         3345.40         4465.54  
    0.206       471.13          849.67        2739.46         3303.14         4481.48  
    0.213       471.55          848.66        2771.55         3206.00         4504.93  
    0.219       466.80          845.18        2779.40         3131.66         4513.62  
    0.225       461.57          841.90        2768.36         3232.94         4524.55  
    0.231       464.44          845.99        2709.82         3396.20         4631.20  
    0.238       469.78          860.51        2615.56         3439.66         5090.25  
    0.244       471.71          881.00        2556.51         3425.34         5443.26  
    0.250       471.30          908.63        2569.30         3407.42         5395.25  
    0.256       469.70          950.86        2590.53         3391.25         5363.86  
    0.263       466.98          983.18        2486.76         3318.26         5295.54  
    0.269       461.22          986.45        2367.15         3288.71         5233.04  
    0.275       458.31          1010.31        2415.82         3366.33         5246.73  
    0.281       458.28          1069.40        2515.52         3425.74         5217.67  
    0.288       456.81          1106.48        2569.67         3414.76         5198.10  
    0.294       452.21          1109.86        2572.36         3353.22         5222.40  
    0.300       446.73          1142.49        2539.50         3281.55         5214.49  
    0.306       442.38          1199.79        2467.14         3264.72         5190.43  
    0.312       438.37          1229.61        2444.27         3325.71         5167.47  
    0.319       432.42          1273.92        2471.26         3380.92         5135.70  
    0.325       423.17          1351.20        2566.06         3397.76         5120.97  
    0.331       412.71          1398.84        2638.53         3437.83         5128.30  
    0.338       403.37          1462.94        2585.48         3506.67         5297.23  
    0.344       394.35          1580.57        2528.23         3574.02         5463.88  
    0.350       379.39          1717.08        2528.16         3613.02         5500.00  
    0.356       357.85          1760.51        2652.71         3635.39         5500.00  
    0.363       337.93          1778.59        2708.52         3649.70         5500.00  
    0.369       326.03          1870.52        2690.20         3675.05         5500.00  
    0.375       133.78          980.19        2397.14         3207.36         4480.39  
    0.381       0          308.94        2211.37         2908.17         3851.75  
    0.388       0          303.03        2167.44         2957.36         3908.14  
    0.394       175.09          1342.38        2614.93         3476.38         4837.33  
    0.400       298.17          2078.47        2940.52         3826.44         4982.10  
    0.406       298.01          2233.41        2949.69         3866.93         4719.59  
    0.413       123.66          1147.74        2679.93         3393.25         4263.87  
    0.419       0          299.95        2426.91         3088.43         3860.39  
    0.425       0          294.46        2320.36         3098.58         3843.70  
    0.431       0          287.89        2243.64         3070.79         3846.82  
    0.438       0          291.35        2284.04         3105.03         3850.08  
    0.444       0          298.33        2358.30         3135.15         3853.32  
    0.450       0          296.47        2399.67         3139.98         3895.97  
    0.456       0          284.35        2412.87         3130.93         3952.63  
    0.463       0          267.67        2396.92         3126.52         3953.33  
    0.469       0          259.45        2387.05         3117.72         3901.50  
    0.475       0          260.88        2397.64         3123.35         3866.18  
    0.481       0          255.86        2385.44         3156.29         3904.12  
    0.488       0          242.15        2348.06         3157.85         3946.74  
    0.494       0          235.21        2317.01         3149.38         3938.94  
    0.500       0          237.44        2286.26         3123.46         3923.50  
    0.506       0          252.29        2290.10         3184.20         4272.36  
    0.513       0          283.78        2353.56         3228.01         4544.88  
    0.519       0          280.13        2379.77         3228.63         4553.54  
    0.525       0          249.52        2198.30         3140.89         4545.72  
    