0.025       0          1399.17        1638.12         3167.43         3969.09  
    0.031       0          1379.28        1673.55         3202.35         3965.77  
    0.038       0          445.07        1607.14         2453.77         3823.65  
    0.044       75.94          1094.19        1904.35         3959.16         4800.22  
    0.050       402.42          1694.57        2582.36         4864.04         5269.31  
    0.056       176.11          562.16        1412.27         3506.96         5002.46  
    0.062       373.75          459.70        2205.74         4221.19         5225.36  
    0.069       442.69          799.56        2950.54         4897.24         5464.50  
    0.075       393.85          874.94        2971.01         4558.44         5233.66  
    0.081       403.95          903.23        2959.58         4289.73         5198.13  
    0.088       406.39          923.69        2996.80         4220.07         5246.26  
    0.094       408.52          934.64        3063.99         4177.55         5191.67  
    0.100       414.91          935.22        3035.42         4129.62         5223.76  
    0.106       424.78          933.09        2986.58         4057.82         5318.14  
    0.113       435.22          933.25        2921.08         3957.61         5451.21  
    0.119       447.41          935.44        2805.72         3805.78         5246.27  
    0.125       463.30          933.83        2643.73         3728.08         5101.45  
    0.131       472.64          927.11        2534.99         3777.08         5100.97  
    0.138       476.22          923.14        2474.34         3768.95         5074.48  
    0.144       485.84          920.37        2430.18         3758.07         5164.98  
    0.150       518.93          893.58        2433.36         3825.54         5407.67  
    0.156       548.55          776.20        2423.03         3908.42         5500.00  
    0.163       615.57          703.84        2395.15         3907.94         5500.00  
    0.169       652.13          746.09        2321.65         3845.22         5500.00  
    0.175       609.74          804.51        2220.93         3774.61         5366.36  
    0.181       627.54          778.94        2170.33         3828.52         5400.50  
    0.188       598.86          838.88        2215.03         3874.93         5483.07  
    0.194       580.49          884.70        2232.90         3876.78         5500.00  
    0.200       597.74          886.34        2235.57         3889.19         5359.32  
    0.206       675.83          786.93        2157.46         3891.85         5149.08  
    0.213       620.93          754.42        2083.63         3939.78         5151.40  
    0.219       262.75          775.33        2025.44         3970.31         5194.01  
    0.225       343.01          790.12        2042.32         3988.52         5233.72  
    0.231       567.62          787.74        2090.30         3983.66         5419.05  
    0.238       591.58          865.21        2190.52         3994.39         5252.72  
    0.244       540.62          941.25        2320.36         3965.20         5068.87  
    0.250       499.90          1053.82        2415.90         3906.13         5093.74  
    0.256       471.84          1180.06        2571.23         3889.95         5147.30  
    0.263       460.69          1229.74        2644.24         3740.31         5039.51  
    0.269       456.06          1211.82        2558.14         3580.36         4942.40  
    0.275       447.17          1189.73        2482.05         3528.54         4937.57  
    0.281       441.80          1198.01        2564.81         3671.11         5137.52  
    0.288       435.87          1251.70        2787.01         3748.29         5412.44  
    0.294       426.88          1349.08        2780.66         3869.13         5500.00  
    0.300       417.25          1395.67        2732.69         4042.01         5027.15  
    0.306       409.32          1419.20        2880.07         3890.50         4842.60  
    0.312       402.10          1489.11        3070.46         3622.45         4932.12  
    0.319       397.04          1559.35        2994.87         3568.19         4980.63  
    0.325       398.43          1571.17        2824.52         3571.35         5026.89  
    0.331       400.40          1628.95        2705.50         3516.48         5093.99  
    0.338       401.63          1731.14        2682.37         3531.86         5226.35  
    0.344       395.33          1820.67        2697.53         3552.43         5184.75  
    0.350       379.12          1860.43        2765.92         3524.96         5111.56  
    0.356       353.58          1893.03        2831.40         3485.68         5120.45  
    0.363       333.04          1863.96        2830.79         3459.63         5161.39  
    0.369       317.19          1896.57        2861.51         3477.55         5240.20  
    0.375       294.66          2125.45        3080.93         3438.14         5192.24  
    0.381       277.85          2286.06        3238.32         4134.90         5052.99  
    0.388       274.39          2357.46        3306.08         4141.55         4963.33  
    0.394       270.43          2344.55        3294.59         3702.63         4997.06  
    0.400       267.47          2300.89        3258.33         4103.75         5193.79  
    0.406       265.65          2256.58        3241.93         4359.90         5056.54  
    0.413       266.51          2294.75        3213.43         4304.72         4934.49  
    0.419       269.90          2387.16        3192.95         4342.13         4984.31  
    0.425       274.48          2439.37        3155.69         4322.25         5130.92  
    0.431       278.34          2376.44        3119.77         4247.94         5168.88  
    0.438       283.13          2236.16        3091.83         4246.93         5067.60  
    0.444       92.58          907.01        2732.42         3410.65         4569.78  
    0.450       0          299.55        2576.37         3239.01         4358.78  
    0.456       0          305.68        2631.24         3380.63         4357.23  
    0.463       0          306.63        2609.86         3450.68         4380.31  
    0.469       0          315.78        2602.55         3403.27         4448.21  
    0.475       0          334.57        2689.07         3296.24         4398.18  
    0.481       236.29          1270.67        2884.51         3974.43         5129.96  
    0.488       113.74          792.34        2742.76         3473.19         4822.24  
    0.494       0          344.53        2542.03         3055.72         4564.03  
    0.500       0          342.20        2592.18         3015.51         4526.56  
    0.506       0          343.22        2827.82         2993.72         4553.12  
    0.513       0          344.33        2858.93         3081.70         4600.28  
    0.519       0          354.07        2824.30         3107.45         4650.87  
    0.525       0          372.53        2823.92         3115.11         4679.03  
    0.531       0          342.27        2840.56         3021.33         4744.98  
    0.537       196.30          1824.03        2973.43         4111.60         5264.38  
    0.544       301.88          2636.50        3040.01         4664.70         5500.00  
    0.550       99.83          1097.71        2862.25         3615.75         5027.50  
    0.556       0          319.56        2802.26         3053.93         4947.66  
    0.562       208.99          1804.72        2838.87         4141.07         5222.82  
    0.569       328.31          2698.76        2893.01         4110.95         5147.60  
    