0.025       0          1360.21        2214.75         3292.09         4565.11  
    0.031       0          1174.76        2349.26         3493.76         4753.97  
    0.038       0          1249.50        2401.99         3595.08         4638.75  
    0.044       0          1361.73        2340.20         3622.05         4681.41  
    0.050       450.22          1656.07        2718.33         3862.11         4718.51  
    0.056       127.29          1404.21        2280.58         3494.32         4296.65  
    0.062       0          1355.23        2344.70         3653.40         4203.75  
    0.069       0          301.45        1669.08         3089.32         4085.25  
    0.075       0          1058.34        2228.02         3450.80         4384.55  
    0.081       0          1386.47        2352.74         3674.82         4794.57  
    0.088       497.66          1569.25        2455.90         3893.38         5045.23  
    0.094       140.70          1226.03        2428.62         3611.55         4475.74  
    0.100       0          1333.90        2394.80         3342.66         4366.63  
    0.106       0          1489.85        2599.67         3320.10         4349.19  
    0.113       0          1373.16        2826.85         3546.83         4573.35  
    0.119       0          1242.64        2975.05         3631.49         4626.95  
    0.125       0          268.28        1622.73         3030.35         3809.06  
    0.131       0          1182.24        2376.23         3579.03         5015.54  
    0.138       0          334.25        1737.60         3108.06         4190.36  
    0.144       0          1050.79        2246.40         3504.42         3919.04  
    0.150       0          966.98        2052.81         3499.50         4059.19  
    0.156       552.03          1473.76        2648.23         3908.29         5189.81  
    0.163       156.07          363.12        1808.15         3049.71         4211.14  
    0.169       0          756.00        2269.64         3040.79         4034.99  
    0.175       0          941.94        2493.10         3092.09         4063.80  
    0.181       144.16          1672.47        2849.59         3860.44         5181.93  
    0.188       392.64          1938.45        2977.35         3847.93         5500.00  
    0.194       611.31          1920.23        2942.82         3751.97         5176.23  
    0.200       667.45          1857.09        2955.02         3772.45         5085.26  
    0.206       515.92          1796.21        3034.39         3703.88         5057.01  
    0.213       681.45          1815.31        3043.05         3604.15         4888.11  
    0.219       443.82          1775.01        2948.47         3549.37         4852.58  
    0.225       79.33          388.15        1991.34         2970.69         3890.99  
    0.231       0          1329.26        2231.41         3192.43         3719.30  
    0.238       0          1743.30        1999.49         3281.13         3876.37  
    0.244       131.42          1752.63        2542.17         3352.01         4372.17  
    0.250       37.15          1705.98        2445.78         3327.17         4563.78  
    0.256       0          373.13        2000.26         3222.48         3720.88  
    0.263       0          1364.25        1802.76         3121.33         4086.73  
    0.269       931.91          1818.46        2813.69         3773.54         4394.25  
    0.275       977.73          1744.04        2805.73         3748.57         4658.91  
    0.281       875.38          1631.92        2640.70         3633.25         4729.61  
    0.288       814.35          1666.85        2694.98         3629.47         4750.78  
    0.294       176.40          1581.92        2490.36         3737.40         4429.52  
    0.300       1029.71          1491.20        2371.12         3697.46         4621.04  
    0.306       1164.39          1552.60        2530.38         3632.95         4846.14  
    0.312       246.89          1526.19        2244.14         3233.45         4148.24  
    0.319       0          1492.41        2130.42         3188.79         4041.26  
    0.325       0          1517.60        2078.98         3206.05         3951.24  
    0.331       0          1495.32        2233.28         3588.17         3905.94  
    0.338       0          1429.14        2281.77         3425.42         4006.06  
    0.344       0          1419.63        2260.49         3209.75         4110.77  
    0.350       0          1412.17        2131.13         3196.13         4241.21  
    0.356       0          1339.92        2036.08         3158.84         4289.13  
    0.363       748.83          1352.67        2414.94         3665.82         4693.63  
    0.369       485.18          1309.87        2491.49         3762.97         4812.34  
    0.375       807.26          1505.67        2681.76         3888.81         5039.46  
    0.381       206.37          1168.74        2457.05         3439.78         4450.02  
    0.388       0          1202.58        2301.03         3331.32         4369.07  
    0.394       0          1261.38        2337.37         3372.42         4257.34  
    0.400       0          1170.02        2380.57         3693.36         4743.63  
    0.406       800.66          1147.24        2303.76         3606.34         4832.71  
    0.413       226.36          1231.36        2343.68         3555.84         4846.64  
    0.419       0          1274.18        2409.19         3672.94         4909.11  
    0.425       0          1192.97        2180.52         3435.95         4397.85  
    0.431       0          1154.56        2114.39         3387.89         4236.55  
    0.438       413.92          1514.77        2741.50         3782.56         4889.63  
    0.444       843.81          1492.80        2830.76         3750.01         5096.04  
    0.450       205.48          1509.20        2331.23         3349.95         4661.41  
    0.456       0          335.86        1717.86         2932.92         4065.49  
    0.463       584.12          1224.71        2629.61         3632.95         4870.93  
    0.469       730.63          1609.23        2868.21         3886.73         5037.27  
    0.475       159.88          1635.90        2200.34         3169.85         4168.44  
    0.481       0          1080.76        2082.82         3235.78         4245.71  
    0.488       0          740.59        1945.35         3230.38         4260.80  
    0.494       283.51          1452.79        2819.13         3898.35         5222.26  
    0.500       631.93          1514.19        2905.97         4134.09         5500.00  
    0.506       156.00          1164.76        2327.87         3447.76         4539.95  
    0.513       0          1174.20        2134.13         3275.24         4385.98  
    0.519       0          1255.03        2107.31         3152.60         4533.79  
    0.525       0          1170.57        2169.73         3227.48         4419.69  
    0.531       0          1325.12        2047.92         3217.94         4315.57  
    0.537       0          1370.81        2228.99         3311.62         4314.90  
    0.544       0          1296.99        2155.29         3228.39         4263.78  
    0.550       607.38          1903.88        2531.40         3932.10         5224.04  
    0.556       669.27          1864.43        2675.30         3877.12         4977.43  
    0.562       140.67          1404.51        2216.80         3475.04         4325.45  
    0.569       0          906.41        1955.69         3558.27         4169.01  
    0.575       0          866.15        2273.94         3701.87         4132.45  
    0.581       0          919.21        2492.33         3799.06         4422.68  
    0.588       0          204.70        963.82         2887.04         3923.83  
    0.594       331.88          643.92        2252.59         3482.34         4383.37  
    0.600       439.04          892.82        2676.07         3678.61         4434.57  
    0.606       467.18          925.43        2619.82         3642.96         4314.12  
    0.613       497.95          938.55        2597.07         3601.02         4179.94  
    0.619       492.05          1004.61        2551.47         3589.86         4155.96  
    0.625       481.15          1055.57        2503.17         3621.18         4320.14  
    0.631       473.41          1113.60        2442.80         3639.56         4450.47  
    0.638       468.22          1176.92        2413.09         3621.77         4447.69  
    0.644       463.77          1248.93        2386.74         3634.47         4376.28  
    0.650       456.71          1315.55        2367.90         3654.27         4259.46  
    0.656       448.49          1396.56        2350.45         3685.95         4291.19  
    0.663       435.17          1494.44        2322.61         3665.63         4354.07  
    0.669       419.10          1632.62        2325.62         3563.98         4336.56  
    0.675       401.81          1806.65        2360.49         3500.02         4311.33  
    0.681       385.50          1938.87        2451.37         3544.67         4140.18  
    0.688       370.74          2007.64        2543.51         3559.24         4150.85  
    0.694       357.71          2059.02        2620.36         3544.14         4181.31  
    0.700       345.16          2086.51        2700.72         3509.06         4184.89  
    0.706       333.62          2099.65        2776.71         3524.73         4223.53  
    0.713       322.99          2123.93        2840.39         3540.72         4185.66  
    0.719       312.27          2138.17        2895.20         3567.94         4163.61  
    0.725       307.27          2153.00        2956.49         3618.10         4079.13  
    0.731       300.17          2180.50        3028.60         3807.48         4086.06  
    0.738       293.05          2207.77        3092.17         3865.45         4020.16  
    0.744       290.16          2219.56        3105.67         3798.28         3973.02  
    0.750       287.60          2266.83        3116.26         3743.50         4109.22  
    0.756       291.48          2269.91        3142.28         3895.13         3996.05  
    0.763       287.82          2349.60        3141.86         3985.49         4133.06  
    0.769       63.13          750.28        2602.72         3335.31         3992.59  
    0.775       0          293.94        2455.64         3177.85         3843.23  
    0.781       224.39          1944.78        3103.14         3656.71         5128.90  
    0.788       287.81          2355.54        3196.87         3724.48         5078.91  
    0.794       280.44          2357.74        3038.98         3660.58         4746.26  
    0.800       217.28          2574.75        3055.55         3624.92         5320.56  
    0.806       44.08          1472.90        2815.17         3458.29         4292.31  
    0.812       0          1263.28        2410.84         3053.79         4013.11  
    0.819       0          285.84        1674.22         2819.93         3796.87  
    0.825       0          0        1528.54         2827.70         3667.69  
    0.831       0          1036.81        2463.89         3154.10         3962.51  
    0.838       0          293.13        1886.86         3038.25         3980.44  
    0.844       266.10          1513.41        2707.49         3634.38         4587.78  
    0.850       75.23          427.87        2178.97         3296.61         4041.85  
    0.856       0          769.18        1860.45         3087.07         3930.55  
    0.863       0          1427.75        2176.23         3219.25         4078.55  
    0.869       0          1132.52        2214.33         3159.91         4297.95  
    0.875       429.06          1472.16        2707.72         3558.61         4809.63  
    0.881       322.51          1621.64        2827.48         3736.32         4899.32  
    0.888       56.88          358.66        1723.93         2951.04         3972.81  
    0.894       0          0        1573.72         2843.10         3688.69  
    0.900       0          0        1722.64         3166.81         3554.31  
    0.906       0          0        1597.04         3140.80         3860.55  
    0.913       341.99          1316.72        2738.01         3580.73         4697.73  
    0.919       96.69          1295.57        2717.41         3519.07         5369.31  
    0.925       0          261.04        1690.86         3265.32         4303.01  
    0.931       0          829.32        1923.18         3159.29         4302.27  
    0.938       0          1117.75        1999.61         3167.61         4363.25  
    0.944       328.07          1772.06        2885.77         3953.15         5247.30  
    0.950       92.75          875.44        2350.81         3407.34         4594.12  
    0.956       0          687.07        2159.12         3216.51         4327.21  
    0.963       0          158.68        2008.26         3085.21         4271.11  
    0.969       0          0        1843.92         2977.66         4271.25  
    0.975       92.36          1379.13        2680.97         3755.58         4580.78  
    0.981       26.11          1259.08        2197.88         3590.02         4459.57  
    0.988       0          245.73        1639.72         2907.39         3759.45  
    0.994       0          0        1383.73         2560.88         3580.21  
    1.000       0          838.20        2003.65         3168.23         4313.88  
    1.006       0          1212.37        2008.15         3218.61         4602.28  
    1.012       0          275.77        1798.26         2997.00         4017.72  
    1.019       0          1002.45        1917.25         3404.22         4646.68  
    1.025       261.94          1637.90        2539.49         3708.78         4959.48  
    1.031       74.06          382.94        1937.44         2925.95         3987.05  
    1.038       0          0        1779.87         2756.01         3696.17  
    1.044       237.88          1354.51        2578.42         3427.01         4785.07  
    1.050       508.57          1742.65        3043.36         3546.93         4973.91  
    1.056       623.99          1839.42        3087.91         3652.85         4891.95  
    1.062       672.21          1714.92        2992.36         3866.04         4833.23  
    1.069       646.05          1606.45        3011.29         3827.70         4930.13  
    1.075       140.20          1322.04        2487.09         3788.27         4517.77  
    1.081       0          274.82        1586.89         2850.08         4033.91  
    1.088       0          875.41        2139.22         3329.90         4646.61  
    1.094       0          1123.58        2290.22         3382.39         4649.61  
    1.100       0          247.69        500.73         2124.91         3443.08  
    1.106       0          0        1231.03         2700.16         3781.76  
    1.113       458.28          1273.12        2562.86         3693.16         4674.03  
    1.119       479.88          1596.78        2682.44         3839.13         4902.27  
    1.125       316.60          1510.05        2718.14         3836.30         4925.00  
    1.131       61.51          328.06        1705.26         2884.94         4043.91  
    1.137       0          1193.86        2393.70         3708.32         5123.91  
    1.144       253.56          1618.65        2917.24         4150.57         5500.00  
    1.150       71.69          1357.59        2247.06         3343.23         4547.13  
    1.156       0          1133.82        2266.12         3121.04         4283.58  
    1.163       0          1130.30        2287.17         3351.06         4382.22  
    1.169       638.67          1615.08        2288.23         3563.26         4728.94  
    1.175       180.57          1085.16        1843.50         3429.02         4602.10  
    