0.025       0          1296.03        1983.46         3462.66         4821.10  
    0.031       0          893.50        1927.43         3614.77         4694.90  
    0.038       1045.86          1745.50        2756.30         3890.97         4772.39  
    0.044       98.05          1401.64        2923.69         3572.57         4465.70  
    0.050       344.47          1313.17        2929.82         3943.61         5003.96  
    0.056       842.83          1454.38        2840.01         3909.35         5093.93  
    0.062       574.08          1650.51        2852.55         3764.09         5465.49  
    0.069       46.70          1314.78        2200.10         3394.05         4446.67  
    0.075       665.77          1774.32        3215.02         3714.78         4769.36  
    0.081       62.42          1530.58        2795.14         3267.27         4547.82  
    0.088       0          1316.26        2054.87         3465.43         4517.04  
    0.094       861.67          1847.19        3131.76         4418.06         5415.70  
    0.100       80.78          1044.94        2335.96         3037.35         4231.39  
    0.106       623.94          1708.08        2849.16         3783.10         5238.02  
    0.113       690.45          1696.62        3028.54         4045.03         5085.40  
    0.119       690.09          1605.86        2956.95         4138.30         5269.38  
    0.125       646.32          1860.28        3196.05         4196.22         5481.91  
    0.131       668.35          1780.77        2807.66         3967.51         5164.46  
    0.138       608.46          1750.62        2883.75         4035.91         5468.54  
    0.144       51.65          1515.40        1637.60         3267.56         4232.43  
    0.150       0          881.27        1844.66         3322.19         4204.95  
    0.156       634.73          1790.81        3337.43         3609.01         4816.07  
    0.163       563.74          1736.60        3092.38         3808.11         4841.68  
    0.169       47.27          1186.66        2376.16         3461.62         4796.01  
    0.175       0          1030.28        2274.47         3422.64         4616.87  
    0.181       851.20          1991.30        2254.32         3556.31         5076.15  
    0.188       722.53          1809.24        2725.49         3795.48         5467.49  
    0.194       589.24          1748.30        2897.45         3933.65         5500.00  
    0.200       804.94          1843.29        3038.92         3940.77         5372.31  
    0.206       656.50          1760.75        3073.90         3981.10         5488.03  
    0.213       621.43          1767.45        3003.31         4240.01         5058.15  
    0.219       849.15          1763.65        2955.47         3875.76         4878.57  
    0.225       851.12          1647.97        2811.06         3731.54         4942.82  
    0.231       716.82          1670.82        2698.53         3856.95         5016.35  
    0.238       699.77          1709.69        2877.75         3955.08         4969.08  
    0.244       59.94          1305.10        2421.59         3311.38         4447.16  
    0.250       0          1166.75        2376.91         3712.51         4648.36  
    0.256       883.08          1970.57        2231.77         3676.50         4794.28  
    0.263       82.79          1391.82        2138.62         3448.08         4283.33  
    0.269       0          1187.78        2043.51         3351.17         4228.32  
    0.275       744.11          1680.01        3250.63         3898.18         4861.60  
    0.281       683.69          1930.89        2657.13         3659.43         4918.89  
    0.288       57.56          1406.37        2548.83         3618.65         5052.57  
    0.294       0          1297.97        2389.78         3471.13         4172.69  
    0.300       0          1224.14        2368.80         3421.65         4138.04  
    0.306       0          104.38        1391.08         2583.37         3713.96  
    0.312       847.91          1500.08        2679.71         3648.42         4729.84  
    0.319       833.06          1759.84        2945.87         3961.80         4921.42  
    0.325       881.62          1917.77        3187.00         4323.43         5451.15  
    0.331       76.03          1271.21        2375.26         3484.38         4620.33  
    0.338       683.91          1988.07        2877.05         3710.51         4776.71  
    0.344       759.48          1872.28        3172.76         4141.70         4715.52  
    0.350       844.59          1604.99        3002.37         4197.97         4708.73  
    0.356       955.06          1317.69        2739.81         3928.78         4936.97  
    0.363       911.88          1783.49        2917.47         3678.13         4795.87  
    0.369       885.91          1682.94        2665.12         3595.67         4760.12  
    0.375       786.28          2049.13        2620.28         3610.78         4857.90  
    0.381       66.61          1079.61        2516.46         3137.48         4400.53  
    0.388       0          84.46        1513.73         2614.91         3873.31  
    0.394       0          1261.72        2476.88         3622.17         4765.57  
    0.400       996.25          1810.42        2789.69         3864.22         4758.90  
    0.406       93.40          1275.07        2333.33         3348.67         4509.02  
    0.413       588.33          1823.20        2604.26         3761.96         4837.14  
    0.419       756.13          1755.26        2750.16         3799.62         4909.48  
    0.425       655.33          1677.81        2818.15         3731.92         4907.16  
    0.431       657.85          1595.57        2842.50         3799.37         4819.93  
    0.438       779.81          1956.14        2874.72         3751.32         4781.01  
    0.444       723.15          1872.71        3075.48         4133.02         5438.12  
    0.450       61.44          1230.43        2033.12         3341.74         4409.35  
    0.456       0          1324.71        2338.44         3202.35         4058.69  
    0.463       677.24          2064.95        2977.10         4073.47         5374.46  
    0.469       63.49          913.37        2202.98         3474.03         4453.35  
    0.475       0          1135.28        2311.92         3506.00         4689.53  
    0.481       0          1285.01        2364.55         3382.98         4534.60  
    0.488       0          1288.63        1970.96         3302.52         4393.19  
    0.494       0          1387.19        1870.26         3347.81         4292.26  
    0.500       0          1084.16        1872.95         3297.29         4286.68  
    0.506       0          846.12        1800.02         3158.90         4416.15  
    0.513       706.98          1610.09        2755.03         3983.27         4859.56  
    0.519       66.28          144.30        1512.77         2604.52         3954.00  
    0.525       0          1183.08        2348.80         3362.89         4542.71  
    0.531       0          1221.38        2564.58         3536.77         4510.55  
    0.537       1140.38          1437.62        2753.74         3623.17         4840.17  
    0.544       106.91          1133.92        2519.83         3660.60         5446.16  
    0.550       662.45          1719.92        2796.42         3800.22         5500.00  
    0.556       62.10          1398.18        2471.87         3727.81         4890.79  
    0.562       544.92          1589.35        2852.31         3455.17         4677.46  
    0.569       51.09          1079.55        2088.98         3419.80         4433.64  
    0.575       0          965.52        2135.65         3422.43         4391.09  
    0.581       668.61          1937.16        3116.10         4086.40         5404.78  
    0.588       62.68          1398.28        2612.33         3652.33         4228.51  
    0.594       631.26          1647.72        2852.71         3837.20         4813.68  
    0.600       697.78          1694.32        2838.43         3770.94         5012.51  
    0.606       59.87          145.37        1522.45         2658.84         3824.04  
    0.613       0          1154.35        2276.56         3283.70         4196.38  
    0.619       0          810.38        1783.10         3242.61         4269.44  
    0.625       0          969.50        1788.35         3403.15         4280.71  
    0.631       0          900.75        2027.00         3255.28         4347.09  
    0.638       0          1269.60        2318.86         3280.86         4508.87  
    0.644       0          111.85        1425.47         2516.63         3716.55  
    0.650       794.11          1226.36        2390.81         3522.32         4731.92  
    0.656       700.71          1736.87        2895.27         3878.43         4984.42  
    0.663       720.07          1716.10        2955.85         3879.98         4864.40  
    0.669       62.00          146.63        1658.17         2944.59         3491.98  
    0.675       409.91          1360.76        2813.34         3788.43         4873.83  
    0.681       559.37          1397.97        2893.82         3982.28         5458.46  
    0.688       237.80          1433.75        2870.96         3845.66         5057.27  
    0.694       17.72          1293.83        2480.39         3480.03         4469.29  
    0.700       469.17          1436.63        3044.46         4011.03         5147.05  
    0.706       492.70          1497.60        2688.58         3735.57         5135.56  
    0.713       42.07          1436.86        2329.88         3695.94         4885.71  
    0.719       0          122.64        1377.27         2603.37         3919.46  
    0.725       524.27          1461.65        2638.74         3722.19         4900.13  
    0.731       672.63          1686.67        2768.96         3796.48         4879.68  
    0.738       731.95          1695.43        2944.06         3847.32         4792.03  
    0.744       792.30          1732.66        3096.22         4069.97         5438.70  
    0.750       781.96          1844.94        2869.69         3900.53         4939.26  
    0.756       887.29          2219.10        2423.22         3712.60         4739.71  
    0.763       76.91          1081.07        2189.87         3642.34         4760.67  
    0.769       0          1001.97        2068.30         3656.82         4629.15  
    0.775       0          86.13        1060.76         2522.16         3788.20  
    0.781       0          0        1010.53         2566.24         3720.98  
    0.788       0          0        1011.12         2673.22         3777.88  
    0.794       0          0        1007.56         2640.04         3818.42  
    0.800       293.58          929.25        2541.58         3704.88         4555.49  
    0.806       402.93          1059.81        2709.87         3788.79         4652.49  
    0.812       424.13          1083.97        2704.22         3794.85         4581.86  
    0.819       435.71          1111.83        2734.75         3793.44         4571.50  
    0.825       431.75          1141.79        2783.44         3803.89         4553.97  
    0.831       432.04          1181.73        2706.10         3781.33         4558.32  
    0.838       430.57          1236.32        2631.02         3742.68         4560.46  
    0.844       428.75          1292.42        2612.91         3724.49         4536.49  
    0.850       424.05          1364.74        2658.02         3713.18         4489.72  
    0.856       417.60          1419.34        2692.84         3682.06         4585.31  
    0.863       412.10          1502.61        2640.72         3664.73         4633.40  
    0.869       400.31          1586.53        2629.96         3651.09         4653.04  
    0.875       391.57          1679.13        2616.39         3613.27         4535.77  
    0.881       378.23          1898.25        2600.92         3586.87         4465.84  
    0.888       361.49          2033.78        2618.92         3575.91         4454.39  
    0.894       351.90          2128.17        2631.91         3571.76         4553.26  
    0.900       346.21          2199.01        2660.78         3589.42         4614.59  
    0.906       330.11          2224.73        2732.64         3601.95         4647.07  
    0.913       320.96          2250.87        2775.34         3585.13         4590.07  
    0.919       309.65          2277.45        2802.67         3587.90         4544.66  
    0.925       304.06          2303.74        2855.69         3581.50         4652.68  
    0.931       298.41          2361.02        2940.70         3612.31         5135.16  
    0.938       285.62          2381.43        2910.50         3671.17         4779.78  
    0.944       273.09          2318.07        2908.18         3553.54         4581.14  
    0.950       248.79          2283.01        2798.25         3587.20         4596.43  
    0.956       206.35          2443.34        2990.04         3520.43         4581.84  
    0.963       17.36          210.74        257.91         2578.31         3516.85  
    0.969       143.25          2232.17        2813.95         3314.90         4310.01  
    0.975       13.43          209.27        263.81         2526.17         3490.14  
    0.981       0          139.75        2266.51         3328.09         4472.38  
    0.988       0          13.10        1830.69         2606.08         3606.06  
    0.994       0          1289.63        2477.75         3460.81         4758.00  
    1.000       0          120.90        1872.66         2807.89         3635.25  
    1.006       0          976.41        2188.84         3501.48         4191.73  
    1.012       0          1088.52        2360.12         3434.07         4383.53  
    1.019       0          93.47        1766.28         2800.79         3808.60  
    1.025       529.00          1587.53        2659.79         3753.07         4853.19  
    1.031       827.76          2112.47        3379.72         4209.70         4662.31  
    1.038       72.95          853.43        2186.09         3353.35         4506.49  
    1.044       481.72          1883.84        3141.28         4391.19         5413.81  
    1.050       506.58          1910.21        3101.98         4296.96         4790.24  
    1.056       410.10          1888.88        3122.06         4532.14         5433.46  
    1.062       34.39          1220.20        2236.26         3352.08         4605.66  
    1.069       580.41          1624.55        2968.30         4280.40         5416.16  
    1.075       566.55          1769.22        2999.56         4269.21         4877.16  
    1.081       48.01          1605.55        2585.38         3458.90         4507.45  
    1.088       543.79          1173.80        2490.70         3627.89         4831.92  
    1.094       1108.55          1232.43        2579.96         3782.97         4996.75  
    1.100       99.15          1513.34        2480.26         3751.51         4137.08  
    1.106       0          1447.77        2316.20         3634.06         4031.67  
    1.113       0          1313.15        2360.85         3535.81         4281.99  
    1.119       0          1174.96        2124.58         3506.28         4106.89  
    1.125       396.96          1488.61        2581.94         3798.82         4825.94  
    1.131       37.21          1339.89        2465.47         3333.47         4445.78  
    1.137       0          1329.78        2185.02         3303.24         4355.62  
    