0.025       811.13          1714.09        2608.12         3757.47         4847.41  
    0.031       365.41          1629.78        2634.22         3732.49         4835.48  
    0.038       15.56          665.43        2041.97         3220.74         4060.52  
    0.044       0          759.20        2061.95         3152.38         4039.23  
    0.050       0          1288.51        2318.59         3393.24         4465.43  
    0.056       0          537.36        1678.15         3128.66         3884.82  
    0.062       447.71          934.55        2285.87         3713.76         4626.79  
    0.069       711.34          1727.67        2958.52         4197.70         5500.00  
    0.075       693.27          1873.58        2840.89         4117.69         5500.00  
    0.081       753.21          2040.00        2547.77         4079.44         5500.00  
    0.088       756.79          1974.97        2470.14         4001.77         5234.79  
    0.094       313.81          903.03        2191.87         3455.37         4612.02  
    0.100       0          82.36        1821.57         2936.80         4150.22  
    0.106       0          794.33        2061.61         3180.39         4223.91  
    0.113       0          585.89        1887.49         3020.20         3974.04  
    0.119       0          0        1368.83         2480.51         3694.52  
    0.125       392.11          1176.73        2204.20         3260.54         4440.53  
    0.131       289.22          1415.28        2404.31         3489.35         4641.13  
    0.138       0          403.71        1655.04         2886.95         3992.23  
    0.144       436.22          783.66        2151.87         3334.38         4424.69  
    0.150       321.75          1341.01        2525.42         3637.12         4711.27  
    0.156       0          1364.29        2368.26         3410.32         4399.77  
    0.163       0          1319.55        2341.78         3325.31         4406.04  
    0.169       0          1052.37        2150.95         3296.27         4590.75  
    0.175       346.58          1482.84        2663.22         3887.59         5148.25  
    0.181       663.48          1876.37        3083.90         4291.68         5500.00  
    0.188       764.47          1921.21        2897.41         3938.99         5073.76  
    0.194       739.25          1876.71        2789.33         3832.07         4844.37  
    0.200       586.31          1789.87        2654.43         3885.78         4850.61  
    0.206       517.94          1728.85        2644.95         3781.26         4775.79  
    0.213       222.47          1558.44        2633.27         3671.92         4768.12  
    0.219       0          1310.24        2601.02         3617.17         4716.81  
    0.225       339.24          1302.98        2764.48         3641.77         4810.51  
    0.231       250.22          585.53        2023.62         3165.72         4178.48  
    0.238       333.83          1008.75        2512.37         3531.85         4708.65  
    0.244       604.59          1807.42        3246.63         4288.49         5500.00  
    0.250       737.57          1832.40        3066.41         4208.01         5282.73  
    0.256       785.29          1839.65        2974.34         3987.37         5037.85  
    0.263       321.75          1392.76        2495.82         3679.57         5018.55  
    0.269       0          1112.67        2162.18         3371.52         4740.07  
    0.275       0          1174.60        2153.81         3345.90         4469.96  
    0.281       0          1242.35        2205.86         3445.03         4365.39  
    0.288       254.98          1425.00        2469.11         3727.33         4692.69  
    0.294       439.94          1558.34        2791.04         3831.08         4917.68  
    0.300       591.52          1558.55        2791.51         3810.84         4835.76  
    0.306       299.27          1117.92        2501.77         3734.79         4663.27  
    0.312       0          780.10        2302.20         3300.58         4327.93  
    0.319       440.26          1201.42        2469.18         3454.60         4930.49  
    0.325       769.68          1553.15        2645.33         3733.30         5149.72  
    0.331       782.00          1499.03        2644.89         3618.09         4847.26  
    0.338       334.72          612.94        1594.70         3048.85         4123.49  
    0.344       272.00          455.34        1856.65         3215.32         4330.13  
    0.350       497.26          845.40        2623.15         3629.85         4830.67  
    0.356       535.95          925.73        2643.82         3609.41         4862.33  
    0.363       533.09          930.69        2638.88         3488.30         4833.27  
    0.369       500.90          923.26        2601.44         3415.97         4775.75  
    0.375       478.83          947.64        2535.66         3408.63         4763.89  
    0.381       468.78          976.26        2496.62         3401.67         4803.39  
    0.388       465.17          1032.63        2488.96         3408.18         4934.02  
    0.394       453.53          1119.73        2477.20         3436.13         5004.39  
    0.400       437.04          1193.58        2449.20         3452.68         4926.79  
    0.406       425.56          1285.37        2418.53         3477.81         4812.96  
    0.413       413.07          1373.74        2419.75         3500.97         4796.94  
    0.419       396.68          1456.97        2398.50         3486.48         4692.57  
    0.425       385.14          1597.16        2353.77         3488.33         4648.44  
    0.431       374.18          1801.12        2333.11         3515.60         4658.28  
    0.438       361.67          1963.94        2373.99         3556.78         5134.86  
    0.444       350.28          2054.73        2453.88         3595.71         5500.00  
    0.450       339.86          2122.68        2542.89         3605.62         5154.52  
    0.456       331.88          2151.65        2644.63         3607.64         4811.76  
    0.463       323.74          2174.64        2728.59         3623.56         4690.49  
    0.469       315.31          2213.05        2769.52         3636.06         4636.71  
    0.475       309.53          2232.19        2875.97         3643.94         4858.67  
    0.481       302.70          2214.65        2959.78         3643.99         4815.42  
    0.488       290.70          2171.56        2895.48         3643.59         4601.69  
    0.494       279.85          2165.39        2912.51         3678.37         4674.38  
    0.500       272.05          2174.66        2925.02         3681.79         4863.64  
    0.506       269.61          2118.47        2911.08         3649.88         4907.75  
    0.513       272.18          1999.28        3117.41         3755.64         4932.30  
    0.519       266.13          1974.09        3250.96         3795.57         5274.42  
    0.525       258.27          2029.10        3119.90         3742.53         5500.00  
    0.531       255.36          2030.97        2797.01         3755.32         5145.20  
    0.537       255.26          2142.35        2449.85         3732.31         4751.87  
    0.544       243.98          2035.26        2910.26         3683.49         5141.21  
    0.550       212.98          1842.67        3328.89         3674.17         5500.00  
    0.556       83.44          768.21        2386.83         3321.07         4562.33  
    0.562       0          0        1647.94         2983.25         3872.75  
    0.569       0          425.42        1793.84         3148.14         4024.22  
    0.575       0          313.78        1676.98         3103.23         3845.61  
    0.581       312.49          872.81        2345.91         3495.18         4423.48  
    0.588       230.49          1090.51        2562.70         3515.20         4468.88  
    0.594       0          1159.61        2288.19         3322.90         4279.36  
    0.600       182.99          1669.45        2496.28         3539.85         4714.38  
    0.606       538.20          1750.28        2718.43         3828.04         5025.31  
    0.613       700.63          1580.54        2850.03         4023.72         5123.34  
    0.619       662.83          1569.67        2792.65         3994.27         4982.23  
    0.625       757.83          1865.89        3031.22         3593.92         4971.48  
    0.631       360.17          1524.73        2725.00         3326.82         4722.80  
    0.638       0          1324.67        2246.23         3298.52         4384.56  
    0.644       0          1461.01        2241.18         3282.35         4375.34  
    0.650       0          1383.99        2235.74         3270.13         4350.08  
    