0.025       0          929.63        2039.24         3265.05         4223.38  
    0.031       0          1088.40        2051.59         2996.99         4175.22  
    0.038       0          1497.81        2096.74         2931.48         4432.55  
    0.044       1046.28          1960.34        2564.31         3228.55         4491.28  
    0.050       1384.84          2121.69        2655.69         3726.17         4440.98  
    0.056       1374.03          2141.38        2710.67         3942.32         4444.18  
    0.062       1353.21          2142.13        2788.89         4048.07         4485.75  
    0.069       1352.05          2099.05        2791.10         4105.66         4492.09  
    0.075       1443.22          2096.15        2570.13         4116.24         4472.49  
    0.081       1396.31          2184.40        2674.09         3838.68         4325.00  
    0.088       1310.22          2147.71        2854.55         3795.84         4273.62  
    0.094       1306.82          2062.19        2864.30         3634.35         4543.01  
    0.100       1323.89          2063.77        2828.80         3585.05         4547.12  
    0.106       1336.84          1974.13        2851.34         3749.15         4353.88  
    0.113       1346.53          1932.07        2890.32         3765.20         4235.86  
    0.119       1321.77          1858.33        2848.05         3584.43         4373.20  
    0.125       1325.61          1953.47        2665.65         3505.09         4453.54  
    0.131       1330.32          2062.41        2582.59         3601.32         4361.89  
    0.138       1317.80          2028.29        2758.04         3662.75         4293.71  
    0.144       343.98          1501.60        2332.84         3152.17         4154.80  
    0.150       0          1325.62        2165.91         2981.09         4149.78  
    0.156       1018.26          2014.04        2528.71         3332.57         4238.73  
    0.163       1420.09          2304.78        2612.03         3162.97         4263.95  
    0.169       375.69          607.99        1704.02         2520.95         3279.56  
    0.175       723.58          879.62        1931.29         2682.16         3822.19  
    0.181       256.75          1232.00        2032.05         2750.04         4113.28  
    0.188       0          1270.40        2012.99         2801.58         4123.23  
    0.194       495.86          1568.23        2239.06         2870.99         4277.64  
    0.200       641.09          1515.10        2425.36         2966.52         4325.96  
    0.206       604.84          1452.24        2345.82         3061.01         4415.44  
    0.213       596.35          1348.02        2184.99         3054.48         4535.89  
    0.219       590.66          1400.11        2058.14         3111.94         4485.99  
    0.225       574.20          1292.64        2019.91         3253.94         4502.17  
    0.231       568.73          1078.23        2104.79         3289.97         4512.55  
    0.238       567.74          971.64        2167.74         3246.57         4433.43  
    0.244       558.02          941.05        2185.56         3265.40         4479.54  
    0.250       548.87          930.02        2197.97         3319.52         4552.29  
    0.256       537.69          903.75        2247.49         3348.20         4563.97  
    0.263       528.18          891.91        2272.37         3344.24         4529.17  
    0.269       527.79          894.92        2397.74         3321.17         4506.83  
    0.275       531.78          899.52        2571.76         3339.24         4537.60  
    0.281       534.38          902.56        2614.67         3362.39         4427.11  
    0.288       536.79          902.47        2624.07         3425.00         4204.48  
    0.294       540.35          901.86        2623.42         3430.80         4232.44  
    0.300       542.35          903.96        2844.72         3408.43         5176.52  
    0.306       542.27          903.78        2879.92         3424.31         4861.24  
    0.312       541.67          903.75        2845.99         3432.80         4499.74  
    0.319       539.90          902.79        2721.82         3392.55         4227.14  
    0.325       538.38          902.36        2635.46         3353.67         4194.12  
    0.331       538.25          901.74        2678.43         3363.75         4206.88  
    0.338       536.34          898.09        2628.44         3365.39         4360.68  
    0.344       534.89          895.40        2563.02         3342.30         4446.16  
    0.350       533.01          897.18        2537.92         3344.43         4466.55  
    0.356       532.88          900.33        2532.11         3341.66         4442.30  
    0.363       532.66          896.94        2554.29         3327.46         4396.71  
    0.369       532.15          893.70        2560.18         3308.24         4393.79  
    0.375       531.62          891.47        2490.86         3265.04         4381.54  
    0.381       530.67          889.75        2319.31         3268.52         4372.34  
    0.388       531.53          891.31        2218.30         3312.27         4354.00  
    0.394       531.56          893.83        2207.42         3339.30         4392.60  
    0.400       528.87          890.17        2415.21         3326.48         4390.98  
    0.406       525.75          888.08        3035.10         3383.79         5207.92  
    0.413       137.49          622.89        1509.99         3314.97         3932.23  
    0.419       0          534.61        923.62         3262.26         3451.98  
    0.425       0          537.89        971.66         2999.00         3662.65  
    0.431       0          532.58        1008.97         2824.23         3618.40  
    0.438       0          527.04        1023.40         2989.66         3480.79  
    0.444       383.52          897.05        1705.18         3121.53         4409.14  
    0.450       136.09          651.89        1284.01         2674.39         3944.01  
    0.456       0          519.15        1094.98         2510.73         3811.07  
    0.463       0          511.24        1141.34         2460.27         4290.80  
    0.469       369.07          1012.95        1678.49         2404.83         4593.49  
    0.475       492.29          1217.99        1989.07         2345.56         4612.12  
    0.481       485.62          1263.58        2229.95         2703.14         4428.86  
    0.488       483.09          1324.01        2233.91         3192.18         4355.09  
    0.494       479.14          1383.66        2196.14         3281.25         4368.06  
    0.500       475.54          1445.94        2186.01         3270.27         4412.00  
    0.506       465.89          1493.60        2195.95         3326.32         4432.84  
    0.513       452.89          1534.43        2203.30         3340.57         4380.95  
    0.519       439.29          1549.89        2258.59         3367.99         4320.03  
    0.525       430.19          1577.22        2404.54         3336.46         4301.00  
    0.531       428.17          1610.62        2480.45         3247.96         4209.21  
    0.537       422.28          1675.20        2519.86         3156.34         4212.97  
    0.544       417.85          1790.54        2605.78         3164.80         4249.34  
    0.550       418.78          1893.46        2712.00         3244.69         4255.46  
    0.556       424.23          1955.21        2666.92         3232.35         4217.49  
    0.562       394.43          1837.10        2388.89         3080.30         4054.89  
    0.569       386.15          1894.77        2379.07         3016.13         4048.68  
    0.575       364.26          1933.50        2378.28         3074.18         4175.93  
    0.581       366.48          1980.30        2468.47         3114.43         4211.94  
    0.588       374.06          2048.38        2607.09         3116.52         4215.42  
    0.594       370.62          2058.20        2245.65         3124.34         4239.08  
    0.600       387.51          1961.37        2142.83         3091.39         4267.02  
    0.606       363.43          1977.85        2162.58         3140.14         4187.57  
    0.613       340.82          2058.66        2265.65         3186.72         4102.26  
    0.619       328.64          2102.33        2530.66         3182.65         4079.90  
    0.625       340.48          2128.88        2508.33         3131.25         4106.77  
    0.631       337.92          2097.96        2667.07         3178.08         4166.00  
    0.638       287.87          2089.53        2649.05         3163.99         4206.00  
    0.644       280.42          2115.84        2964.78         3130.76         3942.75  
    0.650       292.69          2131.05        3100.77         3225.35         3877.45  
    0.656       313.73          2141.86        2937.92         3196.86         3923.08  
    