0.025       0          472.07        2019.28         3320.20         5143.19  
    0.031       321.17          833.85        2853.88         4930.97         5453.07  
    0.038       389.95          894.74        3088.35         5077.22         5500.00  
    0.044       51.69          497.46        1178.01         3266.38         5086.42  
    0.050       384.69          834.68        2597.85         4372.69         5038.25  
    0.056       439.75          918.19        2745.18         3779.96         5001.52  
    0.062       441.43          957.21        2531.53         3685.88         5003.62  
    0.069       450.81          1034.95        2435.73         3627.28         5021.40  
    0.075       459.64          1145.25        2297.46         3469.40         5059.51  
    0.081       459.09          1096.16        2335.30         3466.35         5154.86  
    0.088       457.15          1052.07        2316.93         3469.65         5050.75  
    0.094       454.01          1010.79        2257.97         3552.41         5013.25  
    0.100       448.49          979.66        2367.06         3526.86         4965.89  
    0.106       445.46          967.62        2465.33         3456.77         4990.99  
    0.113       442.17          958.08        2600.00         3472.05         5020.03  
    0.119       438.61          953.22        2819.15         3467.45         5119.39  
    0.125       438.30          963.99        2874.77         3540.93         5138.20  
    0.131       431.99          981.59        2895.29         3835.91         5085.60  
    0.138       427.17          999.81        2813.75         3718.79         5124.29  
    0.144       432.44          1019.52        2756.50         3782.91         5014.64  
    0.150       439.14          1040.24        2738.91         3857.25         4997.81  
    0.156       441.99          1087.77        2740.62         3748.87         4936.51  
    0.163       427.73          1175.21        2778.49         3636.97         4809.11  
    0.169       402.68          1231.14        2850.04         3395.67         4950.24  
    0.175       387.42          1277.05        2755.99         3344.90         4952.23  
    0.181       381.14          1380.97        2725.25         3390.51         4913.35  
    0.188       375.42          1437.96        2778.61         3372.64         4968.59  
    0.194       367.57          1534.60        2706.45         3383.74         5013.18  
    0.200       361.60          1635.80        2644.31         3355.27         4944.71  
    0.206       355.00          1911.16        2551.11         3342.99         4987.12  
    0.213       345.29          2188.76        2527.13         3331.84         4997.03  
    0.219       335.70          2288.80        2553.02         3316.39         4974.57  
    0.225       328.68          2274.77        2610.46         3302.19         4980.40  
    0.231       324.25          2299.00        2641.71         3285.71         4921.79  
    0.238       318.38          2312.82        2744.06         3283.46         4912.84  
    0.244       314.57          2468.23        2854.18         3263.78         4905.44  
    0.250       312.14          2456.67        2975.02         3255.93         4896.03  
    0.256       307.92          2441.65        3107.79         3384.13         4856.15  
    0.263       304.82          2395.80        3085.62         3324.22         4896.33  
    0.269       300.97          2431.03        3154.94         3427.18         4840.34  
    0.275       294.81          2417.05        3161.90         3534.25         4798.69  
    0.281       288.55          2344.55        3152.19         3262.75         4825.00  
    0.288       281.24          2319.29        3151.34         3253.55         4952.31  
    0.294       279.65          2320.47        3066.36         3242.30         5000.68  
    0.300       283.51          2509.13        3177.77         3332.13         4955.92  
    0.306       278.92          2383.64        3143.00         3692.67         4963.40  
    0.312       271.39          2337.32        3139.27         4379.95         5429.72  
    0.319       35.56          546.24        2536.06         3349.07         4733.36  
    0.325       239.48          2264.42        3100.70         4439.78         5383.90  
    0.331       266.15          2522.02        3199.16         4506.56         5500.00  
    0.338       266.29          2473.28        3184.73         4615.23         5271.47  
    0.344       267.42          2343.61        3189.44         4195.96         4803.50  
    0.350       264.71          2303.34        3225.08         3918.30         4744.88  
    0.356       268.84          2188.06        3203.89         4359.27         4711.04  
    0.363       258.79          2185.77        3099.19         3638.27         4971.97  
    0.369       260.34          2273.42        3104.98         3213.11         4869.69  
    0.375       34.30          554.24        2386.21         3213.92         4673.03  
    0.381       245.58          1921.28        3056.47         4505.23         5387.75  
    0.388       281.76          2081.98        3140.87         3859.85         5118.20  
    0.394       267.90          2088.32        3040.68         3940.86         5442.18  
    0.400       34.96          516.61        2436.46         3153.48         4493.21  
    0.406       0          270.43        2373.62         3036.66         4365.79  
    0.413       0          263.24        2419.76         3113.33         4421.57  
    0.419       0          274.62        2518.40         3129.43         4670.68  
    0.425       194.99          1920.48        3012.69         3370.23         4792.32  
    0.431       206.19          2158.20        2825.29         3348.81         4752.47  
    0.438       184.28          2073.65        2795.91         3338.84         4742.15  
    0.444       187.33          1965.98        2782.55         3354.16         4731.12  
    0.450       190.40          1955.74        2689.22         3344.21         4728.61  
    0.456       208.03          1989.58        2783.72         3333.39         4712.88  
    0.463       241.73          1931.61        2765.94         3360.61         4658.28  
    0.469       258.66          1856.92        2773.42         3400.09         4762.51  
    0.475       275.52          1795.02        2815.26         3380.66         4764.78  
    