0.025       722.73          2137.16        3282.06         4176.18         4635.36  
    0.031       600.61          2059.44        3198.07         4210.18         4611.96  
    0.038       223.30          1139.11        2642.33         3712.85         4422.03  
    0.044       0          465.55        2214.55         3207.00         4308.40  
    0.050       239.64          609.42        2647.17         3347.80         4683.46  
    0.056       424.68          762.38        3010.26         3495.86         4994.42  
    0.062       410.83          792.18        2962.64         3470.74         4961.48  
    0.069       417.52          705.65        2895.53         3479.53         5009.74  
    0.075       426.61          675.53        2871.17         3499.23         5100.25  
    0.081       420.43          785.51        2874.24         3594.34         5165.11  
    0.088       430.00          864.52        2875.10         3724.53         5303.26  
    0.094       443.19          882.55        2882.45         3802.18         5262.81  
    0.100       448.29          882.44        2864.18         3825.75         5061.42  
    0.106       506.76          775.91        2898.82         3732.42         4953.80  
    0.113       558.28          624.05        2980.84         3571.15         4895.92  
    0.119       519.72          648.59        2978.90         3592.86         4910.34  
    0.125       456.09          774.00        2926.11         3663.43         5010.84  
    0.131       419.54          847.75        2904.80         3650.46         5078.47  
    0.138       406.66          871.79        2976.97         3579.75         5101.50  
    0.144       404.45          870.93        3048.98         3458.58         5079.83  
    0.150       403.35          878.32        3051.43         3395.34         5303.19  
    0.156       402.93          897.19        3078.45         3370.64         5500.00  
    0.163       404.74          901.72        3159.50         3358.98         5500.00  
    0.169       404.42          852.71        3076.53         3356.23         5500.00  
    0.175       403.73          800.67        2958.00         3340.21         5500.00  
    0.181       406.23          788.83        2915.46         3357.93         5500.00  
    0.188       412.60          796.66        2892.10         3383.67         5500.00  
    0.194       419.51          795.44        2846.33         3382.58         5500.00  
    0.200       427.01          779.93        2759.63         3356.60         5500.00  
    0.206       435.34          801.28        2692.06         3317.38         5500.00  
    0.213       438.34          769.97        2641.40         3291.41         5500.00  
    0.219       432.00          767.29        2592.97         3261.50         5401.04  
    0.225       419.64          903.97        2538.11         3215.80         5088.37  
    0.231       409.45          1079.07        2398.52         3192.74         4881.23  
    0.238       403.31          1198.92        2297.23         3190.47         4875.92  
    0.244       400.69          1247.19        2383.97         3177.31         4823.77  
    0.250       398.65          1217.95        2369.98         3147.53         4714.60  
    0.256       176.29          746.90        2267.23         3124.80         4652.31  
    0.263       0          393.65        2217.88         3128.59         4601.15  
    0.269       0          388.67        2205.97         3141.42         4746.78  
    0.275       0          383.42        2179.93         3147.18         4915.63  
    0.281       0          379.47        2175.87         3114.98         4772.57  
    0.288       0          374.74        2199.19         3067.01         4962.48  
    0.294       207.70          1389.54        2546.71         3028.62         5375.25  
    0.300       165.70          1182.27        2467.02         2986.53         4563.61  
    0.306       0          368.66        2173.20         2930.83         3971.18  
    0.312       0          365.02        2162.18         2899.26         4079.20  
    0.319       0          358.80        2186.59         2923.09         4014.51  
    0.325       0          353.18        2229.03         2994.40         3967.62  
    0.331       192.58          1395.01        2728.95         3598.00         4818.21  
    0.338       342.29          2248.56        3239.13         3940.84         5500.00  
    0.344       150.51          1191.71        2768.18         3429.53         4594.35  
    0.350       183.46          1452.62        2704.49         3574.16         4777.47  
    0.356       328.43          2313.28        3059.15         4033.56         5500.00  
    0.363       327.25          2255.40        3077.16         4098.01         5500.00  
    0.369       327.04          2222.45        3053.19         4054.92         5500.00  
    0.375       323.24          2203.86        3030.89         4002.31         5500.00  
    0.381       142.14          1139.41        2577.40         3461.94         4782.01  
    0.388       0          317.49        2224.59         3022.54         4240.38  
    0.394       0          341.87        2217.47         3027.88         4355.73  
    0.400       0          353.46        2252.99         3069.49         4413.55  
    0.406       0          357.24        2270.26         3100.56         4363.98  
    0.413       188.20          1345.57        2699.20         3721.31         4982.37  
    0.419       150.15          1128.75        2567.57         3650.47         4883.71  
    0.425       178.53          1312.11        2837.22         3900.11         4565.21  
    0.431       142.43          1118.44        2705.65         3764.73         4392.25  
    0.438       172.27          1339.39        2656.32         3662.72         4898.27  
    0.444       269.24          2107.40        3092.44         3886.99         5500.00  
    0.450       260.19          2072.56        3036.98         3673.12         5500.00  
    0.456       326.87          2001.67        2832.05         3543.89         5500.00  
    0.463       381.49          1898.06        2799.00         3498.99         5480.92  
    0.469       386.78          1810.07        2738.42         3508.25         5333.13  
    0.475       376.70          1783.48        2633.43         3528.35         5219.22  
    0.481       378.22          1822.87        2721.59         3532.03         5313.03  
    0.488       378.71          1890.67        2810.50         3511.71         5198.30  
    0.494       361.26          1930.91        2792.50         3529.71         5010.45  
    