0.025       383.61          1590.76        3076.21         3996.43         5500.00  
    0.031       117.69          488.05        1277.86         3201.41         4379.13  
    0.038       0          0        458.40         2872.00         3996.43  
    0.044       0          0        468.94         2911.26         4220.18  
    0.050       271.58          481.56        2167.41         3745.04         5130.91  
    0.056       402.23          704.92        2892.12         3935.83         5140.77  
    0.062       407.41          775.55        2950.39         3843.13         4850.90  
    0.069       447.85          788.27        2867.90         3855.15         4774.26  
    0.075       484.81          789.13        2690.76         3888.20         4681.51  
    0.081       492.44          797.67        2591.80         3917.28         4595.79  
    0.088       491.51          815.04        2564.04         3945.97         4552.29  
    0.094       499.86          843.58        2599.58         3970.02         4555.79  
    0.100       515.39          865.31        2625.07         3902.54         4548.51  
    0.106       532.36          878.14        2618.04         3854.52         4567.20  
    0.113       545.40          880.72        2642.67         3838.34         4608.24  
    0.119       561.34          867.09        2713.35         3802.03         4626.76  
    0.125       562.46          894.58        2778.31         3788.97         4645.32  
    0.131       171.97          700.28        1879.92         3782.66         4550.21  
    0.138       0          618.43        1743.00         3772.79         4627.36  
    0.144       0          623.04        1821.84         3788.18         4672.85  
    0.150       0          617.93        1757.25         3808.90         4697.83  
    0.156       0          638.95        1749.19         3773.39         4614.91  
    0.163       0          199.19        1003.90         2360.95         3993.82  
    0.169       474.39          1057.47        1444.00         3169.80         4475.26  
    0.175       684.22          1441.70        2003.46         3777.00         4780.51  
    0.181       643.10          1475.90        2296.85         3720.23         4765.20  
    0.188       602.31          1604.93        2249.73         3702.22         4771.32  
    0.194       586.49          1574.58        2194.87         3710.20         4819.67  
    0.200       596.65          1531.50        2240.55         3702.43         4838.07  
    0.206       603.19          1498.32        2317.44         3708.47         4802.23  
    0.213       583.67          1485.61        2338.73         3742.49         4821.94  
    0.219       578.05          1484.78        2246.72         3777.37         4855.94  
    0.225       591.34          1412.75        2097.47         3777.97         4852.31  
    0.231       584.69          1352.56        1998.96         3760.90         4816.66  
    0.238       553.29          1470.62        1942.58         3759.35         4721.17  
    0.244       521.60          1621.19        1959.52         3754.71         4677.73  
    0.250       506.77          1218.80        1947.88         3766.35         4596.93  
    0.256       502.33          1524.85        1875.51         3805.80         4619.17  
    0.263       504.97          1754.42        1806.91         3828.14         4664.92  
    0.269       516.00          1558.97        2066.01         3826.59         4799.76  
    0.275       509.68          1240.94        2362.08         3828.98         4779.40  
    0.281       484.57          1123.50        2422.98         3840.50         4689.75  
    0.288       467.97          1209.19        2430.43         3858.54         4685.81  
    0.294       457.76          1284.74        2507.40         3872.64         4661.67  
    0.300       448.75          1320.66        2522.28         3891.25         4674.43  
    0.306       439.12          1402.69        2475.12         3923.48         4698.14  
    0.312       436.09          1461.71        2437.56         3935.71         4650.62  
    0.319       445.04          1561.41        2393.43         3926.93         4560.80  
    0.325       441.39          1681.80        2366.69         3904.02         4618.86  
    0.331       420.92          1761.82        2354.92         3925.63         4687.97  
    0.338       402.37          1874.18        2346.21         3929.21         4718.24  
    0.344       390.98          1998.08        2344.41         3936.79         4712.76  
    0.350       379.64          2133.51        2322.60         3935.17         4640.48  
    0.356       370.28          2182.66        2380.10         3910.44         4581.68  
    0.363       361.50          2195.92        2492.87         3955.76         4581.98  
    0.369       351.93          2195.90        2724.97         4002.66         4595.24  
    0.375       345.96          2190.21        2919.65         4013.70         4609.59  
    0.381       339.34          2217.16        3103.17         3991.66         4653.18  
    0.388       330.09          2230.12        3162.83         3998.33         4720.65  
    0.394       325.86          2228.14        3138.80         4043.35         4774.59  
    0.400       320.38          2220.35        3300.17         4064.42         4697.11  
    0.406       313.42          2207.08        3295.79         4081.16         4617.59  
    0.413       302.80          2231.43        3246.97         4082.59         4593.39  
    0.419       295.69          2260.59        3234.33         4102.47         4586.04  
    0.425       294.89          2227.05        3411.82         4131.21         4598.28  
    0.431       299.79          2204.98        3343.32         4179.37         4663.47  
    0.438       304.42          2195.98        3550.10         4183.28         4641.10  
    0.444       299.50          2179.27        4012.38         4222.00         4485.94  
    0.450       289.86          2176.84        3619.17         4169.11         4411.69  
    0.456       289.01          2193.94        3316.66         4071.91         4379.82  
    0.463       299.33          2259.94        3156.72         4015.03         4396.58  
    0.469       305.72          2280.35        3105.66         4022.54         4398.53  
    0.475       309.18          2247.13        3504.79         4056.01         4380.00  
    0.481       302.72          2327.78        3853.40         4227.16         5154.49  
    0.488       91.85          920.08        2906.42         4049.78         4672.13  
    0.494       0          279.06        2444.54         3948.95         4376.39  
    0.500       0          284.29        2451.55         3965.00         4484.77  
    0.506       0          307.53        2530.45         3964.78         4495.03  
    0.513       0          336.02        2661.21         3970.34         4478.87  
    0.519       209.66          1925.07        2972.20         4105.80         4460.81  
    0.525       92.80          1001.41        2754.37         4067.49         4396.39  
    0.531       180.31          1536.23        2860.60         4094.61         5030.54  
    0.537       250.29          2145.20        2983.54         4198.70         5445.54  
    0.544       255.22          1929.45        2947.79         4120.35         4935.51  
    0.550       262.82          2106.59        3272.37         4070.43         4688.82  
    0.556       291.08          2271.18        3714.92         4034.47         4630.63  
    0.562       285.48          2233.71        3659.75         4078.68         4557.49  
    0.569       286.89          2152.57        3415.86         4058.26         4508.39  
    