0.025       0          502.26        1361.41         2534.04         3234.87  
    0.031       0          508.65        1064.22         2433.80         3206.03  
    0.038       0          516.25        1054.73         2373.12         3092.35  
    0.044       0          487.83        1020.85         2487.69         3421.24  
    0.050       343.63          711.93        2296.01         3425.54         4320.63  
    0.056       411.33          745.04        2597.96         3793.25         4660.32  
    0.062       423.84          756.85        2646.67         3855.82         4994.04  
    0.069       429.15          732.85        2673.25         3891.33         4881.26  
    0.075       413.03          727.86        2599.58         3635.09         4508.73  
    0.081       402.56          719.12        2584.26         3494.06         4419.31  
    0.088       409.06          726.41        2616.82         3582.85         4521.43  
    0.094       414.50          718.52        2678.88         3685.63         4655.23  
    0.100       409.52          706.83        2686.41         3663.72         4643.17  
    0.106       411.93          706.85        2707.96         3635.59         4661.37  
    0.113       419.59          711.69        2719.78         3645.64         4668.47  
    0.119       418.92          716.36        2686.32         3612.67         4548.64  
    0.125       416.83          720.11        2641.01         3583.75         4501.99  
    0.131       413.85          724.79        2641.72         3578.10         4559.95  
    0.138       417.03          722.75        2657.65         3594.98         4697.68  
    0.144       420.46          715.26        2675.47         3629.93         4711.05  
    0.150       423.69          713.49        2676.53         3635.48         4650.36  
    0.156       428.69          713.50        2681.32         3630.82         4594.47  
    0.163       428.96          716.57        2688.66         3695.28         4591.34  
    0.169       424.14          725.18        2664.14         3698.61         4579.11  
    0.175       425.67          733.40        2637.15         3709.76         4575.51  
    0.181       426.31          752.94        2622.58         3619.91         4610.99  
    0.188       427.79          771.43        2613.95         3544.46         4624.35  
    0.194       437.26          804.12        2611.88         3501.80         4629.40  
    0.200       435.10          843.20        2610.18         3462.44         4640.74  
    0.206       426.32          889.87        2597.97         3416.70         4660.51  
    0.213       424.02          926.33        2587.13         3313.47         4685.52  
    0.219       423.90          1008.81        2560.08         3216.14         4722.66  
    0.225       424.67          1059.08        2542.26         3249.08         4759.36  
    0.231       427.82          1103.00        2503.66         3373.70         4760.67  
    0.238       429.79          1204.16        2481.58         3434.07         4771.95  
    0.244       431.99          1282.43        2460.43         3416.74         4781.57  
    0.250       433.03          1414.09        2436.48         3461.82         4780.87  
    0.256       431.30          1538.90        2422.97         3507.15         4758.82  
    0.263       427.63          1721.05        2433.37         3507.14         4786.31  
    0.269       414.93          1883.20        2475.90         3511.69         4843.05  
    0.275       384.84          2029.33        2503.20         3533.02         4828.35  
    0.281       344.18          2177.76        2569.94         3567.57         4818.54  
    0.288       323.89          2231.08        2655.88         3649.85         4792.91  
    0.294       326.54          2248.97        2677.85         3640.50         4682.09  
    0.300       328.18          2244.87        2734.20         3608.95         4570.87  
    0.306       325.07          2269.88        2836.20         3645.69         4575.91  
    0.312       314.09          2282.18        3044.28         3814.30         4459.02  
    0.319       314.75          2289.72        3282.53         4161.76         4290.08  
    0.325       52.12          654.07        2456.31         3440.47         4202.25  
    0.331       0          328.69        2296.91         3275.79         4245.95  
    0.338       0          318.55        2319.62         3218.39         4286.97  
    0.344       0          311.65        2334.10         3155.32         4290.73  
    0.350       0          310.01        2328.13         3128.24         4292.67  
    0.356       0          271.95        2323.12         3190.57         4325.15  
    0.363       0          232.08        2332.09         3269.40         4349.43  
    0.369       0          236.96        2350.66         3258.83         4379.67  
    0.375       0          276.00        2365.14         3380.13         4429.51  
    0.381       0          298.36        2368.77         3537.40         4443.26  
    0.388       0          291.70        2377.66         3553.77         4449.00  
    0.394       0          293.14        2394.18         3525.91         4433.61  
    0.400       0          286.13        2426.54         3532.50         4474.97  
    0.406       0          278.71        2486.16         3621.69         4403.38  
    0.413       0          282.12        2456.47         3417.14         4488.80  
    0.419       0          280.27        2458.70         3370.99         4540.98  
    0.425       0          273.04        2472.71         3317.63         4372.82  
    0.431       0          285.11        2424.52         3334.94         4404.93  
    0.438       0          277.70        2457.71         3398.48         4432.17  
    0.444       0          282.79        2463.52         3273.68         4507.13  
    0.450       0          310.86        2486.95         3166.07         4441.05  
    0.456       0          295.70        2508.73         3160.68         4222.81  
    0.463       234.56          2150.57        2595.03         4024.84         5282.25  
    0.469       46.45          666.49        2277.98         3324.13         4481.81  
    