0.025       517.15          749.63        2865.96         3527.97         4509.80  
    0.031       155.14          224.89        1315.41         3091.54         3763.82  
    0.038       285.85          438.87        2218.60         3295.56         4206.98  
    0.044       431.79          762.08        2853.33         3514.73         4606.56  
    0.050       410.43          861.83        2819.40         3564.09         4615.10  
    0.056       380.31          886.18        2818.69         3549.86         4600.92  
    0.062       371.96          898.90        2859.32         3515.01         4652.20  
    0.069       350.62          896.86        2840.58         3498.12         4619.52  
    0.075       327.86          889.98        2778.62         3499.02         4555.19  
    0.081       360.25          872.10        2729.48         3543.94         4607.46  
    0.088       399.49          926.66        2709.75         3560.32         4684.00  
    0.094       402.09          1007.75        2737.09         3569.00         4700.13  
    0.100       385.46          1073.76        2704.10         3610.17         4705.12  
    0.106       378.88          1111.76        2658.64         3605.06         4752.98  
    0.113       384.58          1169.65        2611.76         3589.20         4860.68  
    0.119       378.82          1250.29        2560.42         3620.28         4877.50  
    0.125       368.20          1327.23        2553.93         3650.96         4833.79  
    0.131       356.07          1405.01        2577.93         3649.82         4726.21  
    0.138       352.01          1540.20        2599.36         3627.18         4734.89  
    0.144       344.58          1703.56        2608.75         3650.65         4636.60  
    0.150       330.45          1786.95        2566.63         3687.70         4556.83  
    0.156       322.58          1874.57        2544.81         3700.20         4504.75  
    