0.025       432.51          1596.02        2479.72         3488.75         3920.51  
    0.031       476.03          970.46        2548.47         3490.70         3906.38  
    0.038       399.48          965.30        2588.31         3513.22         3975.69  
    0.044       396.87          959.46        2456.46         3441.33         3984.98  
    0.050       418.88          976.27        2435.65         3389.09         3892.97  
    0.056       432.26          983.68        2480.72         3380.30         3853.44  
    0.062       460.57          994.21        2493.19         3377.61         3908.11  
    0.069       478.43          976.83        2525.68         3431.76         3965.21  
    0.075       481.65          979.79        2519.33         3463.56         3975.15  
    0.081       481.25          990.33        2475.78         3434.42         3915.95  
    0.088       483.23          983.84        2495.55         3452.92         3946.54  
    0.094       479.56          975.01        2486.04         3431.46         3910.61  
    0.100       477.48          975.23        2494.39         3389.11         3876.92  
    0.106       475.43          979.96        2480.29         3341.96         3934.69  
    0.113       480.58          986.11        2467.91         3353.24         3940.42  
    0.119       482.70          992.41        2505.11         3382.94         3980.97  
    0.125       483.74          998.51        2527.61         3396.43         3968.70  
    0.131       484.31          1007.07        2544.31         3397.28         3915.36  
    0.138       485.20          1015.56        2535.73         3386.95         3898.33  
    0.144       487.92          1021.63        2517.61         3381.07         3929.58  
    0.150       492.58          1030.29        2502.30         3398.30         3935.45  
    0.156       503.72          1043.70        2470.56         3406.24         3910.34  
    0.163       513.52          1090.63        2455.62         3429.18         3916.78  
    0.169       505.91          1154.34        2455.17         3458.60         4002.75  
    0.175       497.56          1185.52        2447.48         3469.61         4030.46  
    0.181       498.12          1208.04        2441.67         3458.92         4012.98  
    0.188       500.38          1287.66        2434.23         3444.03         4045.00  
    0.194       487.47          1345.34        2407.65         3443.00         4019.10  
    0.200       476.83          1397.76        2375.44         3415.17         3937.77  
    0.206       459.53          1542.02        2379.09         3401.68         3904.04  
    0.213       441.54          1642.45        2446.40         3426.84         3888.95  
    0.219       425.68          1677.46        2505.82         3447.78         3877.74  
    0.225       415.09          1714.98        2515.86         3447.49         3882.02  
    0.231       408.71          1792.62        2518.68         3445.97         3919.65  
    0.238       401.57          1923.76        2518.92         3465.36         3868.55  
    0.244       391.95          2040.93        2543.55         3498.58         3788.44  
    0.250       383.04          2059.10        2572.14         3438.11         3752.06  
    0.256       376.31          2139.19        2634.99         3557.30         3759.18  
    0.263       370.10          2171.57        2689.19         3582.15         3723.30  
    0.269       362.40          2185.15        2741.24         3526.77         4070.19  
    0.275       349.69          2169.97        2784.93         3590.71         3874.36  
    0.281       341.48          2173.38        2772.85         3609.27         3770.93  
    0.288       338.86          2192.02        2802.85         3648.51         3749.16  
    0.294       328.96          2194.87        2857.96         3586.36         3907.96  
    0.300       328.87          2192.75        2901.74         3608.41         4010.65  
    0.306       332.76          2214.25        2931.55         3596.06         3990.92  
    0.312       325.61          2197.71        2949.08         3597.45         4003.70  
    0.319       321.45          2224.47        2925.41         3581.20         3898.18  
    0.325       315.13          2247.14        2999.83         3755.74         4641.47  
    0.331       307.72          2266.36        2992.77         3714.54         4487.36  
    0.338       308.51          2244.78        2965.60         3749.84         3937.88  
    0.344       293.68          2255.19        3031.15         3751.46         3953.38  
    0.350       289.44          2246.41        3131.83         3770.57         4041.12  
    0.356       275.03          2297.59        3001.92         3704.96         4078.40  
    0.363       273.73          2349.34        2817.72         3699.22         4095.94  
    0.369       282.56          2536.37        2626.39         3774.90         3896.82  
    0.375       295.41          2526.76        2582.98         3715.27         3810.15  
    0.381       271.87          2203.45        2738.27         3796.99         3865.76  
    0.388       239.96          2298.86        2743.46         3709.24         3937.14  
    0.394       231.55          2442.77        2956.54         3846.27         4682.71  
    0.400       214.14          2087.67        2858.76         3774.14         4864.93  
    0.406       178.54          1954.12        2755.94         3935.34         4896.68  
    0.413       163.67          1847.27        2733.40         3934.84         4803.52  
    0.419       157.99          1766.18        2861.20         3889.99         4726.30  
    0.425       143.63          1832.39        2836.74         3862.42         5120.25  
    0.431       90.55          1787.87        2738.06         3910.96         5465.71  
    0.438       8.70          183.03        1941.38         2975.33         4238.74  
    0.444       0          0        1850.58         2814.74         3825.59  
    