0.025       0          0        2493.09         3210.15         4082.72  
    0.031       117.15          1277.36        2830.90         3650.13         4345.18  
    0.038       236.57          2476.66        3097.31         4049.54         4603.31  
    0.044       251.36          2485.18        3055.58         4031.72         4674.30  
    0.050       252.91          2494.44        3081.10         4048.89         4748.47  
    0.056       248.63          2489.77        3119.73         4080.13         4769.68  
    0.062       250.84          2475.88        3095.33         4075.93         4783.46  
    0.069       250.78          2457.17        3034.66         4076.20         4773.80  
    0.075       248.74          2473.63        2987.22         4105.10         4798.19  
    0.081       249.76          2488.69        2958.81         4101.26         4823.94  
    0.088       250.32          2473.20        2964.85         4055.99         4818.59  
    0.094       248.58          2477.72        2943.96         4001.23         4853.25  
    0.100       246.97          2494.05        2942.08         4000.69         4868.49  
    0.106       246.50          2504.01        3011.12         4029.71         4832.51  
    0.113       245.42          2513.48        3080.49         4017.01         4859.86  
    0.119       243.42          2502.86        3071.67         3969.03         4916.57  
    0.125       242.84          2483.70        3047.01         3970.71         4915.26  
    0.131       242.67          2478.95        3055.18         4017.49         4891.30  
    0.138       242.99          2488.69        3098.09         4010.57         4868.31  
    0.144       244.14          2495.17        3153.45         3990.21         4901.95  
    0.150       244.67          2488.10        3099.04         4021.01         4950.42  
    0.156       244.96          2484.27        3034.35         4073.16         4943.90  
    0.163       245.03          2490.09        3042.43         4086.26         4905.06  
    0.169       244.13          2505.89        3057.22         3998.72         4909.64  
    0.175       242.98          2511.23        3069.27         3896.34         4940.40  
    0.181       242.94          2487.40        3086.95         3879.22         4927.43  
    0.188       242.80          2476.22        3092.67         3894.03         4900.44  
    0.194       242.05          2477.58        3078.22         3928.66         4910.70  
    0.200       242.13          2460.35        3068.18         3950.40         4937.97  
    0.206       243.12          2462.34        3062.69         3927.76         4931.22  
    0.213       243.88          2500.03        3073.52         3929.69         4889.49  
    0.219       244.23          2532.79        3082.59         3931.93         4867.83  
    0.225       244.40          2541.58        3082.42         3936.40         4871.41  
    0.231       244.48          2526.01        3067.50         3945.02         4871.93  
    0.238       244.85          2499.00        3041.45         3935.93         4910.68  
    0.244       245.08          2503.19        2967.18         3918.09         4949.85  
    0.250       244.92          2539.21        2843.88         3893.90         4937.51  
    0.256       244.01          2569.74        2797.41         3902.34         4912.36  
    0.263       243.66          2604.90        2766.71         3935.89         4909.93  
    0.269       244.34          2585.29        2794.80         3941.30         4913.61  
    0.275       245.25          2531.13        2922.31         3935.27         4893.63  
    0.281       243.29          2530.23        2905.57         3914.21         4888.05  
    0.288       229.59          2569.16        2870.31         3875.41         4902.74  
    0.294       202.56          2587.73        3046.44         3898.69         4879.17  
    0.300       184.85          2566.27        3424.10         3958.18         4777.67  
    0.306       189.69          2617.15        3534.99         3948.24         4697.15  
    0.312       207.36          2484.52        3052.80         3860.29         4703.18  
    0.319       212.84          2496.41        2781.57         3809.28         4549.71  
    