0.025       402.60          1750.17        2901.67         4096.40         5500.00  
    0.031       452.81          1788.25        2958.33         4006.09         5500.00  
    0.038       416.99          2526.38        2785.60         3949.65         5136.29  
    0.044       304.03          2569.11        3263.15         3567.86         5122.42  
    0.050       270.97          2546.58        3444.72         3470.53         5150.61  
    0.056       259.02          2558.81        3094.24         3929.45         5203.48  
    0.062       250.24          2561.13        3141.02         4178.91         5231.88  
    0.069       256.85          2530.02        3276.46         4291.97         5456.35  
    0.075       259.00          2517.77        3185.74         4226.58         5275.69  
    0.081       259.69          2507.40        3198.18         4120.62         5183.71  
    0.088       260.41          2525.01        3195.43         4056.62         5178.62  
    0.094       259.47          2565.01        3027.93         4098.52         5198.57  
    0.100       258.95          2551.71        3174.02         4075.07         5209.23  
    0.106       260.95          2554.42        3661.76         3851.62         5137.49  
    0.113       262.13          2528.70        3358.70         3985.77         5087.87  
    0.119       261.37          2509.10        3278.81         4012.06         5094.46  
    0.125       260.12          2500.02        3157.58         4006.82         5114.92  
    0.131       259.70          2491.38        3150.61         3979.45         5124.53  
    0.138       260.88          2484.85        3179.84         3958.50         5110.48  
    0.144       262.41          2501.45        3230.86         3975.60         5090.14  
    0.150       262.46          2510.00        3281.79         4020.25         5081.36  
    0.156       262.90          2514.93        3304.78         4054.28         5072.79  
    0.163       263.03          2517.46        3312.75         4037.31         5053.78  
    0.169       264.58          2522.20        3354.40         3973.48         5030.78  
    0.175       265.68          2526.85        3284.05         4014.84         5015.61  
    0.181       269.55          2507.58        3223.07         3970.16         5036.93  
    0.188       272.43          2481.73        3206.62         3910.63         5084.59  
    0.194       270.13          2488.66        3190.49         3949.32         5103.10  
    0.200       271.32          2483.99        3168.70         3948.97         5068.61  
    0.206       273.58          2473.36        3168.75         3967.99         5044.88  
    0.213       272.41          2459.50        3153.62         3955.57         5029.68  
    0.219       273.94          2458.44        3140.14         3938.14         5020.96  
    0.225       275.92          2457.48        3133.88         3979.13         5010.89  
    0.231       277.13          2460.21        3157.30         3978.74         5003.27  
    0.238       279.68          2465.57        3126.54         3951.59         4982.61  
    0.244       275.55          2467.98        3078.08         3935.40         5001.08  
    0.250       281.35          2473.72        3092.83         3919.25         5177.64  
    0.256       291.10          2483.00        3343.79         3968.01         5452.40  
    0.263       290.69          2493.17        3128.83         3879.77         5050.65  
    0.269       292.51          2505.20        3135.43         3862.63         4977.23  
    0.275       313.11          2517.83        3612.51         3796.70         4940.15  
    0.281       313.79          2518.28        3543.03         3759.70         4925.79  
    0.288       300.09          2493.74        3152.95         3772.06         4947.70  
    0.294       286.09          2463.94        3215.06         3836.58         4946.64  
    0.300       285.70          2461.73        3190.19         3958.68         4929.23  
    0.306       287.38          2481.94        3057.24         3907.99         4941.01  
    0.312       283.49          2470.71        3043.08         3903.44         4870.20  
    0.319       297.98          2459.69        3134.93         3879.46         4853.19  
    0.325       314.98          2462.92        3186.49         3800.67         4854.90  
    0.331       311.35          2468.01        3140.73         3772.51         4847.36  
    0.338       317.07          2480.58        3042.00         3692.76         4857.09  
    0.344       317.49          2479.60        3071.68         3649.02         4792.59  
    0.350       317.52          2479.79        2890.58         3626.29         4741.20  
    0.356       327.77          1897.99        2554.02         3658.77         4748.49  
    0.363       310.77          1787.76        2545.49         3675.21         4759.42  
    0.369       291.08          1707.01        2538.76         3665.23         4792.48  
    0.375       313.40          1647.55        2536.71         3713.94         4749.54  
    0.381       325.74          1678.22        2586.78         3731.56         4759.08  
    0.388       332.76          1785.24        2557.53         3817.35         4749.66  
    0.394       380.61          1692.61        2354.65         3883.71         4866.09  
    0.400       444.18          1489.45        2514.65         3972.10         5010.99  
    0.406       416.70          1423.97        2565.09         3844.69         5045.39  
    0.413       477.55          1502.26        2615.45         4089.44         5305.38  
    0.419       511.36          1617.47        2703.21         3970.21         4894.68  
    0.425       406.63          1524.22        2492.99         3761.84         4762.11  
    0.431       402.44          1595.80        2555.08         3748.33         4712.58  
    0.438       375.89          1488.21        2675.12         3977.31         4934.25  
    0.444       372.40          1431.82        2454.45         3749.54         4761.16  
    0.450       445.26          1658.48        2408.36         3757.59         4626.05  
    0.456       75.86          717.87        1814.55         2993.30         4353.22  
    0.463       350.91          1365.68        2558.54         3603.67         4684.17  
    0.469       407.82          1506.76        2784.34         3766.49         4865.20  
    0.475       430.36          1565.86        2854.87         3539.83         4790.27  
    0.481       462.56          1716.75        2389.80         3377.66         4770.14  
    0.488       77.25          828.13        1907.82         3037.41         4440.26  
    0.494       0          583.53        1717.44         3241.05         4407.07  
    0.500       426.94          1543.76        3228.54         3517.44         4514.76  
    0.506       84.41          674.61        2200.16         4088.61         4580.31  
    0.513       0          76.72        354.11         2250.69         4154.61  
    0.519       230.19          1248.81        2319.89         3707.89         5263.72  
    0.525       45.51          471.21        1754.62         3196.23         4379.77  
    0.531       259.22          1332.59        2852.19         3258.96         4639.35  
    0.537       358.97          1559.89        2298.94         3462.46         4651.81  
    0.544       60.84          623.41        1783.26         3481.03         4471.15  
    0.550       0          444.11        1632.89         3387.25         4263.36  
    