0.025       0          639.81        1844.57         3166.06         4332.32  
    0.031       417.05          1222.24        2306.87         3666.30         5004.33  
    0.038       307.61          1367.13        2521.78         3960.40         4593.76  
    0.044       0          1217.36        2342.25         3593.46         4245.16  
    0.050       0          1237.35        2283.70         3345.53         4510.58  
    0.056       0          517.59        1827.76         2865.96         4291.99  
    0.062       385.26          1021.83        2159.95         3278.98         4611.32  
    0.069       680.46          1818.72        2864.53         3710.93         4864.56  
    0.075       776.16          1836.34        3087.98         3927.96         4901.50  
    0.081       356.88          1700.12        2471.09         3639.44         4567.56  
    0.088       0          1310.48        1857.78         3153.07         4295.67  
    0.094       0          1105.36        2461.70         3131.99         4380.75  
    0.100       0          473.56        1931.54         2885.15         3875.03  
    0.106       0          715.96        1805.99         3163.25         3976.10  
    0.113       0          1211.08        2336.85         3504.62         4318.41  
    0.119       0          1209.60        2482.72         3610.23         4512.24  
    0.125       0          1251.16        2567.13         3677.46         4466.26  
    0.131       0          1145.17        2407.15         3476.85         4433.81  
    0.138       0          1057.22        2231.86         3405.20         4549.51  
    0.144       0          1209.43        2319.24         3520.16         4591.86  
    0.150       0          1276.55        2479.99         3306.97         4257.14  
    0.156       654.24          1378.79        2594.27         3573.88         4862.62  
    0.163       942.08          1576.93        2722.36         3985.35         5291.36  
    0.169       338.94          1459.36        2550.81         3640.39         4778.28  
    0.175       0          1207.08        2360.06         3306.32         4585.00  
    0.181       449.35          1633.01        2904.14         3763.14         4813.10  
    0.188       732.52          2018.71        3080.36         4026.23         5263.29  
    0.194       785.02          2041.55        3177.55         3852.53         5500.00  
    0.200       360.81          1559.57        2831.58         3728.66         4755.94  
    0.206       0          1247.77        2458.23         3587.99         4467.71  
    0.213       367.13          1564.92        2938.08         3680.71         4759.15  
    0.219       663.79          1815.09        3220.76         3908.95         4985.37  
    0.225       701.89          1699.27        2981.20         3953.68         5024.28  
    0.231       758.14          1561.95        2826.76         3900.34         4989.25  
    0.238       820.75          1631.37        2931.37         3872.95         4983.55  
    0.244       834.12          1715.97        3015.88         4228.05         5274.48  
    0.250       855.81          1716.81        2677.18         4168.09         5152.79  
    0.256       796.91          1778.46        2539.16         3887.46         4904.62  
    0.263       700.10          1827.26        2721.96         3838.40         4920.30  
    0.269       719.66          1769.25        2789.59         3825.69         4928.33  
    0.275       320.31          1591.90        2739.16         3567.62         4820.58  
    0.281       0          1446.25        2484.93         3442.84         4713.37  
    0.288       305.70          1559.51        2759.06         3397.86         4771.60  
    0.294       783.16          1696.75        2995.51         3669.23         4952.22  
    0.300       826.59          1748.65        2851.04         3846.54         5129.55  
    0.306       717.32          1777.36        2619.12         3832.07         5108.66  
    0.312       742.68          1777.41        2635.25         3920.64         4910.80  
    0.319       596.91          1759.08        2747.87         3861.12         4844.66  
    0.325       201.17          1278.49        2569.50         3638.26         4594.53  
    0.331       499.05          1705.01        2667.43         3714.91         4800.26  
    0.338       368.10          1736.23        2684.98         3883.74         4609.62  
    0.344       0          568.30        1993.85         3270.18         4012.22  
    0.350       172.15          997.11        2245.43         3378.20         4400.79  
    0.356       300.03          1842.92        2847.42         3839.17         4827.44  
    0.363       304.55          2015.81        2780.31         3845.76         4840.08  
    0.369       307.44          2133.71        2705.25         3803.34         5052.27  
    0.375       306.85          2215.25        2908.01         3734.74         5140.01  
    0.381       302.20          2267.96        3103.10         3690.71         4658.54  
    0.388       295.22          2272.60        3219.37         3708.82         4223.56  
    0.394       290.88          2250.26        3214.53         3728.60         3939.82  
    0.400       290.73          2253.19        3214.40         3745.87         3904.49  
    0.406       291.26          2257.88        3209.38         3714.82         4090.12  
    0.413       290.43          2266.00        3124.18         3650.43         3987.14  
    0.419       289.51          2292.35        3097.62         3616.93         3924.07  
    0.425       288.51          2292.87        3055.01         3588.16         4297.52  
    0.431       287.10          2282.30        2977.57         3530.89         4484.29  
    0.438       286.48          2283.88        2920.86         3507.81         4274.70  
    0.444       286.72          2278.12        2846.58         3472.72         4226.14  
    0.450       286.15          2278.87        2810.07         3443.21         4414.04  
    0.456       284.96          2285.55        2820.91         3478.44         4520.74  
    0.463       283.90          2298.55        2804.90         3563.41         4529.33  
    0.469       280.46          2274.64        2762.13         3663.37         4639.88  
    0.475       276.12          2273.78        2733.03         3654.86         4716.25  
    0.481       272.36          2279.31        2718.25         3613.34         4841.52  
    0.488       270.92          2263.15        2682.25         3592.59         4797.51  
    0.494       271.10          2273.82        2652.23         3569.56         4742.16  
    0.500       273.00          2293.18        2683.37         3622.10         4841.85  
    0.506       273.12          2303.73        2696.26         3690.86         4838.64  
    0.513       272.47          2278.13        2658.52         3727.72         4708.57  
    0.519       272.27          2250.24        2636.32         3749.18         4560.45  
    0.525       269.23          2282.60        2632.54         3776.36         4683.32  
    0.531       269.46          2431.69        2584.48         3862.12         5210.27  
    0.537       269.99          2308.38        2560.63         3849.13         5284.22  
    0.544       272.11          2138.75        2573.10         3842.50         5340.84  
    0.550       274.13          2052.74        2562.94         3862.88         5304.12  
    0.556       276.92          1951.44        2519.06         3786.32         5012.97  
    0.562       281.42          1776.71        2533.08         3749.55         4972.72  
    0.569       282.10          1655.31        2607.78         3786.31         4940.23  
    0.575       272.95          1649.73        2620.22         3798.82         4844.59  
    0.581       249.21          1728.65        2609.37         3793.38         4838.29  
    0.588       215.80          1826.39        2725.14         3852.23         4843.58  
    0.594       160.09          1827.65        2808.77         3882.82         4905.10  
    0.600       55.24          1584.38        2200.90         3258.58         4618.07  
    0.606       0          1378.88        2233.91         3159.68         4193.31  
    0.613       0          1282.49        2519.29         3625.23         4714.65  
    0.619       0          1234.20        2321.32         3591.69         4725.87  
    0.625       0          1188.17        2286.06         3435.03         4422.31  
    0.631       0          1115.70        2373.13         3396.44         4464.88  
    0.638       0          1273.86        2399.30         3382.84         4454.81  
    0.644       0          1462.72        2359.03         3438.79         4601.85  
    0.650       0          636.91        1785.41         2917.86         4109.80  
    