0.025       259.09          2123.42        2283.60         3740.35         4925.23  
    0.031       276.24          2149.80        2584.25         3744.35         4968.78  
    0.038       296.85          2159.42        2979.31         3748.69         4929.63  
    0.044       303.20          2143.18        3188.15         3769.35         4914.31  
    0.050       308.39          2144.16        3303.40         3777.62         4813.00  
    0.056       312.66          2135.66        3257.58         3768.39         4618.34  
    0.062       308.68          2153.73        3184.98         3734.12         4525.30  
    0.069       305.60          2169.67        3181.92         3737.47         4519.81  
    0.075       305.34          2178.96        3225.34         3755.60         4523.30  
    0.081       304.45          2163.98        3366.59         3738.76         4518.99  
    0.088       301.98          2160.23        3542.55         3701.62         4525.24  
    0.094       299.41          2161.37        3463.78         3718.99         4512.38  
    0.100       299.37          2162.35        3428.19         3748.07         4530.17  
    0.106       300.01          2168.61        3449.75         3726.35         4547.82  
    0.113       298.87          2178.03        3380.63         3733.39         4571.84  
    0.119       299.50          2200.87        3344.07         3744.43         4598.82  
    0.125       299.74          2218.07        3347.72         3716.10         4555.45  
    0.131       297.37          2195.78        3238.82         3695.61         4499.65  
    0.138       295.43          2200.42        3166.22         3690.61         4476.48  
    0.144       292.69          2232.12        3146.11         3712.66         4497.14  
    0.150       289.82          2213.16        3101.10         3719.45         4545.99  
    0.156       287.82          2240.19        3036.66         3717.65         4639.39  
    0.163       284.84          2257.75        2948.23         3712.11         4671.47  
    0.169       283.80          2279.73        2959.47         3729.21         4684.16  
    0.175       285.00          2301.72        2970.44         3728.70         4673.22  
    0.181       285.09          2302.69        2969.42         3714.34         4554.73  
    0.188       283.83          2297.06        2941.68         3730.59         4526.69  
    0.194       286.36          2301.83        2894.05         3752.16         4564.89  
    0.200       289.26          2291.17        2937.81         3755.39         4518.76  
    0.206       290.48          2273.40        2934.64         3739.86         4498.24  
    0.213       289.35          2267.70        2874.44         3744.61         4515.23  
    0.219       285.42          2274.73        2963.23         3732.61         4530.29  
    0.225       281.36          2278.50        3169.77         3722.92         4527.57  
    0.231       272.15          2281.45        3306.84         3724.94         4522.97  
    0.238       261.32          2286.32        3137.38         3750.43         4490.95  
    0.244       249.98          2298.27        2975.71         3779.67         4486.84  
    0.250       245.14          2311.45        3030.68         3772.95         4455.52  
    0.256       249.18          2323.97        3166.56         3759.09         4472.85  
    0.263       258.83          2331.94        3466.98         3710.03         4535.38  
    0.269       262.37          2346.82        3487.14         3773.06         4512.97  
    0.275       258.20          2362.65        3497.12         3718.16         4494.73  
    0.281       250.32          2361.00        3278.62         3696.10         4471.31  
    0.288       241.89          2366.18        3585.36         3674.31         4471.84  
    0.294       231.88          2360.12        3661.84         3772.24         4528.95  
    0.300       233.02          2361.59        3303.38         3861.61         4509.25  
    0.306       233.77          2367.85        3398.29         3797.86         4490.90  
    0.312       234.72          2372.18        3437.00         3850.22         4552.26  
    0.319       237.85          2374.89        3460.16         4121.06         4534.32  
    0.325       241.53          2377.16        3422.65         4338.18         4593.39  
    0.331       242.02          2382.59        3245.69         4295.22         4469.50  
    0.338       240.21          2386.75        3212.54         4262.52         4585.92  
    0.344       230.33          2387.76        3152.87         4227.23         4567.60  
    0.350       217.43          2395.42        3138.71         4182.67         4739.81  
    0.356       210.00          2412.24        3274.76         4222.28         4801.16  
    0.363       205.28          2413.95        3393.30         4230.88         4642.79  
    0.369       207.07          2409.02        3341.67         4232.38         4536.74  
    0.375       218.45          2404.98        3123.16         4184.49         4674.27  
    0.381       218.57          2379.50        3068.35         4187.85         4712.96  
    0.388       227.74          2363.11        3043.75         4224.63         4818.26  
    0.394       235.59          2356.81        3028.15         4211.35         4816.38  
    0.400       241.00          2352.82        3025.34         4189.73         4812.84  
    0.406       249.81          2362.49        3042.59         4175.59         4860.48  
    0.413       255.15          2376.40        3119.97         4417.08         4538.32  
    0.419       251.48          2383.70        3003.58         4380.69         4509.70  
    0.425       250.08          2391.19        2940.04         4325.00         4559.50  
    0.431       249.02          2400.40        2926.21         4445.96         4507.22  
    0.438       246.85          2407.32        2906.23         4426.30         4522.92  
    0.444       249.87          2414.26        2795.34         4385.38         4557.38  
    0.450       252.01          2429.02        2745.62         4418.37         4492.70  
    0.456       251.91          2446.14        2829.39         4375.73         4547.35  
    0.463       252.65          2446.23        2735.00         4345.27         4615.71  
    0.469       256.97          2439.47        2645.57         4292.92         4616.33  
    0.475       258.29          2438.41        2668.15         4274.81         4620.26  
    0.481       256.32          2439.77        2794.67         4339.68         4593.67  
    0.488       254.73          2447.86        2812.16         4389.09         4476.70  
    0.494       259.35          2439.66        2780.87         4416.27         4429.29  
    0.500       259.00          2427.06        2712.93         4379.23         4551.17  
    0.506       257.03          2427.17        2679.72         4345.40         4610.16  
    0.513       258.75          2417.26        2737.60         4337.68         4613.04  
    0.519       262.96          2398.74        2822.80         4307.34         4703.84  
    0.525       262.77          2384.68        2844.08         4294.38         4720.36  
    0.531       261.19          2392.15        2828.15         4306.64         4676.55  
    0.537       259.80          2412.34        2828.38         4287.15         4673.75  
    0.544       253.91          2429.28        2799.51         4290.07         4732.00  
    0.550       242.69          2441.53        2786.15         4287.00         4740.56  
    0.556       240.05          2450.42        2812.72         4288.57         4687.07  
    0.562       268.27          2454.22        2828.06         4263.72         4668.76  
    0.569       294.69          2409.83        2866.13         4241.95         4639.29  
    0.575       292.65          2387.75        2969.53         4255.20         4693.33  
    0.581       277.53          2386.07        3075.50         4271.67         4747.52  
    0.588       260.46          2393.37        3000.41         4273.09         4714.70  
    0.594       252.03          2403.76        2893.22         4260.01         4647.09  
    0.600       250.82          2415.84        2878.59         4257.13         4590.90  
    0.606       257.34          2437.02        2832.44         4277.13         4547.51  
    0.613       276.54          2455.74        2675.07         4169.63         4512.06  
    0.619       292.15          2474.08        2554.66         4182.04         4513.43  
    0.625       275.74          2466.78        2502.90         4220.65         4685.23  
    0.631       250.80          2473.77        2507.01         4287.54         4842.40  
    0.638       240.38          2420.61        2509.14         4338.34         4897.54  
    0.644       236.25          2476.21        2587.34         4328.08         4912.47  
    0.650       234.99          2464.46        2872.23         4310.62         5079.31  
    0.656       234.94          2461.54        2885.56         4308.33         5102.27  
    0.663       230.53          2460.12        3092.07         4365.35         5049.68  
    0.669       225.73          2455.16        3255.33         4384.06         4908.22  
    0.675       222.16          2470.88        3298.91         4395.34         4744.24  
    0.681       208.50          2489.11        3359.23         4355.71         4741.99  
    0.688       227.14          2483.71        3429.57         4336.67         4794.14  
    0.694       312.66          2502.47        3448.83         4303.25         4734.40  
    0.700       298.06          2533.68        3342.41         4307.26         4709.39  
    0.706       264.94          2526.25        3296.22         4362.53         4753.96  
    0.713       260.89          2499.30        3341.16         4346.13         4769.37  
    