0.025       0          254.06        2062.51         3165.33         4630.55  
    0.031       0          244.91        2298.30         3295.63         4674.47  
    0.038       0          264.28        2602.08         3417.80         4823.18  
    0.044       0          291.69        2822.39         3358.20         4883.41  
    0.050       0          294.09        2815.11         3270.32         4885.77  
    0.056       0          289.26        2712.14         3253.77         4898.42  
    0.062       0          289.24        2672.07         3261.79         4870.34  
    0.069       197.62          1865.32        2768.89         3236.70         4925.84  
    0.075       291.27          2543.52        2845.90         3237.74         4976.67  
    0.081       294.77          2544.49        2926.46         3270.45         4994.06  
    0.088       294.82          2571.42        2894.24         3276.74         4934.62  
    0.094       296.35          2617.67        2721.67         3239.12         4853.78  
    0.100       294.64          2705.82        2842.21         3252.75         4805.08  
    0.106       291.50          2668.15        3080.84         3304.46         4860.69  
    0.113       290.92          2592.96        2970.12         3311.30         4924.27  
    0.119       291.23          2573.18        2841.57         3300.75         4924.16  
    0.125       291.13          2616.79        2702.85         3315.86         4859.90  
    0.131       291.05          2516.35        2656.70         3303.86         4861.59  
    0.138       92.07          977.45        2542.29         3238.76         4908.87  
    0.144       0          290.94        2461.27         3228.38         4963.36  
    0.150       198.06          1746.77        2971.02         3647.82         5017.96  
    0.156       288.11          2426.66        3185.16         4018.44         5018.16  
    0.163       287.53          2478.31        3186.41         3905.00         4948.24  
    0.169       286.10          2516.15        3094.35         3421.42         4977.13  
    0.175       286.73          2507.49        3112.65         3231.78         5037.38  
    0.181       90.89          987.76        2691.29         3217.00         5011.04  
    0.188       197.90          1845.29        2972.73         3265.88         4995.31  
    0.194       91.56          1010.00        2761.69         3226.55         5008.06  
    0.200       0          288.65        2517.40         3164.88         4804.10  
    0.206       0          286.46        2459.25         3191.43         4635.78  
    0.213       0          286.16        2432.46         3220.35         4592.24  
    0.219       0          285.72        2437.70         3176.78         4659.19  
    0.225       0          283.83        2433.38         3157.93         4718.96  
    0.231       0          284.31        2447.18         3157.01         4658.89  
    0.238       0          284.23        2460.92         3155.20         4607.38  
    0.244       0          284.24        2421.83         3152.57         4591.08  
    0.250       0          284.47        2403.29         3201.77         4588.70  
    0.256       0          284.47        2492.95         3167.13         4660.53  
    0.263       0          284.32        2520.83         3116.14         4653.95  
    0.269       193.91          1779.12        2945.15         4118.03         5226.59  
    0.275       89.72          977.18        2793.45         3704.40         4886.97  
    0.281       0          284.86        2559.73         3264.24         4672.23  
    0.288       0          283.52        2562.43         3206.68         4651.31  
    0.294       0          286.14        2567.89         3234.04         4654.46  
    0.300       0          285.81        2540.85         3320.69         4737.94  
    0.306       0          284.49        2532.05         3349.38         4685.88  
    0.312       0          284.43        2459.84         3292.16         4543.95  
    0.319       0          284.69        2403.21         3256.85         4519.01  
    0.325       0          289.04        2412.08         3282.87         4554.56  
    0.331       0          292.81        2525.46         3308.86         4573.98  
    0.338       0          294.03        2586.34         3281.76         4520.33  
    0.344       0          294.40        2704.05         3243.81         4520.77  
    0.350       0          295.58        2784.98         3201.98         4643.44  
    0.356       0          302.67        2753.57         3161.92         4652.38  
    0.363       0          303.52        2656.34         3161.31         4616.28  
    0.369       0          302.60        2597.26         3236.72         4593.30  
    0.375       0          302.83        2606.34         3302.33         4511.31  
    0.381       0          311.74        2644.53         3368.65         4444.17  
    0.388       0          302.58        2640.91         3351.31         4482.79  
    0.394       0          279.45        2542.06         3338.11         4586.15  
    0.400       0          256.47        2571.30         3339.25         4650.51  
    0.406       0          254.78        2703.35         3314.18         4635.77  
    0.413       0          252.67        2677.78         3300.58         4648.69  
    0.419       0          245.33        2640.08         3156.28         4672.54  
    0.425       0          248.37        2629.96         3078.47         4639.81  
    0.431       184.58          1418.54        2857.53         3505.55         4769.39  
    0.438       289.92          1995.92        2908.34         3693.61         4868.99  
    0.444       297.17          1951.82        2891.48         3900.48         5196.51  
    0.450       310.76          2060.19        2913.61         4016.00         5449.81  
    0.456       339.91          1881.39        2923.10         3881.38         5097.21  
    