0.025       393.61          1895.95        3220.01         4096.85         4694.71  
    0.031       46.77          565.94        2208.27         3312.52         4814.18  
    0.038       0          347.35        2166.79         3254.91         4900.41  
    0.044       0          367.12        2174.13         3282.07         4014.12  
    0.050       0          379.02        2161.47         3142.65         3782.39  
    0.056       335.25          1918.80        2991.22         3641.81         3767.94  
    0.062       384.85          2152.10        3107.45         3759.02         3870.41  
    0.069       389.20          2165.03        3096.14         3653.22         4116.85  
    0.075       392.14          2123.02        3053.98         3470.89         4169.53  
    0.081       386.75          2149.28        3111.11         3290.70         4116.64  
    0.088       389.53          2175.15        3113.41         3467.52         4062.17  
    0.094       388.44          2119.16        2847.37         3294.98         4178.66  
    0.100       389.08          2135.59        3061.49         3250.61         4157.93  
    0.106       394.48          2166.10        3142.78         3393.56         4038.27  
    0.113       375.97          1993.40        2319.42         3184.86         3992.34  
    0.119       381.08          2137.25        2643.74         3244.75         4306.72  
    0.125       388.10          2121.09        2944.98         3405.34         4404.94  
    0.131       378.87          2128.61        3125.49         3298.64         4345.69  
    0.138       370.95          2152.27        3020.72         3269.48         4271.94  
    0.144       369.19          2146.11        3093.03         3368.50         4252.79  
    0.150       359.35          2182.20        3211.12         3342.27         4147.85  
    0.156       360.31          2197.34        2456.96         3271.40         4300.77  
    0.163       361.49          2181.98        2329.80         3347.49         4297.81  
    0.169       357.45          2145.75        2366.45         3351.30         4274.47  
    0.175       355.71          2007.94        2472.80         3407.66         4371.89  
    0.181       355.83          1967.78        2447.65         3447.01         4393.79  
    0.188       357.89          2039.26        2439.33         3418.41         4393.62  
    0.194       359.84          2096.50        2558.30         3278.59         4387.39  
    0.200       358.70          2109.70        2730.79         3265.12         4286.53  
    0.206       359.14          2117.12        2735.15         3338.45         4310.11  
    0.213       360.79          2133.19        2763.16         3348.32         4302.76  
    0.219       361.33          2068.84        2980.75         3474.51         4311.94  
    0.225       360.38          2056.44        3031.03         3448.27         4314.94  
    0.231       358.42          2124.43        2800.79         3427.30         4299.99  
    0.238       356.98          2129.45        2725.77         3467.50         4363.87  
    0.244       357.29          2094.56        2860.12         3424.21         4282.97  
    0.250       357.87          2098.98        3016.61         3266.75         4276.00  
    0.256       358.54          2107.74        2717.72         3198.07         4380.62  
    0.263       358.99          2105.01        2792.03         3259.88         4314.83  
    0.269       357.55          2134.45        2584.77         3187.82         4213.52  
    0.275       359.36          2168.67        2270.89         3198.74         4218.00  
    0.281       360.79          2189.76        2349.13         3214.79         4273.58  
    0.288       362.40          2191.91        2427.36         3240.14         4315.48  
    0.294       363.90          2179.70        2247.80         3291.40         4266.80  
    0.300       368.94          2162.55        2400.53         3206.28         4101.67  
    0.306       374.04          2057.72        2199.77         3153.78         4239.20  
    0.312       380.95          1978.44        2168.76         3132.39         4273.63  
    0.319       385.24          1916.09        2179.51         3107.13         4283.89  
    0.325       385.02          2137.12        2185.43         3194.19         4209.96  
    0.331       388.45          2154.08        2352.95         3194.42         4077.29  
    0.338       387.02          2128.48        2604.09         3192.45         4023.89  
    0.344       391.33          2141.70        2770.91         3203.28         3973.91  
    0.350       391.35          2118.22        2956.86         3228.45         4050.43  
    0.356       383.36          2088.90        3027.35         3251.19         4136.37  
    0.363       377.94          2062.21        3029.68         3269.51         4218.21  
    0.369       385.93          2067.89        2992.61         3389.73         4304.55  
    0.375       388.03          2092.33        3021.29         3472.69         4330.06  
    0.381       390.76          2098.83        3017.38         3478.49         4395.06  
    0.388       395.39          2070.30        3050.91         3490.14         4384.54  
    0.394       391.99          2059.86        3239.87         3537.63         4158.80  
    0.400       385.52          2200.37        2616.91         3366.15         4343.27  
    0.406       387.51          2044.50        2729.18         3383.11         4496.15  
    0.413       376.78          2031.94        2944.15         3315.34         4414.66  
    0.419       368.49          1854.24        2968.44         3411.03         4344.88  
    0.425       364.98          1995.97        2872.24         3369.16         4381.26  
    0.431       368.29          2052.38        2935.44         3425.31         4402.87  
    0.438       382.66          2085.58        3027.34         3554.07         4367.13  
    0.444       386.58          2062.90        2929.03         3457.21         4366.82  
    0.450       381.64          2070.12        2962.84         3483.69         4421.49  
    0.456       390.18          2094.82        3051.25         3629.27         4386.12  
    0.463       374.54          2051.22        3039.53         3578.18         4176.69  
    0.469       372.99          2007.43        2959.71         3445.92         4308.65  
    0.475       375.29          2027.48        3066.43         3396.00         4257.35  
    0.481       358.79          1957.69        2932.38         3379.81         4342.39  
    0.488       372.20          2003.76        3021.25         3453.40         4349.72  
    0.494       374.12          2044.14        3164.85         3448.56         4190.71  
    0.500       328.33          1973.95        2777.13         3361.85         4304.71  
    0.506       376.20          2040.02        2911.57         3380.58         4327.54  
    0.513       386.86          2083.03        3016.23         3502.11         4326.28  
    0.519       390.26          2082.28        3067.11         3538.22         4218.31  
    0.525       347.36          2035.26        2497.50         3437.60         4214.75  
    0.531       336.45          1818.87        2402.08         3421.98         4289.94  
    0.537       336.83          1682.20        2445.74         3563.97         4365.57  
    0.544       338.90          1768.19        2678.35         3514.61         4414.15  
    0.550       353.74          1763.13        3017.77         3395.66         4447.70  
    0.556       361.50          1803.37        3210.09         3466.10         4292.24  
    0.562       370.70          1871.95        3048.53         3612.19         4360.42  
    0.569       359.16          1870.31        3078.29         3631.53         4479.98  
    0.575       349.40          1945.54        3143.66         3463.91         4415.04  
    