0.025       306.81          2472.94        3422.17         3853.90         3897.63  
    0.031       308.32          2468.44        3411.48         3763.86         3873.52  
    0.038       308.87          2459.43        3399.44         3607.01         3850.97  
    0.044       306.43          2462.22        3384.13         3741.36         3854.51  
    0.050       310.95          2466.66        3384.21         3819.93         3944.62  
    0.056       312.76          2459.61        3380.80         3811.67         3867.59  
    0.062       313.62          2457.51        3372.75         3745.16         3821.90  
    0.069       319.07          2459.13        3369.43         3619.60         3831.75  
    0.075       322.23          2461.83        3364.83         3573.57         3826.82  
    0.081       325.38          2460.01        3356.36         3634.55         3821.80  
    0.088       329.03          2452.09        3342.87         3776.53         3864.15  
    0.094       330.31          2439.40        3327.22         3825.76         3868.83  
    0.100       326.58          2425.64        3319.82         3796.78         3837.09  
    0.106       324.31          2417.49        3322.65         3793.82         3815.54  
    0.113       330.07          2410.14        3338.47         3785.02         3803.80  
    0.119       330.27          2399.01        3348.58         3766.25         3797.49  
    0.125       330.93          2402.78        3348.88         3700.85         3808.13  
    0.131       336.26          2410.63        3347.32         3766.18         3810.15  
    