0.025       366.38          2529.55        3254.09         3747.85         4666.78  
    0.031       353.74          2520.60        3188.17         3817.41         4514.11  
    0.038       329.87          2498.34        3100.20         3828.78         4300.32  
    0.044       303.20          2482.17        3079.65         3803.56         4114.48  
    0.050       305.57          2498.61        3063.67         3792.82         4030.92  
    0.056       308.27          2507.28        3041.53         3756.03         3919.26  
    0.062       310.23          2496.50        3035.38         3684.54         3914.64  
    0.069       311.76          2497.44        3038.92         3692.23         4086.85  
    0.075       307.99          2484.51        3020.24         3625.90         4389.06  
    0.081       306.63          2495.07        3026.84         3650.85         4390.52  
    0.088       307.07          2495.26        3037.48         3746.57         4094.34  
    0.094       308.90          2489.55        3037.60         3742.03         4174.94  
    0.100       310.60          2487.43        3024.20         3651.48         4434.35  
    0.106       310.29          2484.75        3010.20         3578.24         4535.02  
    0.113       309.98          2484.92        3023.05         3617.85         4520.65  
    0.119       311.79          2488.23        3046.64         3619.88         4551.41  
    0.125       310.59          2528.42        3101.50         3606.12         4468.08  
    0.131       306.19          2540.31        3127.56         3516.21         4485.02  
    0.138       305.63          2536.61        3142.86         3578.06         4373.25  
    0.144       305.92          2531.54        3110.83         3551.37         4541.25  
    0.150       303.18          2521.14        3091.65         3487.50         4633.11  
    0.156       301.16          2511.87        3093.20         3485.95         4568.15  
    0.163       297.78          2505.18        3110.48         3515.86         4378.75  
    0.169       293.83          2485.53        3127.01         3477.35         4119.03  
    0.175       291.82          2483.72        3131.28         3435.47         4017.88  
    0.181       290.71          2501.30        3153.33         3501.49         4079.73  
    0.188       289.31          2513.70        3168.46         3554.51         4069.94  
    0.194       286.70          2511.98        3168.88         3522.29         4062.86  
    0.200       284.06          2496.99        3171.12         3477.51         4036.94  
    0.206       283.33          2486.72        3186.61         3527.60         3991.91  
    0.213       283.35          2497.98        3190.65         3575.22         4109.30  
    0.219       290.31          2510.89        3224.61         3583.94         4060.31  
    0.225       296.77          2500.45        3245.12         3554.57         4023.79  
    0.231       307.44          2492.29        3255.48         3502.82         4010.14  
    0.238       323.89          2515.56        3329.05         3612.33         3857.95  
    0.244       84.47          897.69        2749.32         3450.62         3833.18  
    0.250       0          337.12        2530.97         3383.28         3846.97  
    0.256       0          343.18        2586.68         3465.72         3855.11  
    0.263       0          333.56        2604.05         3554.09         4077.43  
    0.269       0          323.79        2593.53         3580.31         4329.15  
    0.275       0          319.93        2597.49         3576.26         4250.14  
    0.281       0          302.35        2656.34         3513.72         4167.35  
    0.288       0          278.54        2717.05         3556.53         4116.44  
    0.294       0          276.70        2654.87         3591.58         3900.39  
    0.300       0          271.90        2568.74         3409.05         3981.62  
    0.306       0          243.56        2466.95         3068.77         3898.01  
    0.312       152.06          1433.79        2672.02         3516.44         5075.95  
    