0.025       259.98          2315.51        3219.62         3821.13         5500.00  
    0.031       251.28          2308.59        3218.78         3793.05         5500.00  
    0.038       261.72          2283.48        3195.04         3717.14         5054.62  
    0.044       265.33          2239.93        3170.16         3725.52         5036.50  
    0.050       262.51          2159.56        3147.47         3693.03         5211.95  
    0.056       262.93          2118.85        3144.48         3658.71         5279.98  
    0.062       262.35          2121.48        3131.96         3641.68         5127.58  
    0.069       263.46          2161.95        3140.34         3648.08         5434.22  
    0.075       42.99          569.79        2736.13         3266.27         3994.46  
    0.081       209.23          1837.68        3081.70         3626.76         4981.21  
    0.088       252.70          2123.83        3145.43         3657.15         5456.07  
    0.094       256.42          2138.63        3143.20         3616.16         5500.00  
    0.100       256.96          2300.71        3155.37         3627.17         5500.00  
    0.106       261.69          2305.35        3164.19         3672.19         5500.00  
    0.113       258.70          2202.46        3151.48         3665.39         5500.00  
    0.119       224.25          2070.68        3138.96         3652.99         5500.00  
    0.125       233.42          2151.33        3146.33         3687.73         5500.00  
    0.131       273.96          2451.55        3176.21         3697.70         5500.00  
    0.138       248.33          2163.89        3138.67         3678.61         5159.77  
    0.144       247.38          2156.07        3126.87         3671.01         5433.72  
    0.150       40.51          570.42        2637.69         3293.68         4026.78  
    0.156       204.61          1884.60        3061.34         3634.89         5213.02  
    0.163       257.84          2141.02        3148.83         3684.55         5076.80  
    0.169       272.17          2132.54        3148.55         3678.85         5067.26  
    0.175       44.75          527.36        2597.22         3273.97         3938.42  
    0.181       209.27          1878.12        3065.00         3653.02         5209.10  
    0.188       264.43          2077.69        3149.98         3710.20         4851.71  
    0.194       247.93          2069.87        3138.63         3700.68         5047.19  
    0.200       241.49          2114.16        3142.06         3716.11         5436.39  
    0.206       241.46          2124.09        3150.26         3723.19         5500.00  
    0.213       242.93          2092.78        3150.74         3714.30         5500.00  
    0.219       272.51          2318.21        3163.34         3723.16         5500.00  
    0.225       298.59          2527.02        3191.34         3737.87         5500.00  
    0.231       49.33          676.44        2744.71         3296.14         4012.37  
    0.238       241.91          1986.18        3076.01         3638.08         5048.87  
    0.244       277.24          2176.61        3147.34         3708.75         5149.99  
    0.250       44.83          350.55        512.81         2452.21         3484.06  
    0.256       0          207.95        2135.57         3039.12         3649.14  
    0.263       234.52          2066.51        3078.08         3657.99         5213.60  
    0.269       282.55          2179.14        3144.37         3713.42         4964.09  
    0.275       300.68          2463.53        3150.04         3715.68         5395.61  
    0.281       301.11          2584.15        3187.54         3747.50         5500.00  
    0.288       49.00          668.21        2706.52         3313.15         4046.55  
    0.294       0          278.76        2552.30         3217.51         3752.06  
    0.300       241.84          2119.07        3085.54         3662.31         4861.92  
    0.306       294.22          2480.39        3180.17         3746.67         4568.30  
    0.312       304.62          2500.71        3163.88         3751.30         4445.51  
    0.319       302.57          2369.61        3140.53         3761.68         4079.47  
    0.325       299.15          2333.20        3121.57         3757.18         3958.38  
    0.331       307.28          2372.68        3112.42         3763.97         4042.51  
    0.338       328.64          2443.79        3130.15         3821.82         4085.36  
    0.344       54.21          694.06        2674.22         3339.72         3928.15  
    0.350       0          354.09        2555.72         3213.23         3968.08  
    0.356       0          363.83        2652.12         3419.80         3998.54  
    0.363       318.73          1243.45        2920.45         3675.79         4235.11  
    0.369       371.32          1600.10        2925.81         3626.99         4274.52  
    0.375       319.68          1734.27        2932.76         3683.88         4272.44  
    0.381       280.64          1788.61        2956.57         3815.63         4333.49  
    0.388       44.82          572.54        2766.72         3643.34         4359.59  
    0.394       0          300.17        2819.61         3783.12         4517.20  
    0.400       0          397.44        2416.68         3230.37         4149.22  
    0.406       0          775.85        2559.69         2999.75         3897.57  
    0.413       0          873.55        2022.51         2976.10         3856.05  
    0.419       151.02          1159.44        2769.48         3584.57         5231.73  
    0.425       276.03          1491.14        2973.38         3511.88         5213.76  
    0.431       316.89          1816.52        2434.90         3430.40         4911.28  
    