0.025       698.57          1808.97        2772.50         3859.65         4961.25  
    0.031       741.71          1775.38        2833.21         3882.46         4941.62  
    0.038       900.02          1798.94        2846.81         3895.64         4913.51  
    0.044       1145.11          1802.90        2598.75         4039.51         4885.76  
    0.050       533.61          1511.17        2326.72         3656.57         4535.26  
    0.056       0          1282.95        2193.23         3312.40         4298.77  
    0.062       0          1156.75        2152.28         3295.25         4365.15  
    0.069       446.56          1550.56        2627.37         3661.27         5036.19  
    0.075       329.38          1381.43        2599.38         3431.39         4725.18  
    0.081       465.92          1533.55        2603.98         3695.75         4928.50  
    0.088       654.31          1867.64        2886.32         4165.54         5500.00  
    0.094       541.63          1837.48        3213.16         3748.09         5086.67  
    0.100       230.49          784.15        2610.33         3456.08         4053.72  
    0.106       135.98          1164.89        2752.63         3618.92         4187.64  
    0.113       263.96          2070.02        3379.23         3832.85         4467.90  
    0.119       285.41          2105.92        3394.07         3864.44         4225.96  
    0.125       274.30          2065.08        3441.68         3878.41         4324.08  
    0.131       112.73          1032.52        2717.48         3831.37         4223.61  
    0.138       0          288.84        2189.27         3581.53         4020.23  
    0.144       0          284.59        2219.08         3393.61         3989.77  
    0.150       0          288.43        2209.93         3357.36         4023.80  
    0.156       0          293.93        2228.55         3348.13         4047.06  
    0.163       0          296.05        2264.89         3349.78         4068.84  
    0.169       172.14          1370.70        2900.09         3862.88         4899.64  
    0.175       293.55          2118.06        3373.01         4119.65         5500.00  
    0.181       122.87          1052.40        2676.50         3633.29         4592.49  
    0.188       0          299.29        2182.59         3342.24         3946.01  
    0.194       171.84          1386.90        2858.30         3764.07         4847.51  
    0.200       289.52          2118.00        3317.84         4034.28         4958.82  
    0.206       282.85          2065.86        3309.67         3970.30         4631.36  
    0.213       284.84          2035.61        3337.75         3924.68         4902.11  
    0.219       287.13          1986.62        3344.98         3949.63         4818.79  
    0.225       286.05          1915.66        3343.42         3994.66         4653.30  
    0.231       282.90          1953.62        3365.64         4008.80         5145.12  
    0.238       282.18          2092.98        3399.04         4026.82         5500.00  
    0.244       281.19          2034.80        3403.79         4022.34         5500.00  
    0.250       278.20          1979.23        3385.28         3994.36         5500.00  
    0.256       117.50          1009.36        2640.72         3642.31         4645.31  
    0.263       159.52          1171.26        2860.33         3761.50         4869.59  
    0.269       277.39          1795.63        3461.86         4020.93         5500.00  
    0.275       273.97          1760.84        3496.33         4007.94         4819.64  
    0.281       276.44          1784.72        3483.62         4004.63         4231.31  
    0.288       276.98          1836.08        3429.38         3985.21         4410.38  
    0.294       272.98          1837.78        3396.22         3969.40         4651.77  
    0.300       271.67          1804.87        3397.76         3968.27         4732.97  
    0.306       277.19          1786.82        3423.98         3968.09         5185.45  
    0.312       277.83          1789.41        3443.87         3959.18         5500.00  
    0.319       116.84          924.28        2602.34         3661.36         4614.95  
    0.325       0          268.72        2009.40         3440.34         3969.61  
    0.331       0          262.47        2032.85         3420.06         4002.36  
    0.338       153.02          1298.94        2839.75         3756.07         4872.80  
    0.344       112.86          1002.53        2648.16         3702.58         4647.88  
    0.350       0          198.98        2067.39         3471.02         4060.65  
    0.356       0          193.21        2085.56         3440.51         4113.76  
    0.363       118.23          1302.82        2781.18         3627.25         4441.05  
    0.369       144.97          1944.62        3225.33         3692.52         4768.81  
    0.375       42.61          772.04        2294.88         3412.74         4220.13  
    0.381       89.75          1008.74        2475.18         3769.10         4391.32  
    0.388       199.17          1747.90        2961.68         4111.06         4909.22  
    0.394       139.58          1695.15        2867.17         3947.24         4904.66  
    0.400       30.61          704.18        2159.02         3295.54         4232.52  
    0.406       0          0        1664.46         3047.57         3687.44  
    0.413       0          0        1704.92         3087.37         3445.35  
    0.419       0          790.06        2114.11         3286.34         4124.98  
    0.425       0          1248.68        2336.40         3557.67         4678.14  
    0.431       0          1159.51        2226.82         3391.89         4595.77  
    0.438       0          1358.35        2153.07         3224.46         4484.36  
    0.444       0          1517.28        2737.51         3419.46         4222.15  
    0.450       0          648.32        2244.37         3082.69         3971.53  
    0.456       0          0        658.17         2289.16         3403.71  
    0.463       0          613.37        1134.25         2735.26         3872.19  
    0.469       511.21          1575.61        2534.50         3488.29         4665.09  
    0.475       835.43          1836.97        2938.43         3739.14         4764.84  
    0.481       338.09          743.87        2198.45         3401.21         4694.70  
    0.488       0          799.11        1869.05         3209.74         4548.36  
    0.494       469.05          1483.18        2656.04         3660.11         5060.99  
    0.500       345.97          1308.18        2628.69         3729.24         4669.02  
    0.506       0          1170.70        2254.34         3697.47         4079.09  
    0.513       0          1278.53        2396.24         3790.65         3948.07  
    0.519       204.21          1452.98        2707.10         3904.22         4550.69  
    0.525       150.62          1088.58        2294.21         3428.33         4537.71  
    0.531       437.71          1431.59        2482.76         3614.10         4524.67  
    0.537       322.85          1530.01        2351.44         3506.36         4478.37  
    0.544       0          1385.88        2071.24         3288.43         4220.52  
    0.550       0          1389.22        2209.25         3573.99         4330.79  
    0.556       0          1228.25        2333.34         3611.93         4511.55  
    0.562       339.10          1302.69        2623.38         3694.50         4811.00  
    0.569       307.92          1488.32        2697.87         3810.31         5132.92  
    0.575       42.64          658.87        2038.32         3065.76         4380.26  
    0.581       339.66          1120.09        2394.97         3197.29         4491.13  
    0.588       626.95          1917.34        2890.08         3750.85         5002.27  
    0.594       277.64          1318.22        2499.04         3408.34         4630.23  
    0.600       0          838.72        2119.80         3136.50         4458.12  
    0.606       446.31          1339.60        2529.71         3548.43         4680.55  
    0.613       799.75          1730.84        2891.60         3836.86         4835.15  
    0.619       881.40          1680.16        2904.25         3742.15         4877.36  
    0.625       931.25          1621.66        2814.97         3661.18         4834.66  
    0.631       935.80          1749.67        2778.34         3585.72         4724.61  
    0.638       827.24          1876.82        3117.82         3657.16         4726.01  
    0.644       316.59          1236.34        2513.52         3461.83         4551.01  
    0.650       459.19          1401.40        2601.18         3794.99         4619.53  
    