0.025       530.59          1950.17        2825.47         3901.30         5500.00  
    0.031       555.17          1905.91        2886.26         4086.65         5189.61  
    0.038       659.21          1984.60        2988.68         4369.11         5445.66  
    0.044       100.81          935.53        2211.07         3400.92         4473.01  
    0.050       518.40          1730.03        3026.19         4091.96         5320.21  
    0.056       90.75          1250.58        2249.99         3392.93         4567.44  
    0.062       0          1272.22        2307.74         3293.90         4455.46  
    0.069       0          1261.71        2541.21         3570.38         4619.84  
    0.075       0          1080.44        2445.54         3609.38         4903.28  
    0.081       780.07          1122.30        2501.41         3658.91         4845.38  
    0.088       452.47          1447.40        2683.95         3702.41         4829.74  
    0.094       55.30          1085.92        2222.82         3412.44         4384.68  
    0.100       0          992.16        2267.73         3414.80         4534.41  
    0.106       473.27          1681.12        2576.04         3838.50         4859.41  
    0.113       82.85          1307.96        2442.73         3681.92         4729.21  
    0.119       1114.68          1525.71        2978.09         3469.63         4811.54  
    0.125       740.66          1731.22        3072.86         3714.61         4888.19  
    0.131       688.69          1784.53        3033.86         4054.77         5410.33  
    0.138       103.84          1218.65        2907.01         3111.74         4389.14  
    0.144       0          1262.72        2883.00         3082.55         4584.25  
    0.150       0          1247.17        2945.92         3445.94         4711.51  
    0.156       0          1013.66        2289.49         3311.20         4351.28  
    0.163       0          971.28        2107.07         3290.74         4330.95  
    0.169       722.16          1468.81        2998.09         3392.54         4694.81  
    0.175       126.42          1254.90        2221.52         3195.19         4495.64  
    0.181       385.47          1791.25        2716.73         4088.99         5343.55  
    0.188       501.95          1721.58        2752.25         4045.86         5500.00  
    0.194       76.06          1187.29        2524.35         3619.04         5106.17  
    0.200       815.86          1624.23        2799.39         3797.00         4973.97  
    0.206       744.85          1607.42        2711.63         3898.04         5070.60  
    0.213       105.39          1239.17        2575.49         3225.04         4306.69  
    0.219       707.43          1756.98        2910.11         4031.79         5301.81  
    0.225       710.72          1773.84        2708.54         3934.08         5168.37  
    0.231       699.93          1756.98        2688.65         3816.58         5138.39  
    0.238       746.86          1783.51        2965.57         4029.87         5446.86  
    0.244       112.44          266.41        1838.14         3323.60         4147.08  
    0.250       0          1290.82        2467.71         3618.49         3989.76  
    0.256       719.22          1776.59        3082.31         4108.30         5277.08  
    0.263       125.91          1363.83        2370.09         3500.54         4388.19  
    0.269       0          1227.89        2302.91         3506.85         4772.59  
    0.275       0          1218.80        2342.66         3587.26         4831.18  
    0.281       713.41          1379.35        2563.93         3793.89         4894.28  
    0.288       556.87          1671.32        2848.57         3799.82         5045.26  
    0.294       544.56          1734.78        3262.81         4455.38         5435.87  
    0.300       688.75          1639.37        3220.97         3978.83         4912.94  
    0.306       681.15          1636.77        2828.14         3681.20         4863.07  
    0.312       100.65          1536.61        2461.68         3189.01         4637.23  
    0.319       260.21          1673.57        2890.64         4296.55         5365.33  
    0.325       45.55          1428.50        2338.60         3273.55         4500.34  
    0.331       0          1249.13        2387.61         3275.53         4347.32  
    0.338       0          1347.84        2608.79         3643.89         4662.34  
    0.344       0          1441.39        2149.22         3429.50         4495.25  
    0.350       0          855.61        1776.32         3150.53         4317.01  
    0.356       0          111.86        1505.74         2838.39         3729.67  
    0.363       0          1035.59        2189.49         3329.97         3770.30  
    0.369       0          402.66        2365.49         3407.76         3711.81  
    0.375       221.38          2002.30        3262.07         3566.71         5231.44  
    0.381       272.21          2222.20        3382.24         3671.92         5097.74  
    0.388       282.27          2218.42        3421.65         3674.53         4880.98  
    0.394       284.67          2272.97        3450.01         3781.31         5403.96  
    0.400       278.44          2276.17        3447.27         3873.96         5500.00  
    0.406       274.14          2256.01        3433.94         3850.19         4855.82  
    0.413       278.25          2230.77        3302.00         3656.22         4468.97  
    0.419       276.87          2238.24        3101.97         3605.73         4464.76  
    0.425       272.91          2277.34        3473.93         3688.00         4773.19  
    0.431       273.68          2302.16        3503.82         3801.00         4717.70  
    0.438       278.22          2306.56        3482.24         3850.10         5380.63  
    0.444       41.56          581.30        2476.07         3555.23         4076.13  
    0.450       229.85          1993.60        3334.12         3745.67         5250.74  
    0.456       267.79          2289.06        3490.03         3798.20         5500.00  
    0.463       270.64          2270.73        3481.15         3798.90         5500.00  
    0.469       275.67          2250.69        3439.14         3775.10         5112.50  
    0.475       278.74          2235.71        3395.53         3761.59         4660.21  
    0.481       285.09          2248.40        3371.00         3753.29         4485.19  
    0.488       287.67          2279.82        3383.17         3731.20         4463.53  
    0.494       292.96          2289.23        3405.64         3746.80         4621.42  
    0.500       295.83          2295.95        3398.61         3760.07         5373.24  
    0.506       301.26          2290.77        3385.31         3773.80         5500.00  
    0.513       303.29          2291.43        3384.84         3785.58         5500.00  
    0.519       300.45          2278.42        3378.45         3777.82         5356.53  
    0.525       44.68          593.45        2430.90         3441.67         4002.91  
    0.531       0          297.18        2263.02         3371.22         3772.57  
    0.537       0          291.80        2249.94         3411.56         3769.26  
    0.544       234.24          1928.29        3324.72         3654.52         5242.06  
    0.550       268.83          2226.45        3434.67         3681.28         5500.00  
    0.556       271.53          2259.86        3493.42         3669.95         5500.00  
    0.562       40.55          563.23        2436.97         3681.90         4038.41  
    0.569       204.53          1896.76        2789.54         3710.45         5244.13  
    0.575       234.70          1938.67        3095.80         3741.88         5297.77  
    0.581       230.08          1933.99        3270.03         3722.90         5100.39  
    0.588       211.32          1922.34        3430.09         3531.45         4806.89  
    0.594       31.01          285.91        1954.03         2921.69         3867.40  
    0.600       0          1253.43        2525.20         3589.57         4127.15  
    0.606       0          1446.05        2690.41         3915.00         5306.33  
    0.613       0          214.73        1671.07         2799.74         4081.20  
    0.619       0          1098.62        2081.40         3416.17         4349.94  
    0.625       0          1389.00        2009.73         3509.62         4400.47  
    0.631       483.79          1582.34        2360.70         3677.26         4902.90  
    0.638       345.52          1410.51        2620.82         3738.47         5065.97  
    0.644       45.66          1244.75        2542.42         3526.86         4705.02  
    0.650       0          1186.98        2368.63         3447.93         4416.67  
    0.656       1046.45          1314.89        2700.38         3639.95         5219.42  
    0.663       183.19          1279.35        2435.51         3596.49         4440.72  
    0.669       865.81          1482.48        2937.97         3497.67         4980.99  
    0.675       893.08          1723.06        3021.93         3738.29         5013.46  
    0.681       129.81          1454.86        3025.97         3606.92         4916.70  
    0.688       0          1435.90        2773.71         3378.07         4532.52  
    0.694       659.52          1688.97        2883.80         3767.25         4857.92  
    0.700       823.22          1846.21        2960.64         3823.11         4938.19  
    0.706       911.52          1872.32        2956.13         3569.28         4841.03  
    0.713       137.88          279.10        1732.10         2706.10         3894.18  
    0.719       0          0        1442.47         2633.82         3809.99  
    