0.025       0          0        1835.55         2889.83         4129.55  
    0.031       0          856.08        2224.00         3149.09         4317.78  
    0.038       0          703.32        2102.93         3005.04         4183.47  
    0.044       117.81          1305.18        2454.80         3305.91         4434.18  
    0.050       253.16          2379.21        3029.16         3800.92         4419.02  
    0.056       288.67          2365.54        2961.26         3816.13         4049.11  
    0.062       297.79          2346.33        2864.73         3821.15         4069.30  
    0.069       302.63          2348.00        2890.40         3834.04         4121.78  
    0.075       301.64          2346.53        2855.47         3848.76         4139.43  
    0.081       298.96          2336.32        2771.07         3839.20         4142.91  
    0.088       298.28          2336.91        2800.11         3832.93         4134.27  
    0.094       298.44          2334.73        2819.14         3854.42         4127.91  
    0.100       296.52          2337.55        2849.76         3865.80         4128.13  
    0.106       294.98          2354.34        2895.79         3865.37         4136.21  
    0.113       295.32          2369.58        2868.52         3868.65         4149.87  
    0.119       296.06          2381.08        2809.34         3860.72         4142.35  
    0.125       295.76          2388.98        2799.27         3846.98         4120.63  
    0.131       296.65          2393.70        2759.26         3838.91         4118.95  
    0.138       298.58          2395.68        2738.24         3834.22         4082.54  
    0.144       300.09          2374.24        2839.76         3778.95         4074.16  
    0.150       300.76          2337.36        2906.26         3720.49         4085.17  
    0.156       301.10          2317.01        2897.46         3712.36         4051.63  
    0.163       301.95          2313.41        2901.90         3724.63         3999.04  
    0.169       302.54          2311.45        2915.50         3730.86         3925.63  
    0.175       302.11          2307.74        2917.75         3740.51         3877.63  
    0.181       302.16          2301.07        2924.66         3758.38         3878.85  
    0.188       303.55          2291.45        2916.53         3761.12         3889.73  
    0.194       304.38          2297.31        2907.62         3753.67         3845.17  
    0.200       303.68          2301.03        2882.22         3749.57         3819.87  
    0.206       304.39          2308.05        2894.33         3774.42         3823.36  
    0.213       305.23          2318.46        2940.10         3763.37         3815.66  
    0.219       304.41          2319.38        2960.99         3737.32         3821.31  
    0.225       303.68          2318.55        2976.65         3742.99         3890.37  
    0.231       303.95          2307.74        2982.61         3747.88         3957.54  
    0.238       305.03          2301.87        2975.15         3748.14         3933.84  
    0.244       306.48          2303.74        2968.09         3718.72         3860.23  
    0.250       309.03          2304.86        2966.28         3674.65         3820.58  
    0.256       310.45          2303.59        2971.86         3659.35         3810.54  
    0.263       310.75          2307.32        2979.04         3652.16         3806.21  
    0.269       313.63          2314.53        2981.09         3621.68         3811.77  
    0.275       316.74          2312.70        2988.41         3613.43         3811.20  
    0.281       316.85          2320.55        2999.79         3666.71         3819.05  
    0.288       315.33          2330.05        2998.46         3698.51         3841.30  
    0.294       315.98          2331.45        2983.93         3679.75         3910.26  
    0.300       318.85          2339.08        2963.38         3649.78         3970.42  
    0.306       316.37          2347.04        2952.31         3638.84         3960.42  
    0.312       314.88          2350.42        2974.95         3667.35         3973.47  
    0.319       314.11          2347.24        3001.92         3701.01         4003.61  
    0.325       311.92          2345.03        3018.71         3717.95         4003.04  
    0.331       308.94          2341.21        3026.44         3723.89         3942.23  
    0.338       306.43          2327.53        3010.47         3702.31         3931.39  
    0.344       306.27          2314.84        2987.01         3685.86         3963.00  
    0.350       304.98          2309.00        2975.43         3689.30         3956.25  
    0.356       300.34          2307.73        2967.68         3689.88         3966.68  
    0.363       296.66          2316.18        2958.15         3682.55         4005.70  
    0.369       295.71          2333.81        2982.44         3654.50         3948.28  
    0.375       295.27          2336.59        3022.43         3693.19         3859.35  
    0.381       298.65          2318.94        2981.10         3784.79         3868.23  
    0.388       299.13          2301.77        2969.62         3813.68         3951.66  
    0.394       293.74          2297.11        3061.82         3786.82         4061.52  
    0.400       284.99          2325.44        3116.63         3761.11         4130.89  
    0.406       280.57          2357.93        3105.66         3749.99         4135.98  
    0.413       282.62          2359.89        3083.96         3745.23         4119.38  
    0.419       280.87          2349.43        3064.65         3740.23         4107.43  
    0.425       277.10          2349.51        3047.72         3743.77         4092.27  
    0.431       274.37          2357.53        3025.39         3749.11         4099.26  
    0.438       270.05          2355.23        2982.84         3753.14         4108.21  
    0.444       264.04          2349.92        2921.33         3751.34         4065.03  
    0.450       261.26          2338.72        2911.48         3745.81         4032.92  
    0.456       258.00          2330.67        2924.14         3753.78         4064.74  
    0.463       251.99          2334.30        2899.99         3766.04         4079.54  
    0.469       248.06          2339.48        2866.59         3755.71         4056.18  
    0.475       245.95          2358.01        2841.34         3736.27         3985.37  
    0.481       242.85          2407.50        2763.78         3755.24         3917.07  
    0.488       233.88          2436.79        2750.73         3800.93         3878.02  
    0.494       219.34          2419.42        2847.67         3825.56         3876.55  
    