0.025       0          0        275.66         2794.50         3469.01  
    0.031       0          0        275.74         2926.30         3491.78  
    0.038       0          0        295.27         2974.40         3532.70  
    0.044       0          0        290.33         2938.20         3532.19  
    0.050       213.11          1400.00        2202.58         3365.48         4673.62  
    0.056       288.58          2091.34        2853.72         3503.72         5052.69  
    0.062       288.04          2145.51        2896.31         3482.35         5033.28  
    0.069       289.48          2211.51        2960.36         3490.36         5030.01  
    0.075       290.33          2271.62        2985.75         3506.11         5028.74  
    0.081       290.93          2309.54        3015.73         3519.94         5035.28  
    0.088       290.69          2327.87        3032.77         3544.45         5044.44  
    0.094       292.05          2337.98        3047.46         3546.71         5065.24  
    0.100       292.16          2358.31        3055.05         3545.07         5052.05  
    0.106       292.94          2391.69        3043.27         3555.67         5027.36  
    0.113       293.64          2411.69        3048.08         3563.67         5009.94  
    0.119       293.30          2377.73        3066.85         3572.93         4995.76  
    0.125       292.58          2341.24        3074.21         3584.02         4984.61  
    0.131       292.00          2326.72        3071.00         3580.84         4971.67  
    0.138       289.89          2324.02        3058.74         3578.43         4976.69  
    0.144       286.17          2343.13        3065.49         3574.21         4942.75  
    0.150       284.49          2352.02        3065.75         3533.19         4909.18  
    0.156       286.39          2340.64        3040.47         3522.64         4932.19  
    0.163       288.06          2322.53        3025.03         3540.37         4917.78  
    0.169       289.53          2305.80        3042.13         3529.11         4899.35  
    0.175       291.06          2301.70        3042.75         3487.17         4932.71  
    0.181       291.27          2309.08        3038.08         3460.01         4944.68  
    0.188       289.81          2326.65        3038.35         3447.92         4911.22  
    0.194       289.05          2315.86        3044.84         3423.99         4861.54  
    0.200       289.60          2306.32        3048.10         3410.05         4859.65  
    0.206       289.09          2309.57        3049.56         3390.90         4881.37  
    0.213       288.07          2313.26        3047.63         3399.39         4882.70  
    0.219       288.34          2334.08        3059.97         3374.81         4862.03  
    0.225       287.09          2328.55        3066.24         3332.14         4865.29  
    0.231       286.00          2307.94        3059.72         3348.20         4859.71  
    0.238       287.07          2300.71        3063.32         3359.64         4844.75  
    0.244       287.53          2293.93        3064.09         3344.58         4827.90  
    0.250       286.26          2305.02        3042.39         3342.99         4845.27  
    0.256       286.53          2349.82        3032.43         3354.67         4830.91  
    0.263       288.16          2374.17        3084.59         3350.36         4818.52  
    0.269       288.89          2340.84        3080.97         3353.69         4853.47  
    0.275       288.30          2317.99        3056.67         3328.72         4797.26  
    0.281       289.06          2331.36        3058.57         3273.12         4737.23  
    0.288       290.20          2336.34        3088.20         3264.60         4703.59  
    0.294       290.72          2334.95        3101.69         3312.51         4706.67  
    0.300       290.58          2367.16        3141.99         3282.82         4710.33  
    0.306       290.46          2403.63        3151.25         3219.50         4738.99  
    0.312       291.31          2397.00        3137.94         3216.28         4747.53  
    0.319       290.30          2350.23        3118.98         3271.43         4764.60  
    0.325       288.97          2371.07        3128.81         3515.18         4759.82  
    0.331       287.88          2406.33        3144.48         3927.76         4716.19  
    0.338       288.04          2427.03        3116.49         4297.87         4656.58  
    0.344       289.13          2427.26        3095.90         4181.58         4678.38  
    0.350       286.78          2447.78        3095.69         4166.23         4670.74  
    0.356       286.93          2446.50        3094.54         4255.66         4618.56  
    0.363       288.58          2452.93        3084.21         4240.24         4600.09  
    0.369       288.48          2412.70        3071.77         4159.76         4616.09  
    0.375       288.17          2403.95        3077.16         3939.18         4630.70  
    0.381       288.77          2454.71        3073.65         4435.53         4768.14  
    0.388       286.89          2393.15        3057.32         4564.24         4677.30  
    0.394       287.22          2356.09        3059.59         4464.64         4611.22  
    0.400       286.24          2341.68        3054.81         4422.89         4617.58  
    0.406       285.87          2346.59        3066.56         4475.36         4560.06  
    0.413       284.30          2371.86        3092.66         4525.58         4588.75  
    0.419       284.01          2419.07        3113.39         4522.27         4773.15  
    0.425       285.98          2424.20        3138.04         4465.46         4702.12  
    0.431       286.79          2388.96        3131.64         4410.76         4668.81  
    0.438       287.08          2393.61        3091.34         4403.56         4704.71  
    0.444       286.15          2442.95        3090.05         4369.10         4685.10  
    0.450       285.57          2440.79        3102.57         4344.33         4670.39  
    0.456       285.10          2451.27        3088.71         4367.13         4688.49  
    0.463       286.76          2455.88        3075.40         4394.55         4669.83  
    0.469       288.04          2469.04        3089.64         4375.63         4625.54  
    0.475       289.46          2360.94        3069.22         4316.41         4579.66  
    0.481       289.64          2198.76        2974.11         4284.55         4580.00  
    0.488       286.84          1922.61        2906.19         4291.41         4646.04  
    0.494       273.12          1696.05        2883.05         4264.71         4677.78  
    0.500       69.87          427.90        930.52         3243.00         4139.17  
    0.506       0          169.68        2039.47         3157.23         4465.44  
    0.513       0          226.14        2588.06         3248.24         4666.42  
    0.519       0          232.31        2573.52         3253.28         4641.83  
    0.525       0          243.35        2654.62         3212.43         4589.51  
    0.531       0          277.00        2661.44         3213.02         4544.84  
    0.537       0          325.09        2563.17         3223.25         4541.76  
    0.544       0          516.49        2499.35         3235.82         4454.30  
    0.550       0          698.01        2552.25         3202.88         4346.23  
    0.556       0          794.78        2551.56         3260.47         4345.49  
    