0.025       0          1100.03        2397.54         3577.34         4046.28  
    0.031       0          1073.76        1458.63         3304.16         4120.74  
    0.038       739.01          1334.59        3092.60         3830.33         5256.77  
    0.044       926.55          1307.14        3011.67         3848.46         5490.46  
    0.050       49.60          1070.71        2965.34         3125.49         4175.08  
    0.056       0          864.45        2943.65         3117.87         4168.79  
    0.062       0          1082.43        2969.43         3127.26         4043.23  
    0.069       210.55          1343.02        2945.50         3931.46         4862.28  
    0.075       265.93          1474.75        2965.51         3995.19         4908.51  
    0.081       263.80          1739.58        2960.83         3982.17         5063.08  
    0.088       13.98          333.16        2591.99         3439.43         4449.96  
    0.094       233.86          2462.44        3059.28         4158.28         5317.43  
    0.100       253.69          2635.77        3017.41         4215.16         4962.97  
    0.106       300.40          2599.13        3468.95         4277.71         5168.08  
    0.113       16.08          438.13        2605.01         3628.22         4298.52  
    0.119       0          323.05        2566.05         3723.25         4263.98  
    0.125       0          318.12        2570.46         3765.38         4310.13  
    0.131       0          319.90        2544.40         3749.47         4344.78  
    0.138       0          324.41        2531.58         3853.67         4332.33  
    0.144       0          322.85        2521.92         3968.01         4230.09  
    0.150       0          319.79        2430.94         3887.73         4297.77  
    0.156       0          320.39        2393.52         3876.65         4455.23  
    0.163       0          323.08        2382.34         3865.19         4433.27  
    0.169       0          322.07        2372.56         3840.89         4461.79  
    0.175       0          321.64        2361.84         3781.24         4508.67  
    0.181       0          319.64        2356.36         3365.94         4386.81  
    0.188       0          320.62        2357.76         3216.28         4364.18  
    0.194       0          320.56        2692.62         3514.13         4376.54  
    0.200       0          317.67        2723.10         3504.10         4413.32  
    0.206       298.18          2369.14        3350.52         4230.20         5442.45  
    0.213       313.19          2373.63        3252.47         4365.09         5500.00  
    0.219       16.61          420.13        2423.42         3417.05         4507.28  
    0.225       0          310.32        2400.66         3474.19         4483.90  
    0.231       0          313.30        2363.99         3643.23         4516.16  
    0.238       0          314.06        2373.25         3588.01         4485.02  
    0.244       295.96          2316.72        2741.83         3955.60         4942.22  
    0.250       16.58          427.88        2864.35         4122.44         4190.44  
    0.256       0          315.84        2967.36         3943.07         4282.40  
    0.263       0          314.01        2980.27         3667.53         4463.83  
    0.269       0          311.34        3001.31         3196.04         4467.38  
    0.275       293.65          2216.14        3202.53         4374.88         5445.19  
    0.281       16.45          415.41        2370.44         3368.06         4541.46  
    0.288       294.30          2261.68        3254.49         4180.06         5446.29  
    0.294       310.73          2476.39        3176.51         4207.99         5500.00  
    0.300       16.49          426.28        2562.87         3625.13         4578.94  
    0.306       0          309.42        2369.64         3762.19         4654.90  
    0.312       0          309.95        2346.50         3584.34         4487.06  
    0.319       0          308.54        2365.52         3465.55         4306.45  
    0.325       0          309.20        2408.66         3249.36         4315.93  
    0.331       0          311.21        2392.33         3658.08         4415.81  
    0.338       0          312.79        2348.12         3690.43         4484.38  
    0.344       0          311.98        2336.88         3673.14         4418.02  
    0.350       0          310.60        2318.13         3654.84         4368.85  
    0.356       0          309.59        2321.37         3717.22         4308.99  
    0.363       0          309.36        2320.25         3589.18         4316.95  
    0.369       290.60          2227.01        3332.01         4202.91         5437.26  
    0.375       16.28          404.35        2394.32         3696.58         4334.52  
    0.381       0          285.95        2344.73         3719.83         4296.49  
    0.388       264.05          2275.09        3652.69         4089.24         5436.22  
    0.394       14.80          390.08        2501.12         4101.47         4331.40  
    0.400       0          275.76        2385.46         3939.72         4100.38  
    0.406       0          272.28        2413.52         3989.91         4130.73  
    0.413       250.93          2256.94        3060.67         4091.55         5320.14  
    0.419       262.93          2340.77        2989.71         4226.97         5493.99  
    0.425       259.95          2354.15        3244.75         4228.52         5500.00  
    0.431       255.38          2353.26        3046.49         4118.46         5500.00  
    0.438       254.49          2385.86        3151.42         4053.49         5500.00  
    0.444       245.69          2375.36        3148.58         4091.70         5195.30  
    0.450       230.50          2316.16        3264.69         4222.36         5086.69  
    0.456       220.00          2350.63        3182.60         4159.94         5042.87  
    0.463       227.94          2375.44        3131.13         4131.39         5315.67  
    0.469       231.51          2362.83        3307.33         4112.06         5491.04  
    0.475       232.56          2402.88        3266.24         4175.12         5263.60  
    0.481       234.67          2396.18        3464.50         4237.25         5486.75  
    0.488       243.99          2390.82        3721.99         4250.39         5500.00  
    0.494       252.51          2366.85        2900.31         4118.47         5157.88  
    0.500       260.93          2101.83        2935.12         4136.89         5480.83  
    0.506       261.62          1922.29        2931.57         4210.33         5123.70  
    0.513       262.49          1902.26        2925.22         4301.78         5478.91  
    0.519       254.17          1967.09        2925.21         4278.29         5500.00  
    0.525       267.72          1960.77        2888.49         4205.30         5500.00  
    0.531       257.09          1974.89        2913.68         4314.92         5500.00  
    0.537       235.69          1977.24        2698.95         4274.68         5500.00  
    