0.025       0          875.27        2180.27         2846.60         3730.58  
    0.031       460.03          1129.36        2331.44         3171.55         4711.18  
    0.038       370.06          1069.24        2416.36         3380.10         5286.03  
    0.044       0          546.09        2396.82         3198.09         4988.09  
    0.050       0          287.42        2439.81         3037.45         4774.00  
    0.056       0          275.78        2579.42         3181.58         4648.39  
    0.062       0          277.70        2589.98         3554.51         4619.30  
    0.069       0          293.20        2554.04         3794.91         4610.47  
    0.075       0          308.05        2626.73         3909.92         4636.88  
    0.081       0          308.91        2674.42         3985.36         4673.27  
    0.088       0          304.74        2594.64         3965.23         4619.03  
    0.094       0          308.96        2513.37         3910.43         4495.45  
    0.100       0          310.50        2480.57         3765.13         4376.41  
    0.106       0          309.06        2451.03         3766.32         4283.92  
    0.113       0          308.83        2439.88         3935.93         4245.55  
    0.119       169.85          1486.28        3294.42         4039.95         4939.77  
    0.125       305.76          2432.05        3665.19         4042.91         5500.00  
    0.131       305.81          2427.71        3360.87         4027.86         5382.46  
    0.138       306.48          2459.58        3674.42         4001.63         5405.45  
    0.144       305.43          2498.48        3600.63         4005.67         5436.09  
    0.150       304.60          2551.78        3245.32         4031.28         5448.59  
    0.156       305.15          2553.48        3241.71         4023.51         5500.00  
    0.163       306.33          2535.63        3312.43         4038.34         5500.00  
    0.169       309.55          2587.84        3401.13         4046.62         5500.00  
    0.175       138.92          1344.42        2986.29         3981.98         4643.17  
    0.181       0          315.47        2604.92         3880.45         4028.02  
    0.188       0          315.98        2631.82         3845.47         4236.31  
    0.194       174.75          1350.13        2726.04         3872.47         4611.16  
    0.200       314.34          2478.91        2759.34         3892.66         4933.65  
    0.206       313.66          2668.10        2736.19         3872.80         4956.46  
    0.213       313.50          2535.44        2943.56         3885.71         4923.45  
    0.219       312.33          2492.06        3139.92         3955.15         4975.79  
    0.225       311.02          2540.66        3172.30         3977.38         4885.99  
    0.231       310.34          2468.59        3100.05         3901.94         4801.49  
    0.238       310.70          2410.93        3064.84         3933.75         5106.89  
    0.244       311.68          2352.89        3043.15         4010.07         5347.18  
    0.250       313.52          2255.88        3000.73         4000.05         5287.86  
    0.256       315.24          2339.86        3182.19         3977.93         5384.05  
    0.263       315.01          2450.22        3076.96         3941.60         5109.40  
    0.269       315.79          2365.55        2920.38         3914.57         4801.00  
    0.275       316.67          2282.50        3037.10         3941.44         5081.56  
    0.281       317.00          2264.66        3103.37         3969.50         5412.40  
    0.288       318.35          2241.43        3085.71         3950.13         5169.40  
    0.294       318.48          2244.99        3031.75         3943.66         4869.39  
    0.300       318.10          2249.62        3019.45         3942.99         4926.07  
    0.306       318.23          2249.05        3042.57         3943.00         5018.47  
    0.312       317.21          2254.92        3116.38         3984.49         5123.58  
    0.319       315.91          2257.43        3251.59         4004.42         5362.74  
    0.325       315.84          2261.82        3478.17         4004.71         5500.00  
    0.331       315.64          2269.75        3657.47         3955.66         5500.00  
    0.338       315.81          2285.02        3633.85         3904.03         5073.82  
    0.344       313.79          2309.88        3646.66         3966.53         4806.25  
    0.350       307.55          2331.47        3398.70         4011.62         4824.30  
    0.356       302.90          2388.48        3088.31         3990.54         4846.23  
    0.363       300.45          2466.13        3059.72         3979.97         4963.32  
    0.369       296.42          2485.91        2965.50         3977.80         4958.52  
    0.375       292.90          2334.31        2952.44         3968.83         5019.38  
    0.381       290.37          2280.63        3042.72         4019.30         5325.65  
    0.388       287.72          2325.71        3049.51         4071.82         5500.00  
    0.394       282.82          2279.78        3016.12         4038.19         5179.67  
    0.400       280.85          2276.05        3135.00         4048.24         5242.32  
    0.406       125.59          1185.02        2728.50         3840.85         4782.05  
    0.413       0          289.94        2327.59         3720.85         4264.25  
    0.419       0          286.39        2362.07         3697.23         4306.87  
    0.425       143.30          1456.50        2868.22         3965.43         4966.15  
    0.431       247.97          2359.87        3171.37         4117.24         5214.94  
    0.438       236.56          2336.28        3186.31         4023.52         4978.16  
    0.444       244.62          2366.00        3316.04         4056.37         5264.68  
    0.450       252.38          2394.71        3284.33         4070.12         5500.00  
    0.456       251.87          2475.85        3242.86         4104.87         5500.00  
    0.463       112.27          1277.15        2950.02         3654.87         4776.25  
    0.469       0          269.19        2599.11         3273.40         4197.55  
    0.475       149.28          1434.89        2906.38         3779.34         4920.62  
    0.481       264.52          2308.78        3045.15         4182.61         5500.00  
    0.488       261.71          2257.58        2839.40         4085.94         5500.00  
    0.494       281.67          2264.06        2848.24         3982.52         5500.00  
    0.500       284.17          2321.31        2724.53         3933.67         5500.00  
    0.506       271.15          2346.92        2943.48         3993.04         5500.00  
    0.513       119.92          1199.89        2730.14         3523.09         4835.08  
    