0.025       0          0        2376.27         2800.04         3382.98  
    0.031       284.03          2429.47        3100.59         3767.16         4981.38  
    0.038       288.13          2389.59        3106.94         3864.62         4160.72  
    0.044       299.75          2344.69        3052.64         3955.98         3991.89  
    0.050       300.72          2367.46        3072.48         3894.11         4114.55  
    0.056       298.64          2356.53        3014.83         3825.27         4128.48  
    0.062       295.16          2333.87        2975.57         3822.02         4133.28  
    0.069       296.15          2353.76        2993.34         3856.38         4125.31  
    0.075       296.62          2378.40        3068.18         3980.91         4188.19  
    0.081       294.50          2393.79        3208.78         4006.19         4378.07  
    0.088       293.59          2395.78        3255.67         3961.79         4336.04  
    0.094       295.49          2388.66        3252.13         3905.60         4531.95  
    0.100       296.06          2391.23        3226.60         3890.82         4478.14  
    0.106       294.81          2400.07        3188.00         3881.74         4469.61  
    0.113       296.81          2407.88        3121.91         3874.97         4393.55  
    0.119       298.86          2415.96        3148.14         3894.16         4459.66  
    0.125       299.99          2391.06        3118.93         3900.83         4356.79  
    0.131       299.95          2371.69        3052.51         3798.27         4108.10  
    0.138       299.26          2366.32        2942.91         3700.23         3990.03  
    0.144       299.12          2357.51        2915.47         3691.73         3883.88  
    0.150       300.08          2356.57        2997.08         3739.68         3806.99  
    0.156       299.19          2358.83        3052.68         3787.45         4032.97  
    0.163       300.36          2350.47        3053.98         3789.93         4142.07  
    0.169       301.77          2346.79        3004.68         3792.40         3931.00  
    0.175       302.53          2361.74        3014.96         3787.69         3942.97  
    0.181       301.72          2341.18        2998.90         3788.73         3865.23  
    0.188       302.91          2347.21        3033.29         3792.47         3981.09  
    0.194       303.24          2353.17        3054.22         3796.89         3946.87  
    0.200       301.55          2348.17        3050.99         3686.03         3803.26  
    0.206       299.71          2343.23        3026.37         3773.03         3823.33  
    0.213       300.11          2328.84        3013.83         3798.40         3833.51  
    0.219       300.36          2331.57        3012.83         3754.68         3828.30  
    0.225       301.30          2338.35        3015.87         3687.11         3809.71  
    0.231       303.52          2347.15        3037.06         3778.67         3788.98  
    0.238       304.78          2347.81        3057.72         3771.18         4047.88  
    0.244       305.32          2355.08        3080.94         3771.35         4224.29  
    0.250       309.66          2362.51        3077.82         3782.56         3881.41  
    0.256       312.39          2351.88        3064.95         3779.80         3819.35  
    0.263       311.29          2353.41        3043.59         3771.31         3874.96  
    0.269       311.31          2356.09        3051.24         3762.58         4067.72  
    0.275       313.80          2350.96        3039.16         3765.56         4099.79  
    0.281       317.23          2361.52        3019.05         3753.95         3986.84  
    0.288       319.51          2365.31        3040.54         3829.83         3869.47  
    0.294       320.38          2368.38        3097.85         3862.56         4052.06  
    0.300       321.98          2358.64        3099.07         3836.70         4231.47  
    0.306       319.02          2355.68        3087.08         3789.20         4359.36  
    0.312       317.57          2351.32        3089.60         3785.50         4410.09  
    0.319       314.09          2337.38        3065.44         3826.63         4075.19  
    0.325       312.69          2327.15        3038.05         3870.64         4001.11  
    0.331       310.14          2329.90        3049.80         3849.22         4066.76  
    0.338       305.98          2330.36        3054.14         3814.85         4216.19  
    0.344       302.79          2336.72        3053.37         3813.47         4391.68  
    0.350       304.43          2348.44        3057.40         3809.08         4678.09  
    0.356       309.17          2339.37        3046.55         3815.34         5499.44  
    0.363       309.04          2318.32        3067.71         3861.57         5145.39  
    0.369       300.59          2321.50        3148.41         3847.77         4928.18  
    0.375       295.38          2370.07        3216.64         3827.31         4732.25  
    0.381       285.55          2573.89        3213.00         3809.55         4444.67  
    0.388       284.33          2493.02        3102.96         3773.89         4198.13  
    0.394       291.03          2362.01        3057.79         3745.47         4111.81  
    0.400       289.09          2328.97        3005.70         3718.37         4092.01  
    0.406       289.61          2336.95        2999.55         3738.43         4037.59  
    0.413       288.99          2348.91        2966.15         3719.39         4080.28  
    0.419       283.87          2355.34        2970.63         3716.00         4025.02  
    0.425       278.91          2362.06        3203.82         3664.13         3898.62  
    0.431       278.85          2343.94        3126.73         3865.81         5498.91  
    0.438       271.36          2338.92        3072.60         3833.52         3885.36  
    0.444       266.59          2379.75        3286.88         3363.93         3914.62  
    0.450       0.18          261.31        2415.01         3376.48         3941.31  
    0.456       0          262.09        2422.76         3318.55         3893.17  
    0.463       0          264.80        2506.37         3286.94         3870.99  
    0.469       0          247.11        2526.32         3189.43         3837.86  
    0.475       0          229.95        2471.25         3246.50         3835.42  
    0.481       0          185.89        2446.99         3380.37         3857.30  
    0.488       161.24          2135.75        2929.06         3888.71         5498.88  
    0.494       0.11          167.59        2175.71         3012.47         4004.48  
    0.500       0          189.80        2268.74         3111.42         4073.30  
    0.506       223.90          2119.85        2901.30         3798.83         5499.03  
    