0.025       0          258.55        2523.54         3489.19         4748.62  
    0.031       0          240.84        2556.74         3526.57         4752.33  
    0.038       0          225.87        2562.40         3615.49         4766.07  
    0.044       0          216.48        2563.23         3845.44         4724.65  
    0.050       0          213.72        2557.57         3813.74         4681.13  
    0.056       0          220.93        2544.26         3733.85         4723.04  
    0.062       0          221.79        2542.60         3676.51         4783.89  
    0.069       0          217.62        2540.78         3678.61         4781.71  
    0.075       0          212.14        2573.12         3567.93         4754.91  
    0.081       0          212.15        2589.05         3495.67         4741.39  
    0.088       0          212.62        2586.62         3587.57         4736.86  
    0.094       0          211.69        2588.93         3766.53         4746.34  
    0.100       0          207.17        2602.53         3802.06         4781.89  
    0.106       171.80          2072.47        2596.50         3804.51         4793.72  
    0.113       207.60          2439.60        2600.95         3794.85         4797.10  
    0.119       209.01          2573.55        2676.63         3791.63         4802.77  
    0.125       208.47          2590.09        3113.09         3759.95         4793.54  
    0.131       210.03          2571.28        3270.50         3721.03         4736.79  
    0.138       212.86          2554.21        3405.23         3690.13         4638.07  
    0.144       215.37          2541.82        3509.06         3579.95         4694.69  
    0.150       218.57          2531.57        3506.28         3675.92         4708.70  
    0.156       223.90          2517.82        3539.43         3697.89         4720.76  
    0.163       225.66          2512.98        3496.79         3573.33         4769.74  
    0.169       223.27          2513.77        3514.31         3921.95         4819.26  
    0.175       219.52          2521.19        3443.60         4675.12         5390.00  
    0.181       219.52          2520.13        3415.08         4665.19         5500.00  
    0.188       218.17          2531.29        3439.58         4523.00         5500.00  
    0.194       220.90          2544.63        3474.81         4500.72         5500.00  
    0.200       222.50          2549.93        3523.72         3865.30         5500.00  
    0.206       224.13          2560.41        3517.74         3597.61         5500.00  
    0.213       224.82          2561.59        3459.47         3543.47         5500.00  
    0.219       226.03          2558.41        3497.87         3543.43         5500.00  
    0.225       227.69          2553.76        3515.82         3581.69         5500.00  
    0.231       227.73          2534.97        3463.21         3614.45         5500.00  
    0.238       231.26          2507.72        3407.47         3846.62         5500.00  
    0.244       231.50          2492.92        3417.81         3918.58         5500.00  
    0.250       225.96          2507.64        3461.05         3755.43         5500.00  
    0.256       219.98          2537.42        3394.88         3532.64         5500.00  
    0.263       216.06          2550.57        3395.91         3474.10         5500.00  
    0.269       213.06          2514.46        3404.28         3483.69         5500.00  
    0.275       213.90          2518.53        3315.55         3625.11         5500.00  
    0.281       218.95          2538.63        3331.17         3707.72         5500.00  
    0.288       218.62          2524.38        3320.79         3802.19         5500.00  
    0.294       218.64          2504.15        3302.42         4009.50         5500.00  
    0.300       220.77          2521.16        3316.15         3813.80         5307.01  
    0.306       224.26          2535.00        3319.47         3800.42         4965.93  
    0.312       228.79          2506.88        3309.79         3941.91         4826.42  
    0.319       234.32          2512.26        3369.15         4221.92         4736.95  
    0.325       38.46          613.51        2687.12         3546.92         4561.30  
    0.331       0          247.39        2553.50         3358.49         4568.07  
    0.338       0          253.58        2510.08         3274.58         4515.81  
    0.344       0          259.34        2511.37         3234.36         4600.76  
    0.350       222.07          1832.30        2566.75         3381.25         4726.69  
    0.356       269.54          1470.74        2580.89         3392.69         4632.28  
    0.363       44.20          447.35        2548.06         3354.27         4570.85  
    0.369       0          276.82        2534.41         3322.32         4540.95  
    0.375       0          278.65        2568.25         3379.23         4592.56  
    0.381       0          276.12        2560.06         3409.18         4713.02  
    0.388       0          279.36        2564.50         3363.63         4692.81  
    0.394       0          282.28        2550.66         3357.93         4795.39  
    0.400       0          299.05        2364.39         3238.89         4535.76  
    0.406       0          317.04        2381.70         3281.53         4332.34  
    0.413       0          328.03        2405.11         3344.25         4175.71  
    0.419       236.79          2052.49        2441.86         3426.48         5156.47  
    