0.025       294.67          2679.29        3155.05         4923.94         5500.00  
    0.031       293.86          2671.09        3161.75         4919.80         5500.00  
    0.038       292.97          2677.94        3176.84         4488.56         5154.80  
    0.044       296.22          2709.27        3176.73         4579.97         5246.57  
    0.050       126.48          1330.47        2935.24         3904.17         5150.19  
    0.056       180.76          1688.82        3005.02         3794.15         4900.62  
    0.062       317.04          2693.43        3159.03         3995.09         4891.60  
    0.069       321.00          2706.18        3142.58         3858.51         4874.57  
    0.075       322.42          2691.52        3121.75         3950.43         4984.12  
    0.081       323.63          2669.42        3107.47         4048.61         5035.89  
    0.088       325.49          2670.10        3111.57         4213.96         4955.31  
    0.094       326.58          2657.62        3104.78         4615.09         4956.73  
    0.100       326.66          2640.66        3100.23         4746.35         4924.21  
    0.106       326.11          2636.54        3104.95         4321.38         4921.03  
    0.113       324.98          2640.05        3098.42         4176.66         4935.57  
    0.119       323.56          2662.46        3093.97         4302.38         4912.44  
    0.125       323.84          2684.78        3086.18         4316.79         4932.01  
    0.131       325.14          2702.04        3088.81         4419.12         4931.64  
    0.138       324.69          2711.40        3099.39         4396.96         4915.97  
    0.144       323.70          2716.71        3111.31         4276.94         4906.53  
    0.150       323.32          2740.82        3176.82         3982.16         4906.07  
    0.156       323.34          2753.37        3246.88         3820.69         4922.64  
    0.163       322.93          2746.60        3254.18         3665.92         4932.25  
    0.169       323.00          2733.37        3201.21         3553.75         4930.88  
    0.175       323.83          2718.26        3103.52         3624.94         4934.00  
    0.181       324.64          2680.18        3091.92         3725.91         4894.47  
    0.188       325.56          2652.51        3127.59         3885.26         4967.83  
    0.194       327.03          2653.63        3126.56         3949.87         5120.24  
    0.200       329.15          2666.03        3122.69         3946.40         5362.68  
    0.206       331.18          2681.34        3151.52         3952.23         5500.00  
    0.213       332.73          2710.46        3148.96         3952.92         5500.00  
    0.219       335.10          2688.96        3118.51         3971.89         5500.00  
    0.225       337.77          2640.15        3100.32         3974.34         5500.00  
    0.231       338.91          2635.45        3109.09         4002.34         5500.00  
    0.238       338.56          2649.99        3144.75         4075.88         5500.00  
    0.244       143.19          1319.17        2878.68         3582.66         4680.94  
    0.250       0          336.79        2684.10         3197.91         4015.06  
    0.256       0          334.11        2674.13         3174.95         3934.47  
    0.263       0          336.74        2627.98         3169.11         3912.62  
    0.269       0          339.15        2616.06         3204.85         3951.28  
    0.275       0          323.47        2616.99         3168.90         3989.38  
    0.281       0          301.67        2615.62         3105.96         3953.59  
    0.288       190.60          1641.49        2937.35         3236.41         4574.94  
    0.294       334.19          2633.90        3151.56         3654.29         4984.45  
    0.300       331.05          2647.66        3090.48         3951.38         4939.79  
    0.306       317.12          2655.36        3047.29         3767.15         4929.96  
    0.312       131.25          1300.16        2819.71         3267.44         4885.38  
    0.319       0          309.41        2617.68         3042.29         4787.15  
    0.325       0          318.01        2570.97         3039.91         4744.71  
    0.331       0          310.98        2552.31         2999.65         4739.09  
    0.338       0          313.36        2528.78         2976.96         4678.00  
    0.344       0          329.55        2505.82         3029.58         4749.98  
    0.350       0          323.82        2541.97         3048.08         4796.00  
    0.356       0          287.81        2634.55         2894.45         4792.65  
    0.363       153.35          1604.22        2697.03         3121.80         4857.51  
    0.369       287.90          2464.40        2685.76         3226.27         4872.86  
    0.375       308.14          2191.41        2665.49         3383.69         4886.68  
    0.381       285.91          1878.42        2603.21         3689.17         4915.29  
    0.388       113.19          894.15        2519.25         3584.60         4858.31  
    0.394       0          261.79        2523.19         3262.19         4759.30  
    0.400       133.93          1423.87        2623.13         3324.97         4997.54  
    0.406       230.34          1948.11        2667.45         3648.11         5143.12  
    