0.025       348.01          2348.34        3154.61         3577.26         4852.32  
    0.031       347.29          2347.70        3167.96         3588.03         4708.20  
    0.038       348.78          2349.61        3188.67         3582.18         4649.52  
    0.044       350.05          2352.15        3197.90         3564.74         4613.03  
    0.050       349.77          2354.71        3178.01         3564.12         4556.52  
    0.056       350.86          2359.00        3158.55         3586.46         4604.76  
    0.062       351.51          2367.16        3161.22         3605.90         4602.72  
    0.069       350.92          2376.33        3168.50         3589.60         4568.76  
    0.075       350.08          2372.71        3157.86         3571.28         4615.62  
    0.081       350.85          2368.15        3150.87         3602.58         4582.82  
    0.088       350.72          2364.78        3147.65         3604.47         4548.83  
    0.094       348.83          2360.81        3157.66         3601.62         4571.57  
    0.100       349.88          2358.70        3165.68         3598.47         4443.88  
    0.106       349.82          2362.88        3160.88         3594.05         4468.53  
    0.113       348.85          2366.36        3162.48         3582.21         4641.66  
    0.119       346.93          2370.00        3160.54         3573.51         4564.55  
    0.125       345.59          2383.17        3157.46         3571.25         4598.82  
    0.131       344.55          2389.77        3156.75         3561.56         4633.80  
    0.138       345.02          2391.20        3155.76         3554.78         4598.84  
    0.144       344.59          2398.09        3158.16         3555.61         4607.88  
    0.150       343.66          2402.41        3158.77         3575.56         4618.98  
    0.156       340.01          2399.82        3164.13         3594.67         4653.60  
    0.163       340.08          2402.98        3160.38         3613.69         4776.74  
    0.169       340.42          2401.43        3158.35         3619.16         4801.54  
    0.175       341.86          2390.67        3155.73         3597.03         4843.74  
    0.181       339.89          2384.43        3161.87         3595.57         4811.67  
    0.188       339.15          2380.10        3159.03         3591.01         4783.12  
    0.194       337.45          2383.58        3151.26         3573.06         4755.97  
    0.200       333.83          2386.73        3154.41         3569.05         4757.86  
    0.206       329.65          2391.54        3154.07         3592.89         4853.92  
    0.213       326.16          2392.56        3144.15         3597.36         4944.59  
    0.219       321.40          2387.81        3143.19         3579.35         4972.17  
    0.225       316.08          2378.63        3147.99         3577.93         4975.18  
    0.231       310.58          2371.23        3136.26         3579.07         4993.95  
    0.238       306.62          2383.06        3124.48         3584.23         5262.97  
    0.244       299.28          2373.96        3085.32         3507.34         5028.04  
    