0.025       0          1232.68        2398.16         3971.48         5500.00  
    0.031       0          271.69        1639.31         2985.88         4229.82  
    0.038       0          924.86        2309.19         3318.02         4153.62  
    0.044       0          1208.84        2551.99         3111.30         4275.49  
    0.050       538.67          1491.69        2840.88         3998.84         5232.72  
    0.056       832.55          1800.91        3022.25         4252.38         5500.00  
    0.062       697.04          1834.38        3158.30         4064.01         5165.67  
    0.069       537.16          1713.31        3071.62         3918.24         4926.74  
    0.075       111.52          370.64        2024.04         2916.51         3921.18  
    0.081       440.36          1462.69        2698.99         3411.52         4604.54  
    0.088       511.39          1770.36        2892.51         3778.64         4892.84  
    0.094       109.38          1422.36        2544.16         3588.25         4616.32  
    0.100       0          1242.75        2377.66         3702.71         4364.85  
    0.106       0          1200.67        2353.70         3530.37         4388.35  
    0.113       0          970.76        2137.77         3267.91         4679.87  
    0.119       0          1078.41        2336.57         3380.40         4466.23  
    0.125       462.87          1640.72        3011.81         4049.60         5000.92  
    0.131       130.86          1249.46        2370.26         3696.08         4380.47  
    0.138       0          1021.38        2261.13         3516.45         4319.32  
    0.144       0          976.68        2425.41         3880.88         5249.96  
    0.150       423.03          1532.58        2725.90         4010.78         5111.61  
    0.156       614.64          1625.36        2915.65         4105.77         5390.19  
    0.163       139.96          861.61        1912.36         3284.67         4406.18  
    0.169       0          672.84        1623.46         3046.48         4143.25  
    0.175       0          1202.37        2113.83         3305.05         4358.09  
    0.181       0          1350.91        2216.04         3160.11         4391.66  
    0.188       326.17          1584.87        2851.47         3920.66         5254.25  
    0.194       92.21          860.60        2089.60         3265.86         4484.87  
    0.200       0          1042.85        2168.49         3254.88         4223.44  
    0.206       0          1293.70        2364.29         3481.27         4125.45  
    0.213       0          293.63        1456.77         2687.98         3686.45  
    0.219       0          1034.99        2310.19         3386.69         4074.07  
    0.225       0          1264.93        2612.58         3820.81         4803.48  
    0.231       0          1216.67        2518.35         3519.43         4545.42  
    0.238       0          962.36        2532.45         3084.16         4266.69  
    0.244       0          1093.50        2446.50         3368.09         4230.77  
    0.250       0          924.28        1892.38         3145.48         4239.05  
    0.256       684.14          1671.48        2806.13         3935.02         5222.44  
    0.263       674.45          1801.53        3032.65         3881.86         5058.67  
    0.269       136.00          1448.13        2636.92         3538.20         4336.65  
    0.275       0          1424.17        2574.22         3457.86         4164.67  
    0.281       0          1372.02        2568.96         3466.98         4274.86  
    0.288       0          1283.79        2374.52         3267.89         4342.57  
    0.294       0          976.90        2186.51         3268.47         4302.20  
    0.300       0          1210.62        2313.77         3365.43         4309.06  
    0.306       0          1248.16        2444.80         3863.03         4083.06  
    0.312       0          1191.16        2483.57         3910.96         4332.40  
    0.319       0          1200.49        2550.39         3423.17         4308.33  
    0.325       0          1245.37        2578.93         3393.54         4164.06  
    0.331       637.51          1593.90        2763.84         3906.03         4827.00  
    0.338       851.27          1457.56        2803.07         3977.21         5154.59  
    0.344       189.72          1342.35        2666.25         3483.15         4329.40  
    0.350       0          1220.41        2430.47         3153.63         4129.61  
    0.356       0          262.26        1679.77         3033.01         3796.50  
    0.363       0          997.72        2160.55         3279.27         4233.68  
    0.369       0          1230.12        2422.92         3453.49         4265.23  
    0.375       0          1001.30        2217.91         3062.85         4131.97  
    0.381       0          848.58        2139.12         3035.46         4213.93  
    0.388       578.45          1519.09        2787.01         3771.84         4741.81  
    0.394       850.97          1678.02        2833.22         3872.81         4811.45  
    0.400       850.19          1640.02        2712.64         3842.39         4803.90  
    0.406       780.62          1523.79        2657.49         3949.02         4840.54  
    0.413       745.23          1721.14        2641.23         3920.09         4834.14  
    0.419       705.93          1860.49        2795.18         3856.29         4900.45  
    0.425       677.24          1769.13        2874.49         3957.90         5372.26  
    0.431       148.08          925.67        2138.61         3304.83         4489.36  
    0.438       553.02          1579.44        2632.54         3542.95         4867.58  
    0.444       791.74          1840.03        3136.14         3579.57         4982.83  
    0.450       825.12          1740.84        2944.90         3757.05         4980.51  
    0.456       182.49          1049.70        2160.31         3302.93         4525.96  
    0.463       216.76          1572.07        2871.81         3620.51         4997.63  
    0.469       61.28          1562.63        2796.46         3620.74         4878.00  
    0.475       0          1422.55        2206.90         3391.76         4582.05  
    0.481       0          837.51        2021.83         3331.81         4331.41  
    0.488       0          896.28        2096.26         3247.09         4212.47  
    0.494       0          1117.74        2049.34         3215.94         4354.11  
    0.500       467.52          1515.32        2859.77         3940.27         4890.67  
    0.506       132.18          355.95        1759.62         3110.23         4231.46  
    0.513       0          0        1274.66         2515.50         3864.92  
    0.519       0          960.24        2192.28         3366.36         4375.86  
    0.525       0          1242.26        2460.44         3406.76         4218.14  
    0.531       0          274.46        1580.18         2806.96         3963.86  
    0.537       0          0        1407.95         2689.64         3615.80  
    0.544       0          1109.43        2124.83         3265.93         3757.65  
    0.550       0          313.66        2181.86         3415.11         3761.60  
    0.556       0          0        1786.44         3242.26         3755.63  
    0.562       176.84          1711.82        2869.54         3636.65         5116.22  
    0.569       280.29          2076.94        3163.38         3732.46         4476.61  
    0.575       289.48          2108.82        3151.50         3719.74         4145.37  
    0.581       282.10          2161.39        3138.09         3680.63         4203.49  
    0.588       277.91          2156.93        3145.24         3665.82         4245.50  
    0.594       275.17          2148.56        3141.17         3657.90         4272.43  
    0.600       270.75          2150.67        3115.04         3645.87         4276.75  
    0.606       269.54          2128.87        3083.77         3627.79         4232.38  
    0.613       269.50          2136.51        3026.59         3672.79         4233.79  
    0.619       271.87          2148.97        2998.62         3573.85         4294.19  
    0.625       272.99          2154.55        2991.28         3519.99         4243.87  
    0.631       273.10          2148.03        2970.68         3459.43         4277.66  
    0.638       272.44          2145.98        2954.88         3434.54         4241.53  
    0.644       271.49          2151.78        2947.29         3437.11         4046.36  
    0.650       270.71          2159.36        2941.47         3429.46         3975.73  
    0.656       270.04          2163.54        2947.96         3438.94         4028.62  
    0.663       267.73          2168.54        2949.89         3447.84         4113.86  
    0.669       265.22          2184.20        2950.05         3456.45         4052.19  
    0.675       264.71          2170.70        2941.13         3440.43         3942.33  
    0.681       264.62          2163.22        2938.92         3439.65         3920.03  
    0.688       264.77          2162.57        2945.99         3436.22         3999.92  
    0.694       264.27          2166.73        2958.57         3469.80         4045.93  
    0.700       263.51          2171.65        2963.59         3472.99         4018.51  
    0.706       264.31          2177.34        2966.78         3449.95         3990.30  
    0.713       266.75          2185.13        2987.31         3465.54         3942.25  
    0.719       267.11          2191.51        3030.00         3576.84         4034.12  
    0.725       265.57          2210.85        3055.64         3612.84         4061.90  
    0.731       267.28          2224.12        3088.00         3631.64         4078.93  
    0.738       266.61          2242.57        3095.56         3622.91         4151.21  
    0.744       265.09          2274.53        3090.58         3611.70         4202.93  
    0.750       267.69          2302.42        3096.39         3596.30         4130.92  
    0.756       265.30          2334.09        3110.33         3598.42         4221.57  
    0.763       270.20          2355.75        3112.98         3599.69         4356.88  
    0.769       283.97          2338.32        3087.28         3545.64         4185.01  
    0.775       291.88          2415.18        3107.91         3586.87         4423.40  
    0.781       296.28          2454.85        3112.26         3616.96         5281.11  
    0.788       302.13          2436.27        3062.30         3592.42         4837.97  
    0.794       290.21          2385.74        3035.99         3609.73         4533.92  
    0.800       308.05          2398.89        3043.00         3670.65         4680.46  
    0.806       311.62          2374.63        2996.50         3633.39         4725.31  
    0.812       257.61          2252.20        2958.52         3640.21         4597.93  
    0.819       183.66          2036.25        2869.45         3600.22         4509.56  
    0.825       36.81          558.08        2843.23         3164.24         3992.75  
    0.831       148.06          1532.60        2793.24         3561.04         4583.41  
    0.838       243.35          1756.38        2860.49         3669.13         4814.23  
    0.844       181.44          1737.87        2895.37         3669.95         4899.37  
    0.850       35.19          384.81        1948.55         2899.55         3949.03  
    0.856       0          0        1577.80         2829.28         3758.33  
    0.863       0          964.47        2523.05         3154.65         4182.44  
    0.869       0          272.68        1735.82         2834.76         3894.47  
    0.875       0          0        1576.44         2668.39         3936.92  
    0.881       0          0        1747.48         2839.07         4066.52  
    0.888       0          1173.47        2242.93         2993.45         4244.08  
    0.894       0          331.77        1829.97         2951.34         4300.69  
    0.900       317.11          1304.18        2606.71         3701.15         4772.90  
    0.906       89.65          1147.78        2503.21         3444.84         4448.20  
    0.913       0          1132.02        2410.86         3280.87         4472.90  
    0.919       437.91          1478.27        2752.40         3979.07         4597.83  
    0.925       382.44          1618.69        2806.23         4092.91         4814.56  
    0.931       73.12          360.08        1856.62         2957.35         4011.93  
    0.938       0          1139.22        2280.70         3500.89         4294.54  
    0.944       655.82          1643.84        2853.33         3779.86         4953.86  
    0.950       185.42          1516.71        2703.37         3601.45         4868.97  
    0.956       0          323.16        1779.05         3018.48         4001.85  
    0.963       528.15          1210.11        2481.43         3781.30         4916.16  
    0.969       514.02          1721.43        2760.44         3969.83         4968.83  
    0.975       103.11          1419.35        2511.98         3601.16         4775.10  
    0.981       0          1365.39        2350.81         3575.10         4689.52  
    0.988       0          952.10        2164.56         3376.71         4270.84  
    0.994       0          1206.36        2369.34         3751.50         4326.03  
    1.000       0          1221.05        2510.19         3621.54         4275.52  
    1.006       0          1156.56        2380.09         3430.61         4271.68  
    1.012       0          1293.89        2290.07         3314.32         4290.71  
    1.019       0          1274.87        2288.57         3387.71         4342.90  
    1.025       0          1280.96        2320.66         3389.97         4269.60  
    1.031       0          1239.95        1969.12         3334.02         4283.55  
    1.038       0          662.93        1901.71         3432.51         4333.83  
    1.044       0          659.32        2016.16         3346.00         4389.40  
    1.050       527.66          1634.95        2782.91         4179.19         5257.98  
    1.056       149.18          908.36        2285.18         3362.06         4886.65  
    1.062       0          138.52        1758.91         2679.35         3982.22  
    1.069       0          1237.96        2049.08         3203.95         4260.94  
    1.075       0          1388.00        2158.97         3295.68         4484.52  
    1.081       0          1310.32        2285.66         3436.03         4813.39  
    1.088       376.24          1540.94        2595.23         3621.48         4924.35  
    1.094       574.58          1572.11        2686.59         3675.61         4849.25  
    1.100       132.37          344.28        1785.02         2867.51         3929.30  
    1.106       0          0        1528.54         2579.57         3844.82  
    1.113       0          1078.83        2305.88         3467.65         4479.53  
    1.119       0          1075.01        2379.27         3574.38         4417.20  
    1.125       0          1111.43        2292.96         3449.66         4270.82  
    1.131       0          1403.66        2079.99         3352.75         4288.34  
    1.137       0          1232.43        2220.86         3331.43         4386.02  
    1.144       0          1232.71        2312.55         3315.56         4329.13  
    1.150       0          1246.65        1972.82         2945.97         4218.63  
    1.156       0          750.44        1996.28         3120.83         4216.76  
    1.163       0          134.58        1374.19         2478.26         3846.93  
    1.169       0          0        1246.59         2313.49         3816.36  
    1.175       492.28          1116.47        2276.02         3584.53         4833.75  
    