0.025       312.23          2474.88        2937.40         4206.62         5500.00  
    0.031       292.72          2489.78        2983.81         4127.36         4929.89  
    0.038       265.13          2503.81        3065.86         4103.81         4734.12  
    0.044       243.18          2499.62        3099.49         4081.77         4771.28  
    0.050       249.12          2479.15        3101.46         4044.04         4758.05  
    0.056       273.98          2504.52        3113.91         3993.88         4767.30  
    0.062       264.46          2500.53        3152.18         4004.53         4795.56  
    0.069       257.71          2493.61        3176.76         4060.22         4814.79  
    0.075       259.54          2478.76        3123.50         4067.98         4906.70  
    0.081       258.54          2459.98        3106.91         4091.44         5086.29  
    0.088       256.65          2490.67        3004.28         4110.71         4960.62  
    0.094       259.83          2503.07        2955.00         4087.19         4857.27  
    0.100       261.65          2490.48        2939.37         4036.23         4841.04  
    0.106       260.09          2506.96        2988.21         3936.89         4867.43  
    0.113       259.05          2517.56        3010.94         3957.24         4884.90  
    0.119       260.61          2523.68        3097.91         4014.43         4850.14  
    0.125       258.74          2525.07        3173.35         3957.48         4885.95  
    0.131       255.60          2570.69        3129.53         3651.42         4900.36  
    0.138       256.38          2592.15        3117.51         3595.98         4877.18  
    0.144       255.87          2581.14        3025.84         3760.12         4849.23  
    0.150       255.72          2547.95        3260.90         3859.15         4815.33  
    0.156       256.74          2530.53        3332.78         4088.71         5329.05  
    0.163       258.45          2508.32        3143.70         4049.10         5089.53  
    0.169       258.70          2498.88        3053.24         4055.69         4940.36  
    0.175       257.14          2500.29        3082.87         4046.16         4876.87  
    0.181       255.51          2572.54        3240.55         3768.81         4868.74  
    0.188       255.28          2596.65        3294.93         3503.92         4899.89  
    0.194       255.33          2574.71        3249.92         3485.43         4889.98  
    0.200       254.32          2558.49        3042.96         3658.81         4879.07  
    0.206       252.53          2516.48        3046.53         3780.15         4906.40  
    0.213       253.80          2481.06        3104.07         3771.49         4936.44  
    0.219       255.77          2522.44        3188.94         3688.17         4905.43  
    0.225       255.15          2544.04        3200.22         3781.59         4836.58  
    0.231       254.55          2553.84        3118.87         3823.31         4856.81  
    0.238       254.96          2554.39        3079.51         3820.75         4864.14  
    0.244       253.98          2547.49        2988.48         3826.27         4859.01  
    0.250       252.46          2551.36        2926.04         3857.24         4933.76  
    0.256       251.85          2635.73        2798.82         3805.23         4982.53  
    0.263       252.43          2624.28        2722.49         3750.26         4961.94  
    0.269       249.93          2612.27        2867.00         3709.09         4917.25  
    0.275       249.60          2646.66        2724.60         3841.31         4911.42  
    0.281       250.20          2623.46        2708.99         3902.75         4932.32  
    0.288       251.46          2573.78        2796.81         3919.37         4913.39  
    0.294       250.95          2587.38        2752.26         3852.23         4904.76  
    0.300       237.33          2614.42        3241.72         3644.24         4905.84  
    0.306       206.71          2616.89        3390.41         3728.98         4867.42  
    0.312       191.20          2618.53        3059.43         3948.87         4819.62  
    0.319       202.67          2538.44        2780.91         3927.76         4789.37  
    0.325       169.30          792.59        2703.12         3680.72         4779.46  
    0.331       206.45          1856.45        2698.83         3671.61         4654.44  
    0.338       190.03          2240.35        2864.16         3801.99         4639.00  
    0.344       164.49          2305.76        2911.09         3845.23         4718.20  
    0.350       156.76          2135.18        2918.83         3921.14         4725.55  
    0.356       159.47          2064.83        2991.03         4021.48         4759.89  
    0.363       188.92          1984.26        2979.07         4004.39         4818.45  
    0.369       225.02          2048.83        3030.91         3999.20         4719.56  
    0.375       209.03          2188.05        2838.85         3861.60         4708.74  
    0.381       183.07          2158.50        2799.52         3857.37         4785.87  
    