0.025       0          1435.84        1696.31         3102.55         4467.65  
    0.031       333.83          1498.50        2326.12         3825.26         4486.56  
    0.038       399.83          1495.16        2883.63         4315.75         4554.42  
    0.044       265.21          1587.36        2982.19         4241.58         4576.84  
    0.050       251.48          1897.52        2966.36         4150.35         4588.78  
    0.056       249.73          2102.44        2739.76         3957.13         4776.65  
    0.062       264.88          2143.00        2567.14         3708.17         4944.86  
    0.069       285.70          2181.48        2770.36         3618.16         4967.44  
    0.075       299.63          2181.55        3051.82         3661.50         4960.58  
    0.081       305.09          2162.55        3183.70         3705.37         4958.52  
    0.088       309.98          2164.01        3232.99         3722.97         4889.45  
    0.094       310.53          2170.37        3270.00         3694.46         4755.64  
    0.100       306.21          2177.77        3272.31         3686.56         4696.66  
    0.106       304.37          2189.72        3210.32         3731.59         4697.09  
    0.113       304.29          2185.60        3178.44         3752.77         4682.90  
    0.119       302.76          2171.25        3253.07         3736.30         4690.64  
    0.125       299.80          2166.70        3312.98         3730.13         4682.45  
    0.131       297.92          2168.88        3272.16         3779.95         4682.62  
    0.138       297.97          2172.57        3222.95         3828.17         4719.08  
    0.144       297.48          2182.68        3168.04         3824.13         4745.94  
    0.150       297.20          2204.26        3128.36         3813.68         4758.83  
    0.156       298.04          2234.89        3153.29         3786.56         4750.46  
    0.163       297.28          2228.75        3187.84         3720.31         4715.36  
    0.169       294.84          2209.12        3177.22         3672.82         4682.74  
    0.175       292.66          2224.46        3151.93         3671.32         4663.39  
    0.181       290.08          2235.56        3127.03         3683.57         4687.91  
    0.188       287.65          2241.33        3081.16         3680.14         4750.70  
    0.194       285.10          2262.50        3098.95         3657.56         4762.68  
    0.200       282.83          2279.96        3035.89         3692.32         4763.23  
    0.206       282.90          2298.57        2952.18         3718.90         4806.30  
    0.213       284.45          2322.33        3009.66         3691.13         4793.14  
    0.219       283.59          2322.28        3165.77         3665.19         4724.77  
    0.225       283.70          2325.14        3117.76         3690.76         4735.25  
    0.231       286.49          2321.53        3093.11         3682.35         4748.25  
    0.238       288.52          2305.75        3209.93         3704.19         4674.71  
    0.244       289.10          2288.78        3199.52         3725.16         4646.23  
    0.250       287.43          2287.26        3152.41         3750.10         4659.63  
    0.256       286.30          2293.95        3218.35         3744.17         4684.07  
    0.263       284.26          2296.78        3287.61         3744.78         4757.73  
    0.269       280.64          2299.12        3292.17         3793.57         4830.25  
    0.275       276.78          2302.39        3214.12         3845.76         4854.31  
    0.281       271.76          2309.55        3179.79         3842.34         4850.43  
    0.288       271.49          2322.32        3281.86         3907.46         4757.75  
    0.294       278.13          2333.86        3334.97         3991.40         4748.51  
    0.300       284.80          2345.98        3293.54         4289.68         4767.97  
    0.306       285.86          2369.17        3242.32         4477.52         5188.31  
    0.312       281.08          2377.34        3236.58         4473.87         4924.17  
    0.319       275.33          2375.28        3268.65         4453.52         4577.50  
    0.325       270.60          2368.77        3276.61         4407.96         5045.06  
    0.331       268.17          2360.75        3245.03         4403.28         5435.80  
    0.338       266.53          2363.73        3233.50         4395.29         5212.20  
    0.344       265.43          2372.05        3219.48         4291.63         4924.39  
    0.350       266.07          2377.01        3221.88         4262.56         4819.96  
    0.356       268.30          2380.00        3238.03         4322.50         4909.06  
    0.363       271.10          2381.90        3200.92         4302.60         5289.76  
    0.369       271.57          2385.37        3155.41         4297.20         5331.74  
    0.375       269.76          2385.71        3171.31         4355.67         5093.34  
    0.381       261.31          2389.21        3227.16         4348.94         5075.66  
    0.388       247.01          2405.90        3268.14         4304.01         5079.08  
    0.394       242.19          2420.32        3325.18         4302.89         5310.87  
    0.400       249.33          2419.62        3342.95         4349.02         5500.00  
    0.406       254.05          2421.72        3299.01         4414.87         5079.62  
    0.413       252.09          2416.09        3211.22         4360.39         4755.89  
    0.419       253.09          2398.57        3158.70         4309.09         4819.33  
    0.425       258.72          2382.34        3128.98         4307.12         4847.07  
    0.431       262.70          2371.50        3125.58         4359.61         4864.30  
    0.438       266.92          2373.10        3132.08         4367.05         4997.55  
    0.444       273.46          2382.45        3188.64         4462.23         4948.08  
    0.450       275.45          2388.75        3263.00         4524.95         5231.90  
    0.456       275.65          2392.86        3297.06         4505.84         5500.00  
    0.463       278.54          2399.78        3273.57         4502.39         5500.00  
    0.469       117.01          1167.52        2760.92         3754.08         4894.08  
    0.475       0          283.35        2412.70         3240.14         4433.74  
    0.481       0          287.45        2423.05         3278.61         4437.09  
    0.488       0          287.48        2442.22         3281.20         4487.89  
    0.494       164.15          1551.65        2878.59         4016.80         5087.79  
    0.500       281.80          2459.22        3066.22         4507.14         4953.56  
    0.506       280.31          2460.54        2964.83         4464.96         4563.49  
    0.513       275.93          2461.20        3020.19         4459.55         5109.40  
    0.519       270.32          2466.70        3106.95         4447.23         5500.00  
    0.525       269.94          2474.49        3181.98         4440.01         5500.00  
    0.531       271.92          2467.53        3201.04         4451.17         5500.00  
    0.537       269.62          2467.31        3146.49         4463.13         5500.00  
    0.544       267.65          2469.39        3116.74         4455.32         5500.00  
    0.550       270.66          2465.32        3170.59         4462.22         5122.34  
    0.556       272.75          2437.86        3202.50         4458.59         4729.08  
    0.562       270.05          2412.86        3132.08         4429.61         4788.57  
    0.569       266.07          2412.61        3077.46         4411.30         4824.14  
    0.575       259.61          2423.25        3055.32         4376.28         4763.42  
    0.581       248.89          2436.19        3086.67         4345.66         4803.26  
    0.588       237.87          2447.49        3116.48         4339.63         4804.43  
    0.594       245.63          2463.63        3119.37         4344.05         4760.51  
    0.600       274.56          2458.12        3069.62         4319.41         4683.63  
    0.606       292.84          2439.21        3078.02         4308.37         4804.06  
    0.613       289.50          2420.04        3117.79         4308.71         5061.18  
    0.619       276.13          2408.62        3085.81         4317.62         4987.18  
    0.625       263.22          2416.10        3028.77         4331.21         4787.53  
    0.631       257.83          2426.10        3033.78         4376.80         4657.25  
    0.638       260.78          2436.46        3094.44         4434.53         4681.77  
    0.644       275.72          2451.52        3116.54         4424.14         4642.88  
    0.650       302.57          2467.03        3142.83         4377.41         5113.30  
    0.656       308.48          2484.02        3132.04         4377.35         5500.00  
    0.663       282.08          2501.80        3056.44         4508.08         5231.93  
    0.669       256.70          2512.81        2964.05         4617.92         5044.06  
    0.675       245.02          2507.65        3215.30         4590.05         4849.82  
    0.681       239.93          2493.82        3396.72         4598.21         5169.29  
    0.688       239.21          2489.08        3270.62         4697.07         5500.00  
    0.694       238.12          2492.83        3306.30         4692.02         5500.00  
    0.700       231.89          2480.11        3340.69         4647.87         5113.38  
    0.706       226.89          2483.01        3290.04         4576.22         4793.96  
    0.713       238.71          2501.99        3290.72         4463.91         4769.04  
    0.719       243.89          2503.41        3310.73         4334.75         4819.94  
    0.725       302.38          2503.49        3335.30         4241.17         4834.11  
    0.731       341.66          2528.64        3296.62         4251.69         4813.24  
    0.738       307.65          2537.48        3240.20         4320.85         4857.22  
    0.744       274.58          2520.74        3246.56         4359.85         4856.16  
    0.750       284.78          2478.67        3253.71         4284.27         4821.18  
    0.756       280.05          2475.29        3226.34         4222.96         4777.59  
    0.763       275.61          2491.43        3210.96         4234.75         4712.69  
    0.769       272.32          2490.72        3228.28         4452.21         4896.04  
    0.775       249.58          2491.19        3239.24         4331.06         4937.68  
    0.781       232.15          2466.56        3127.69         3968.09         4940.47  
    0.788       225.71          2467.58        2931.32         3857.54         5062.32  
    