0.025       250.45          2483.06        3268.01         3296.79         5367.07  
    0.031       222.03          2484.90        3247.39         3834.91         5267.81  
    0.038       237.44          2494.77        3231.23         4771.60         5443.51  
    0.044       53.04          725.05        2678.88         3626.33         4961.16  
    0.050       0          229.30        2545.53         3336.85         4782.70  
    0.056       0          224.48        2532.56         3337.81         4732.91  
    0.062       0          212.85        2517.01         3348.34         4731.20  
    0.069       0          209.98        2512.28         3400.95         4777.08  
    0.075       0          212.34        2513.01         3469.00         4814.94  
    0.081       0          207.78        2522.59         3442.22         4657.88  
    0.088       0          202.31        2543.99         3538.76         4628.82  
    0.094       0          200.86        2548.49         3453.45         4417.68  
    0.100       155.98          2054.75        3206.19         4054.52         4886.66  
    0.106       200.69          2575.75        3374.59         4086.25         4770.49  
    0.113       200.62          2569.14        3313.73         3958.96         4596.81  
    0.119       200.88          2554.36        3309.03         3986.21         4596.26  
    0.125       199.78          2544.55        3324.00         4006.42         4640.55  
    0.131       197.86          2537.46        3344.49         3981.44         4694.11  
    0.138       198.10          2528.47        3359.98         3943.61         4673.77  
    0.144       198.49          2521.51        3344.88         3950.45         4630.71  
    0.150       199.42          2513.72        3332.75         3976.63         4635.71  
    0.156       200.44          2505.33        3313.84         3994.16         4754.19  
    0.163       203.70          2500.73        3304.98         3972.27         4871.02  
    0.169       205.53          2499.34        3405.01         3953.83         4890.32  
    0.175       210.78          2491.41        3495.72         3907.72         4840.25  
    0.181       212.71          2487.54        3430.89         3903.28         4984.14  
    0.188       210.49          2488.84        3377.43         3853.59         5133.73  
    0.194       209.78          2490.96        3346.43         3855.78         4976.09  
    0.200       210.17          2492.64        3312.23         3886.36         4914.42  
    0.206       211.35          2493.52        3279.09         3951.43         5001.65  
    0.213       213.43          2495.06        3297.63         4038.95         5397.06  
    0.219       212.21          2492.26        3385.51         4043.44         5500.00  
    0.225       216.09          2486.92        3487.23         4027.15         5150.19  
    0.231       218.35          2484.94        3364.19         3799.42         4718.23  
    0.238       219.47          2497.55        3284.72         3671.66         4628.46  
    0.244       219.68          2503.56        3469.79         3561.39         4576.93  
    0.250       219.54          2505.97        3508.73         3590.91         4490.29  
    0.256       220.90          2499.97        3495.79         3818.41         4471.98  
    0.263       219.90          2512.21        3348.42         4192.17         5276.55  
    0.269       220.66          2524.78        3370.92         4238.15         5500.00  
    0.275       223.65          2527.79        3507.85         4203.66         5500.00  
    0.281       225.80          2533.63        3510.91         3872.72         4940.54  
    0.288       226.00          2544.02        3587.10         4024.22         4754.15  
    0.294       49.14          730.00        2794.40         3612.47         4341.23  
    0.300       175.89          2050.72        3287.82         4140.44         4311.57  
    0.306       221.36          2522.24        3426.17         4307.86         5246.56  
    0.312       217.36          2504.35        3494.68         4078.68         5500.00  
    0.319       47.08          712.93        2720.40         3613.06         4570.29  
    0.325       0          214.96        2506.10         3498.41         4353.47  
    0.331       0          210.74        2527.35         3641.02         4477.25  
    0.338       0          204.32        2546.75         3601.69         4470.64  
    0.344       0          204.49        2582.92         3527.02         4373.88  
    0.350       0          211.27        2611.17         3503.88         4323.44  
    0.356       0          217.28        2595.51         3470.56         4321.66  
    0.363       0          215.53        2587.63         3440.84         4348.24  
    0.369       0          212.55        2546.50         3374.61         4334.28  
    0.375       0          215.19        2535.82         3344.06         4442.67  
    0.381       0          221.20        2556.87         3335.65         4484.01  
    0.388       0          226.79        2559.65         3438.69         4475.38  
    0.394       0          234.21        2537.15         3400.13         4426.47  
    0.400       0          241.49        2527.98         3356.19         4340.53  
    0.406       0          245.34        2542.18         3409.12         4446.14  
    0.413       0          248.29        2543.91         3432.18         4500.98  
    0.419       0          249.63        2526.68         3448.68         4432.49  
    0.425       0          253.24        2484.14         3390.60         4316.45  
    0.431       0          257.88        2448.99         3382.62         4269.21  
    