0.025       413.35          1177.00        2027.77         2903.88         5478.28  
    0.031       412.64          1223.95        2151.14         2872.09         5479.11  
    0.038       414.18          1247.70        2265.19         2847.59         5484.84  
    0.044       418.37          1742.37        2435.26         3156.95         5411.89  
    0.050       387.51          2141.21        3086.64         4525.74         5263.29  
    0.056       282.26          2224.23        3268.93         4611.86         5218.27  
    0.062       237.11          2217.62        3247.45         4650.71         5206.92  
    0.069       230.32          2201.14        3243.09         5034.47         5424.89  
    0.075       229.68          2196.17        3289.89         5131.72         5500.00  
    0.081       220.33          2198.16        3308.75         4575.52         5264.74  
    0.088       226.18          2189.73        3290.95         3952.71         5230.88  
    0.094       261.05          2180.94        3292.83         3766.89         5246.36  
    0.100       271.53          2175.34        3320.28         3800.90         5204.78  
    0.106       266.73          2182.17        3312.41         3862.43         5198.11  
    0.113       265.96          2197.26        3307.73         3820.97         5194.47  
    0.119       261.88          2198.37        3308.36         3712.15         5221.56  
    0.125       257.81          2195.59        3317.88         3959.78         5215.82  
    0.131       257.55          2191.74        3321.30         3991.77         5181.26  
    0.138       252.81          2192.74        3316.53         4031.81         5215.38  
    0.144       252.52          2194.69        3298.47         4101.04         5257.81  
    0.150       256.04          2199.93        3297.23         4038.85         5194.15  
    0.156       258.36          2218.55        3307.95         3988.51         5131.12  
    0.163       258.13          2226.14        3322.93         4012.23         5130.89  
    0.169       260.27          2207.84        3321.08         4168.72         5140.46  
    0.175       264.28          2212.49        3293.56         4256.13         5127.93  
    0.181       269.10          2251.01        3297.70         4180.91         5156.48  
    0.188       277.11          2230.32        3299.58         4213.58         5134.45  
    0.194       282.63          2203.45        3282.49         4112.21         5115.58  
    0.200       283.67          2220.87        3271.67         4067.07         5112.95  
    0.206       282.98          2223.12        3270.62         4123.08         5139.27  
    0.213       286.13          2216.81        3258.61         4028.58         5165.04  
    0.219       288.95          2232.35        3261.75         3834.91         5159.06  
    0.225       290.16          2231.05        3272.19         3801.86         5115.04  
    0.231       290.40          2200.17        3278.36         4034.79         5135.96  
    0.238       289.04          2181.27        3280.98         4166.01         5132.87  
    0.244       289.93          2179.69        3264.10         3952.97         5142.69  
    0.250       289.94          2181.39        3265.54         3988.27         5150.78  
    0.256       289.02          2181.30        3262.39         4048.34         5144.92  
    0.263       287.14          2176.12        3252.19         3999.27         5117.86  
    0.269       285.28          2169.08        3235.48         3927.95         5162.81  
    0.275       285.35          2174.70        3238.17         3771.84         5206.64  
    0.281       288.94          2177.90        3246.29         3754.37         5201.51  
    0.288       287.72          2174.37        3251.03         3835.53         5204.86  
    0.294       285.10          2177.28        3247.93         3872.50         5157.31  
    0.300       286.62          2180.58        3253.07         3877.10         5109.77  
    0.306       288.06          2176.41        3255.54         3972.64         5072.70  
    0.312       288.30          2175.93        3242.95         4123.64         5091.21  
    0.319       287.37          2171.27        3233.13         4254.08         5074.84  
    0.325       283.85          2176.01        3229.53         4282.45         5039.08  
    0.331       283.63          2189.95        3246.34         4240.07         5066.65  
    0.338       284.98          2177.96        3249.86         4259.47         5099.68  
    0.344       290.07          2158.55        3237.71         4240.19         5097.51  
    0.350       290.43          2126.92        3218.19         4129.81         5099.56  
    0.356       295.27          2113.18        3229.95         4074.22         5079.52  
    0.363       298.97          2111.55        3260.42         4001.13         5045.63  
    0.369       301.73          2118.80        3292.91         3825.59         5047.34  
    0.375       302.24          2111.58        3326.21         3667.82         5051.82  
    0.381       300.62          2106.50        3390.14         3649.06         5070.04  
    0.388       302.22          2105.61        3405.41         3740.71         5071.66  
    0.394       302.08          2107.30        3378.84         3739.17         5079.16  
    0.400       304.11          2103.62        3319.64         3682.94         5064.66  
    0.406       306.78          2116.67        3252.31         3714.24         5035.09  
    0.413       305.96          2126.76        3231.83         3830.65         5063.48  
    0.419       306.61          2134.02        3242.62         4237.51         5043.95  
    0.425       306.84          2141.70        3270.00         4012.86         5081.71  
    0.431       302.65          2149.71        3337.94         3713.76         5125.73  
    0.438       301.11          2155.93        3387.48         3643.99         5103.45  
    0.444       301.90          2158.72        3408.84         3572.30         5068.47  
    0.450       300.88          2160.16        3451.65         3692.68         5084.99  
    0.456       303.89          2167.33        3480.70         3828.74         5115.57  
    0.463       308.88          2166.37        3498.91         3799.26         5107.88  
    0.469       314.33          2176.02        3507.28         3717.14         5103.92  
    0.475       330.45          2190.05        3468.40         3689.12         5107.14  
    0.481       336.25          2225.15        3440.69         3747.68         5066.18  
    0.488       333.61          2269.15        3425.54         3788.91         5056.79  
    0.494       332.59          2307.21        3448.71         3638.82         5074.49  
    0.500       325.22          2382.24        3523.62         3600.15         5063.79  
    0.506       81.74          841.40        2690.81         3589.43         5021.51  
    0.513       0          299.28        2464.57         3545.15         4836.89  
    0.519       0          255.53        2517.31         3501.11         4829.99  
    0.525       0          212.10        2456.15         3549.80         4799.24  
    0.531       0          199.19        2518.54         3446.10         4684.36  
    0.537       0          197.79        2556.95         3430.89         4721.97  
    0.544       0          195.28        2456.49         3345.48         4886.75  
    0.550       0          194.58        2378.88         3354.24         4777.47  
    0.556       0          201.59        2392.09         3425.28         4659.37  
    0.562       163.62          1882.88        3294.45         4536.47         5281.51  
    0.569       232.06          2604.65        3220.25         3917.21         5058.65  
    0.575       216.88          2490.24        2860.83         3806.46         4942.69  
    0.581       317.57          2349.64        2864.87         3911.17         4996.67  
    0.588       518.63          2343.85        2994.47         3816.04         5011.05  
    0.594       565.72          2370.57        3557.07         3920.44         5376.15  
    