0.025       0          1168.98        2371.88         3189.12         4243.78  
    0.031       256.06          2029.85        3185.19         3853.98         5142.50  
    0.038       323.21          2369.21        3510.74         4026.27         5500.00  
    0.044       283.91          2361.67        3510.17         4123.43         4928.95  
    0.050       257.44          2361.47        3549.02         3971.52         4473.67  
    0.056       240.17          2352.53        3571.41         3706.21         4388.73  
    0.062       225.41          2337.54        3468.62         3663.54         4385.74  
    0.069       219.18          2332.63        3512.19         3704.76         4485.44  
    0.075       220.70          2333.21        3533.87         3692.89         4514.21  
    0.081       222.52          2335.02        3559.61         3703.23         4628.90  
    0.088       222.35          2326.53        3554.83         3747.83         4713.02  
    0.094       222.03          2317.71        3523.35         3728.97         4776.37  
    0.100       223.82          2315.46        3492.91         3709.71         4829.92  
    0.106       225.70          2323.46        3466.46         3696.46         4849.86  
    0.113       226.78          2330.45        3451.94         3684.21         4999.80  
    0.119       225.42          2333.72        3460.16         3704.83         5236.25  
    0.125       224.14          2338.13        3441.84         3735.40         5205.51  
    0.131       223.63          2342.31        3439.86         3695.58         5042.43  
    0.138       222.47          2344.45        3393.73         3636.66         4943.07  
    0.144       221.58          2335.76        3329.60         3685.87         4877.44  
    0.150       220.79          2322.51        3322.32         3712.24         4903.77  
    0.156       218.94          2309.03        3347.60         3664.90         4954.12  
    0.163       216.78          2298.26        3369.23         3613.11         4954.32  
    0.169       215.09          2283.89        3389.87         3616.62         4898.50  
    0.175       214.67          2274.36        3394.30         3626.60         4761.75  
    0.181       215.20          2261.80        3389.74         3634.48         4559.53  
    0.188       215.64          2253.42        3356.27         3567.90         4791.72  
    0.194       216.11          2255.23        3288.35         3520.96         5331.74  
    0.200       217.02          2255.26        3299.19         3533.01         5500.00  
    0.206       219.00          2255.50        3272.86         3535.18         5120.04  
    0.213       221.82          2253.34        3215.43         3513.51         5348.86  
    0.219       222.85          2245.35        3239.91         3506.90         5500.00  
    0.225       221.00          2240.80        3186.70         3498.74         5500.00  
    0.231       217.78          2241.48        3164.80         3542.39         5500.00  
    0.238       212.54          2284.18        3190.66         3571.33         5500.00  
    0.244       208.34          2293.21        3199.21         3585.50         5015.83  
    0.250       204.98          2280.33        3230.91         3600.36         5307.41  
    0.256       202.58          2280.55        3203.37         3587.54         5500.00  
    0.263       202.93          2285.49        3132.85         3647.90         5500.00  
    0.269       205.00          2257.35        3145.61         3646.16         5500.00  
    0.275       206.51          2263.69        3177.61         3577.40         5500.00  
    0.281       205.05          2278.61        3213.78         3557.72         5500.00  
    0.288       204.37          2286.06        3234.96         3563.53         5500.00  
    0.294       204.42          2285.65        3240.15         3579.10         5500.00  
    0.300       203.94          2263.02        3232.48         3592.55         4705.52  
    0.306       202.86          2236.78        3219.63         3579.30         4773.36  
    0.312       200.79          2238.77        3121.80         3530.47         4701.27  
    0.319       198.16          2250.67        3034.25         3535.25         4523.34  
    0.325       195.20          2257.60        2951.89         3539.95         4570.96  
    0.331       191.85          2257.42        3017.61         3552.35         4598.95  
    0.338       191.28          2257.58        3113.30         3584.49         4664.89  
    0.344       198.68          2248.68        3174.71         3559.04         4762.80  
    0.350       206.71          2255.37        3120.04         3517.84         4976.70  
    0.356       200.74          2248.67        3104.99         3504.42         5372.10  
    0.363       205.80          2261.82        3113.84         3494.86         5500.00  
    0.369       212.92          2252.01        3132.15         3515.65         5105.69  
    0.375       208.73          2245.54        3148.71         3539.88         4889.83  
    0.381       214.45          2268.62        3160.01         3538.90         5319.68  
    0.388       226.90          2282.80        3161.97         3531.30         5500.00  
    0.394       228.93          2284.06        3158.42         3522.47         5163.65  
    0.400       225.35          2271.12        3143.25         3522.94         4871.89  
    0.406       223.14          2270.36        3081.06         3516.98         4973.97  
    0.413       220.66          2266.34        3027.63         3516.60         5368.97  
    0.419       220.66          2269.52        3011.58         3508.94         5500.00  
    0.425       214.69          2277.99        3043.00         3490.52         5500.00  
    0.431       198.91          2291.63        3054.28         3532.32         5500.00  
    0.438       183.52          2287.64        3056.05         3579.18         5173.10  
    0.444       177.64          2284.84        3076.31         3577.32         5369.97  
    0.450       179.06          2285.53        3070.57         3563.20         5500.00  
    0.456       182.28          2281.52        3054.64         3577.07         5500.00  
    0.463       185.86          2265.84        3010.87         3572.50         5500.00  
    0.469       188.20          2250.06        2950.23         3546.64         5500.00  
    0.475       189.33          2225.53        2903.87         3553.83         5299.38  
    0.481       192.61          2166.46        2917.46         3607.91         4946.18  
    