0.025       0          1319.90        2288.72         3466.64         4618.65  
    0.031       0          1257.62        2257.86         3406.98         4598.43  
    0.038       0          884.08        1715.58         3319.92         4786.23  
    0.044       0          1397.15        2253.18         3395.88         4693.45  
    0.050       773.62          1460.97        2696.27         3654.50         4821.16  
    0.056       784.62          1677.99        2726.00         3784.15         4820.75  
    0.062       796.77          1749.89        2536.10         3793.22         4854.13  
    0.069       881.99          2001.83        2470.36         3858.09         4970.72  
    0.075       81.77          1597.42        2308.74         3742.44         4877.36  
    0.081       0          142.71        1731.22         2831.42         3861.27  
    0.088       543.90          1614.72        2649.05         3765.03         4872.13  
    0.094       743.45          1851.45        3011.53         4144.91         5452.67  
    0.100       671.28          1692.71        2751.92         3799.17         4934.59  
    0.106       693.70          1752.06        2766.21         3882.81         4876.16  
    0.113       723.67          1814.69        2839.66         3975.45         4887.77  
    0.119       66.71          1211.52        2076.09         3270.95         4220.16  
    0.125       0          1539.64        1623.11         3077.27         4078.52  
    0.131       719.51          1637.52        2737.92         3733.40         4849.32  
    0.138       708.85          1674.24        2924.09         3771.79         5096.23  
    0.144       698.16          1904.13        2796.97         3750.58         5092.03  
    0.150       64.10          1140.81        2145.93         3698.37         4889.40  
    0.156       696.24          1710.94        2678.57         3802.03         5156.19  
    0.163       515.89          1662.51        2897.65         3653.55         5064.33  
    0.169       803.56          1583.42        2933.73         3954.25         5096.61  
    0.175       829.41          1698.27        2710.61         3869.03         4891.14  
    0.181       883.25          1458.02        2550.20         3644.28         4947.69  
    0.188       856.90          1912.92        2294.78         3567.06         4906.65  
    0.194       895.59          1854.59        2464.08         3624.51         4925.87  
    0.200       924.50          1773.33        2633.26         3886.65         5006.76  
    0.206       891.43          2071.44        2909.52         3898.34         5455.43  
    0.213       81.54          1272.74        2498.77         3440.25         4504.14  
    0.219       0          109.18        1525.42         2786.04         3643.66  
    0.225       0          0        1412.60         2676.32         3632.57  
    0.231       0          1215.55        2444.82         3542.02         4691.67  
    0.238       0          1347.26        2209.93         3389.67         4739.37  
    0.244       0          922.23        1844.40         3343.13         4285.55  
    0.250       675.01          1649.96        2882.34         4059.81         4955.54  
    0.256       667.98          1791.20        2789.86         3975.91         5062.02  
    0.263       626.59          1890.01        3072.80         4241.60         5460.09  
    0.269       57.23          984.28        2226.96         3460.84         4508.12  
    0.275       0          1046.86        2195.43         3611.20         4725.10  
    0.281       527.62          1638.04        2754.95         3744.75         4817.51  
    0.288       53.35          1252.88        2504.29         3387.11         4778.46  
    0.294       0          1112.88        2359.42         3423.11         4540.60  
    0.300       0          1157.10        2130.06         3511.47         4456.14  
    0.306       0          1317.08        2167.08         3519.22         4223.36  
    0.312       741.52          1562.14        2597.68         3909.77         4775.89  
    0.319       74.98          1109.24        1749.61         3259.39         4249.95  
    0.325       0          1140.01        2123.36         3207.74         4254.29  
    0.331       0          1205.43        2296.63         3491.24         4384.15  
    0.338       0          1312.28        2317.48         3537.48         4667.54  
    0.344       0          1463.13        2326.15         3468.29         4396.94  
    0.350       0          1386.19        2683.90         3364.85         4066.71  
    0.356       850.79          1426.80        2487.93         3635.94         4887.64  
    0.363       683.01          1556.92        2450.50         3621.18         5092.72  
    0.369       844.54          1750.34        2582.67         3916.11         5463.70  
    0.375       79.30          1082.77        2293.65         3437.40         4505.22  
    0.381       643.37          1556.92        2835.48         3454.99         4735.49  
    0.388       602.97          1618.06        2991.18         3755.73         4793.02  
    0.394       697.76          1642.35        2991.27         3836.58         4919.94  
    0.400       806.45          1833.04        3032.90         4126.70         5447.89  
    0.406       74.97          1201.96        2376.00         3150.53         4432.29  
    0.413       698.34          2177.10        2715.00         4149.65         5392.03  
    0.419       70.62          1533.75        2375.16         3041.00         4413.34  
    0.425       0          133.90        1863.89         3024.98         4200.76  
    0.431       172.12          2060.99        2970.73         4187.64         4332.40  
    0.438       242.01          2425.83        3152.88         4273.94         5217.04  
    0.444       245.27          2213.92        3102.11         4252.72         4554.73  
    0.450       265.30          2278.56        3134.49         4233.54         4728.50  
    0.456       262.15          2311.43        3137.93         4185.51         4402.92  
    0.463       258.60          2362.63        3160.32         3966.97         4400.86  
    0.469       259.09          2439.15        3178.82         4110.70         4269.16  
    0.475       256.23          2422.18        3184.85         4112.62         4254.99  
    0.481       256.35          2424.23        3190.25         4069.34         4367.42  
    0.488       259.03          2453.63        3185.72         4075.54         4383.68  
    0.494       262.45          2435.91        3194.83         4184.99         4246.04  
    0.500       261.27          2419.87        3232.30         4136.58         4205.17  
    0.506       257.92          2410.54        3223.23         4045.30         4208.90  
    0.513       257.67          2427.95        3230.61         4008.28         4219.33  
    0.519       258.78          2404.75        3262.10         4064.86         4232.27  
    0.525       256.90          2335.92        3253.90         4021.35         4263.96  
    0.531       257.27          2224.88        3239.10         3883.46         4278.72  
    0.537       258.74          2333.03        3273.52         3780.31         4237.45  
    0.544       261.20          2459.90        3305.31         3836.87         4220.41  
    0.550       257.55          2463.01        3258.85         3906.26         4240.62  
    0.556       254.25          2408.74        3239.80         3894.15         4252.87  
    0.562       252.93          2464.82        3252.54         4008.22         4246.39  
    0.569       251.17          2467.14        3269.03         4004.19         4229.73  
    0.575       247.94          2411.63        3252.97         3851.21         4241.02  
    0.581       251.06          2401.87        3343.31         3734.98         4222.16  
    0.588       245.34          2413.62        3324.95         3867.71         4233.90  
    0.594       235.65          2389.19        3277.69         3926.21         4255.64  
    0.600       236.86          2401.34        3305.13         4152.91         4207.39  
    0.606       235.18          2398.16        3296.05         4160.33         4378.55  
    0.613       228.94          2357.24        3314.69         4159.16         4236.88  
    0.619       225.28          2335.21        3334.40         4126.77         4174.71  
    0.625       206.17          2353.82        3339.99         4176.91         4203.57  
    0.631       185.91          2365.23        3350.86         4170.60         5381.25  
    0.638       171.62          2209.95        3342.77         4186.49         4546.60  
    0.644       188.81          2153.04        3213.90         4159.20         4951.50  
    0.650       17.51          197.35        293.97         2451.89         3390.46  
    0.656       0          848.37        2092.28         3095.88         4038.53  
    0.663       0          910.70        2351.04         3242.34         4175.44  
    0.669       200.08          1880.87        2639.18         3760.99         4795.49  
    0.675       20.23          181.76        1924.61         2835.02         3959.98  
    0.681       0          794.09        1971.70         3040.45         4253.17  
    0.688       115.01          1789.98        2959.26         4105.12         5389.06  
    0.694       11.63          974.20        2133.54         3440.82         4512.65  
    0.700       0          81.03        1836.40         2949.69         3594.57  
    0.706       0          1365.73        2172.64         3333.66         4493.59  
    0.713       0          1449.65        2556.36         3770.07         4811.76  
    0.719       617.55          2146.78        2846.14         3755.78         4670.88  
    0.725       745.32          2102.06        3004.36         4221.19         5422.34  
    0.731       69.05          968.23        2228.17         3253.76         4471.50  
    0.738       0          1273.95        2196.61         3192.75         4435.93  
    0.744       0          1021.52        2192.82         3326.83         4425.72  
    0.750       0          884.37        2013.56         3242.41         4239.65  
    0.756       754.21          1968.74        3167.00         4115.22         5382.54  
    0.763       948.02          2157.35        3290.78         4131.80         5500.00  
    0.769       552.47          1587.39        2626.06         3924.07         5027.69  
    0.775       578.20          1651.34        2721.64         3834.71         4927.17  
    0.781       361.31          1611.56        2730.71         3833.54         4906.42  
    0.788       517.70          1649.94        2938.36         3891.24         5051.19  
    0.794       393.80          1603.09        2929.70         3942.29         5418.61  
    0.800       554.18          1604.90        3020.09         3742.90         5036.11  
    0.806       52.52          1100.58        2486.12         3565.29         4928.32  
    0.812       0          1180.92        2366.61         3496.86         4438.78  
    0.819       0          1264.58        1653.92         3131.27         4324.39  
    0.825       746.99          1861.55        2701.52         3757.99         4909.62  
    0.831       873.52          2008.45        3032.92         3754.56         4991.58  
    0.838       80.69          1018.63        2127.29         3438.91         4480.57  
    0.844       0          979.31        2075.36         3295.75         4341.32  
    0.850       602.02          1623.96        2632.33         3603.50         4737.71  
    0.856       638.58          1672.98        2671.28         3942.04         4826.19  
    0.863       763.47          1798.76        2749.60         4151.35         5198.33  
    0.869       71.30          1440.69        2515.69         3659.97         4962.83  
    0.875       0          1480.11        2400.21         3509.07         4747.76  
    0.881       1018.83          1949.96        3465.91         4267.63         4753.83  
    0.888       933.39          1889.74        2887.64         3920.67         4929.78  
    0.894       707.21          1845.43        2797.42         3938.77         4991.65  
    0.900       63.02          169.17        1678.38         2695.20         3774.80  
    0.906       0          1076.01        2448.81         3459.61         4767.82  
    0.913       0          1199.12        2281.10         3453.56         4802.25  
    0.919       699.24          1758.16        2991.82         4303.61         5435.19  
    0.925       654.88          1718.60        3000.53         4137.89         4939.71  
    0.931       59.07          156.94        1723.89         3144.94         3764.86  
    0.938       0          1128.58        2186.43         3448.57         4394.79  
    0.944       724.12          1882.29        3344.02         3641.38         4724.66  
    0.950       73.23          1146.09        2251.98         3624.12         4472.43  
    0.956       688.24          1686.83        2718.97         3884.44         4950.80  
    0.963       69.60          160.69        1304.88         2543.62         3778.10  
    0.969       737.17          1204.79        2340.47         3632.63         4808.63  
    0.975       697.03          1850.40        2941.30         4171.31         5447.23  
    0.981       62.95          1290.37        2409.90         3400.74         4443.26  
    0.988       0          1287.86        2333.01         3401.89         4610.14  
    0.994       505.39          1875.88        2835.56         3580.00         4894.98  
    