0.025       0          240.45        2081.79         2884.80         5128.95  
    0.031       0          244.09        2114.92         2896.88         5063.00  
    0.038       0          262.68        2143.11         3102.48         5027.39  
    0.044       0          277.62        2158.40         3340.82         5046.91  
    0.050       0          273.18        2182.22         3447.04         5024.38  
    0.056       148.89          1304.11        2235.92         3536.02         5022.97  
    0.062       231.48          1899.54        2358.13         3560.14         5037.99  
    0.069       227.58          2044.21        2376.32         3471.05         4986.63  
    0.075       225.29          2166.46        2286.51         3411.20         4975.90  
    0.081       223.36          2114.35        2203.90         3272.04         5054.46  
    0.088       82.13          909.57        2135.40         3147.72         5037.34  
    0.094       142.57          1326.50        2763.46         3324.65         4970.50  
    0.100       220.73          2000.54        3019.54         3378.39         4921.71  
    0.106       217.31          2036.29        2735.33         3450.10         4925.45  
    0.113       219.62          2201.04        2418.23         3461.40         4912.80  
    0.119       224.32          2274.87        2517.92         3384.34         4909.66  
    0.125       230.60          2228.56        2677.39         3312.94         4929.70  
    0.131       231.97          2133.36        2468.30         3275.79         4941.13  
    0.138       233.45          2044.61        2314.48         3277.66         4970.31  
    0.144       233.86          2135.49        2318.60         3275.98         5080.40  
    0.150       233.34          2207.04        2894.67         3320.71         5178.80  
    0.156       86.03          964.60        2573.08         3200.69         5032.05  
    0.163       0          240.28        2189.10         3128.78         4892.30  
    0.169       154.40          1464.96        2806.55         3528.04         4948.22  
    0.175       245.45          2172.75        3115.56         3637.40         5014.48  
    0.181       246.54          2164.80        3074.41         3603.66         5079.72  
    0.188       248.56          2157.78        3054.43         3576.46         5097.26  
    0.194       251.04          2149.40        2990.12         3544.93         5100.23  
    0.200       252.07          2139.54        2944.70         3531.05         5174.41  
    0.206       249.64          2133.95        2928.34         3547.91         5216.15  
    0.213       249.03          2138.25        2880.85         3545.63         5051.35  
    0.219       250.95          2149.00        2905.79         3543.77         4930.16  
    0.225       254.91          2150.37        3049.20         3575.35         4945.32  
    0.231       259.52          2140.22        3078.42         3563.46         4914.36  
    0.238       263.55          2136.04        3093.83         3500.68         4913.05  
    0.244       264.90          2150.75        3123.53         3878.54         4914.82  
    0.250       261.27          2171.62        3146.00         3869.40         4901.00  
    0.256       259.71          2192.02        3152.66         3674.64         4907.47  
    0.263       260.37          2206.95        3123.57         3634.19         4897.56  
    0.269       256.75          2204.46        3097.67         3604.20         4902.89  
    0.275       254.25          2196.89        3136.02         3610.47         4890.09  
    0.281       253.06          2192.62        3105.97         3619.86         4874.03  
    0.288       251.65          2185.01        3060.57         3620.31         4941.44  
    0.294       250.12          2187.49        3077.97         3650.24         4914.31  
    0.300       254.61          2198.75        3150.80         3731.17         4876.22  
    0.306       260.41          2225.85        3081.21         3707.59         4943.52  
    0.312       266.07          2241.92        3019.56         3655.19         5117.16  
    0.319       272.53          2241.41        3184.39         3570.51         5202.73  
    0.325       277.68          2247.11        3360.79         3476.74         4987.31  
    0.331       280.02          2244.74        3144.79         3472.07         4817.72  
    0.338       281.97          2229.02        2882.77         3487.35         4781.82  
    0.344       288.85          2233.59        2623.04         3494.45         4760.63  
    0.350       292.97          2273.29        2436.68         3507.85         4795.75  
    0.356       287.63          2290.41        2878.83         3490.42         4793.30  
    0.363       104.83          1022.63        2604.29         3471.03         4747.00  
    0.369       0          294.02        2271.38         3432.17         4793.63  
    0.375       0          295.86        2292.67         3411.68         4818.65  
    0.381       0          287.66        2348.36         3417.05         4781.35  
    0.388       182.17          1171.43        2466.87         3399.90         4739.39  
    0.394       285.04          1481.99        2483.17         3447.30         4728.25  
    0.400       282.85          1048.81        2429.92         3492.99         4785.52  
    0.406       282.08          979.27        2720.58         3487.31         4997.45  
    0.413       274.39          1030.22        2794.91         3451.05         5048.39  
    0.419       258.10          1035.94        2616.46         3656.50         5148.69  
    0.425       249.69          1092.24        2554.19         3744.41         5216.15  
    0.431       246.92          1147.79        2566.75         3543.47         5225.00  
    0.438       236.39          1244.01        2834.56         4269.95         5401.71  
    