0.025       0          1587.29        2373.35         3599.36         4627.57  
    0.031       0          1528.31        2410.42         3613.96         4622.49  
    0.038       253.81          2269.60        2864.50         4629.03         5096.39  
    0.044       274.33          2405.22        2946.05         4718.71         5182.15  
    0.050       260.04          2396.59        2943.02         4620.70         5194.46  
    0.056       257.89          2389.68        2937.60         4529.95         5197.28  
    0.062       254.34          2387.64        2870.80         4461.98         5223.98  
    0.069       245.51          2405.80        2888.70         4470.70         5174.16  
    0.075       245.98          2416.94        2957.56         4469.99         5137.63  
    0.081       245.43          2412.86        3143.84         4468.77         5127.87  
    0.088       245.51          2410.20        3079.66         4512.51         5151.45  
    0.094       246.07          2428.63        3071.86         4472.93         5146.55  
    0.100       248.17          2434.48        3056.79         4445.38         5152.59  
    0.106       250.15          2425.70        3078.78         4485.06         5166.89  
    0.113       250.76          2403.16        3085.30         4480.84         5147.03  
    0.119       251.23          2406.06        2962.06         4446.30         5131.79  
    0.125       251.35          2409.35        2917.17         4408.29         5121.01  
    0.131       252.94          2434.44        2843.83         4300.96         5116.97  
    0.138       254.79          2451.94        2928.85         4265.01         5073.68  
    0.144       254.29          2447.47        2974.44         4263.43         5023.13  
    0.150       254.92          2450.36        2930.22         4264.01         5005.09  
    0.156       257.28          2453.89        2891.68         4260.93         5016.52  
    0.163       258.47          2448.12        2918.58         4258.08         4969.41  
    0.169       258.74          2450.24        2963.91         4241.93         4913.84  
    0.175       259.10          2441.35        2931.38         4230.82         4906.12  
    0.181       259.52          2425.16        2905.74         4208.72         4946.84  
    0.188       259.60          2429.94        2926.97         4193.10         4993.46  
    0.194       260.59          2452.95        3005.41         4201.87         4978.10  
    0.200       260.52          2462.27        3052.94         4197.11         4981.50  
    0.206       259.99          2443.66        3031.66         4196.66         5014.39  
    0.213       260.29          2432.12        3035.82         4219.31         5018.73  
    0.219       262.22          2419.63        3005.19         4241.49         5025.05  
    0.225       264.26          2422.55        3030.60         4242.75         5042.28  
    0.231       265.64          2434.26        3046.98         4232.11         4997.06  
    0.238       266.37          2445.81        3016.85         4206.94         4987.39  
    0.244       267.68          2456.27        3015.29         4188.40         4988.51  
    0.250       267.90          2461.40        3020.98         4178.94         4972.52  
    0.256       269.28          2471.51        2999.59         4191.73         4978.12  
    0.263       270.23          2471.93        2948.64         4199.67         4943.58  
    0.269       271.11          2470.27        2913.41         4200.70         4958.40  
    0.275       270.78          2466.29        2971.04         4205.60         4958.31  
    0.281       271.89          2457.16        3016.77         4208.94         4944.67  
    0.288       274.50          2458.55        3016.40         4194.00         4954.42  
    0.294       276.65          2448.15        2935.70         4184.36         4975.85  
    0.300       277.56          2432.55        2888.70         4169.26         4937.36  
    0.306       277.90          2417.25        2908.87         4169.94         4876.87  
    0.312       277.97          2405.34        2962.74         4184.26         4886.18  
    0.319       279.48          2405.30        2992.55         4189.67         4864.83  
    0.325       281.91          2412.43        2960.75         4193.35         4895.61  
    0.331       284.78          2418.29        2948.65         4217.39         4915.26  
    0.338       288.11          2422.74        3022.44         4269.89         4890.54  
    0.344       292.89          2418.68        3057.32         4229.13         4929.47  
    0.350       301.41          2419.65        3002.50         4204.49         4926.86  
    0.356       309.01          2428.92        2888.05         4197.21         4859.01  
    0.363       312.47          2419.25        2861.84         4211.74         4834.56  
    0.369       311.62          2401.03        2943.72         4307.80         4837.18  
    0.375       305.18          2398.89        2901.95         4400.13         4689.63  
    0.381       294.44          2403.01        2776.24         4389.86         4636.55  
    0.388       286.09          2420.67        2731.96         4311.22         4648.02  
    0.394       288.43          2437.74        2749.56         4317.34         4622.90  
    0.400       294.51          2438.05        2750.48         4433.67         4541.20  
    0.406       295.10          2422.74        2787.15         4399.15         5306.94  
    0.413       278.01          2418.00        2727.19         4366.31         4972.99  
    0.419       240.31          2425.48        2572.38         4369.89         4849.14  
    