0.025       282.33          2131.97        2499.37         3224.25         5500.00  
    0.031       258.27          2406.60        3100.12         3277.23         5423.24  
    0.038       222.55          2484.76        3248.86         3807.71         5269.60  
    0.044       238.74          2494.20        3230.40         4662.45         5054.85  
    0.050       53.38          729.95        2677.37         3594.49         4852.06  
    0.056       0          237.78        2544.91         3333.45         4780.29  
    0.062       0          235.07        2533.29         3338.41         4730.64  
    0.069       0          222.83        2517.26         3344.37         4713.34  
    0.075       0          219.74        2510.88         3393.21         4743.78  
    0.081       0          223.53        2506.52         3455.16         4777.32  
    0.088       0          218.67        2511.26         3431.05         4624.03  
    0.094       0          211.82        2528.56         3474.93         4538.39  
    0.100       0          209.78        2515.12         3423.68         4476.36  
    0.106       162.90          2031.78        3159.93         4306.56         5274.34  
    0.113       211.07          2553.70        3383.93         4503.13         4862.97  
    0.119       213.53          2547.27        3392.32         3977.07         4584.51  
    0.125       217.04          2534.30        3328.02         3945.37         4536.21  
    0.131       218.11          2527.18        3294.79         4030.36         4684.26  
    0.138       217.44          2523.83        3320.40         4012.85         4844.81  
    0.144       219.64          2517.82        3334.78         3953.74         4796.39  
    0.150       220.94          2514.35        3340.82         4003.29         4699.00  
    0.156       222.52          2511.30        3301.61         4056.53         4767.08  
    0.163       224.58          2514.32        3296.78         4047.61         5059.33  
    0.169       229.94          2529.51        3327.24         3869.78         4961.30  
    0.175       233.05          2541.43        3578.88         3791.93         4930.41  
    0.181       240.69          2522.52        3654.36         3780.90         5078.67  
    0.188       242.51          2502.76        3388.39         3821.65         5095.22  
    0.194       239.19          2504.96        3400.35         3741.88         5086.46  
    0.200       238.31          2512.70        3372.78         3757.07         4926.84  
    0.206       239.03          2520.84        3390.86         3768.76         4886.87  
    0.213       240.20          2520.05        3301.01         4033.13         5166.25  
    0.219       242.66          2513.36        3287.55         4209.76         5444.23  
    0.225       52.90          734.24        2670.51         3574.90         4576.66  
    0.231       193.55          2000.17        3240.03         4219.75         5243.41  
    0.238       247.96          2487.85        3303.67         3799.13         4825.84  
    0.244       249.34          2514.71        3137.13         3586.11         4644.13  
    0.250       248.72          2520.35        3196.61         3558.37         4626.99  
    0.256       248.05          2520.93        3359.14         3501.76         4558.19  
    0.263       249.18          2506.23        3383.40         3808.35         4533.19  
    0.269       246.96          2507.01        3251.92         4217.82         5289.31  
    0.275       246.43          2508.60        3292.77         4227.02         5500.00  
    0.281       249.20          2507.63        3401.70         4216.51         5500.00  
    0.288       251.01          2512.44        3416.67         3890.26         4919.09  
    0.294       251.27          2522.77        3451.81         4223.33         5338.57  
    0.300       54.64          745.91        2748.27         3608.73         4541.96  
    0.306       199.13          2030.57        3228.11         4108.37         5233.77  
    0.312       252.24          2497.40        3398.31         4319.42         5500.00  
    0.319       248.36          2500.58        3436.87         4234.97         5500.00  
    0.325       53.81          736.74        2703.84         3607.41         4603.11  
    0.331       0          243.48        2499.86         3471.93         4403.09  
    0.338       0          236.40        2522.50         3628.00         4559.83  
    0.344       0          224.68        2556.20         3590.75         4569.46  
    0.350       0          223.14        2580.55         3483.60         4446.52  
    0.356       0          233.34        2614.00         3462.88         4376.35  
    0.363       0          243.85        2620.87         3460.85         4368.65  
    0.369       0          238.90        2602.38         3439.86         4399.18  
    0.375       0          228.28        2554.11         3366.03         4378.29  
    0.381       0          226.64        2534.06         3332.80         4483.74  
    0.388       0          229.54        2550.96         3327.70         4509.91  
    0.394       181.54          2046.37        3293.16         4258.08         5284.37  
    0.400       50.45          742.32        2731.09         3640.07         4676.81  
    0.406       0          245.26        2511.20         3360.65         4357.60  
    0.413       0          247.97        2530.66         3401.66         4455.97  
    0.419       0          249.90        2541.88         3421.48         4505.62  
    0.425       0          250.20        2515.06         3447.80         4449.58  
    0.431       0          253.94        2454.49         3391.28         4325.17  
    