0.025       0          300.47        2492.41         3475.55         4808.46  
    0.031       0          275.11        2512.89         3480.74         4771.80  
    0.038       0          248.89        2557.26         3494.20         4750.30  
    0.044       0          239.55        2561.27         3570.39         4751.67  
    0.050       0          229.75        2562.25         3739.23         4679.04  
    0.056       0          231.34        2557.60         3689.66         4613.13  
    0.062       0          249.15        2541.99         3622.61         4613.58  
    0.069       0          250.12        2541.00         3610.18         4718.04  
    0.075       0          247.77        2528.11         3655.25         4735.61  
    0.081       0          239.74        2555.01         3529.72         4697.43  
    0.088       0          239.46        2579.31         3449.78         4689.67  
    0.094       0          242.70        2581.18         3493.69         4630.60  
    0.100       0          239.34        2566.07         3712.91         4559.51  
    0.106       0          232.60        2578.99         3712.75         4612.72  
    0.113       0          229.10        2562.78         3721.68         4661.19  
    0.119       0          231.76        2562.08         3714.86         4677.41  
    0.125       216.19          2406.49        2759.66         3732.69         4709.06  
    0.131       233.18          2578.19        3714.03         3963.49         4695.61  
    0.138       234.97          2552.91        3354.25         3725.56         4599.47  
    0.144       239.51          2532.41        3642.90         4109.19         4190.44  
    0.150       243.28          2520.06        3542.96         3918.23         4428.44  
    0.156       247.29          2505.65        3288.96         3604.16         4645.59  
    0.163       254.89          2496.01        3385.57         3616.24         4665.50  
    0.169       258.39          2497.95        2722.08         3620.87         4765.49  
    0.175       255.97          2495.86        2763.70         3591.70         4813.53  
    0.181       250.65          2486.86        3111.84         3489.61         4853.75  
    0.188       250.65          2481.44        3356.43         3579.33         4783.43  
    0.194       248.55          2495.17        3391.92         4526.24         5031.16  
    0.200       250.83          2520.78        3546.43         4707.53         5129.54  
    0.206       253.39          2519.17        3249.90         3812.26         5472.34  
    0.213       254.89          2500.66        3033.99         3783.36         5500.00  
    0.219       256.22          2502.73        3542.19         3672.45         5500.00  
    0.225       19.47          428.46        2587.76         3418.08         4315.29  
    0.231       0          260.43        2520.65         3563.17         3943.78  
    0.238       241.77          2366.94        3547.59         3650.91         5380.07  
    0.244       19.88          442.67        2612.57         3390.78         4218.66  
    0.250       254.11          2294.00        3324.80         4238.59         5394.66  
    0.256       271.33          2454.50        3406.31         4030.28         5500.00  
    0.263       20.59          432.19        2577.26         3462.94         4392.31  
    0.269       0          261.66        2538.72         3357.62         4342.17  
    0.275       234.99          2338.81        3379.43         4154.21         5091.69  
    0.281       250.63          2486.58        3305.95         3688.66         5250.05  
    0.288       258.84          2510.72        3237.32         3871.26         5481.62  
    0.294       256.54          2505.06        3162.93         4006.62         5500.00  
    0.300       19.47          419.84        2524.61         3312.61         4317.36  
    0.306       0          246.24        2499.80         3301.37         4253.18  
    0.312       228.54          2340.92        3223.51         3478.17         4695.68  
    0.319       248.56          2450.82        3254.09         3421.56         4746.61  
    0.325       251.22          2454.85        2836.86         3796.30         4796.56  
    0.331       257.19          2533.06        2806.18         4033.08         4645.51  
    0.338       265.18          2650.92        2833.85         3573.83         4560.51  
    0.344       268.87          2172.06        2761.81         4316.27         4414.92  
    0.350       271.87          2174.61        2794.48         4110.84         4528.03  
    0.356       272.63          1982.81        2625.33         3586.02         4714.77  
    0.363       276.45          2106.17        2583.95         3488.08         4635.72  
    0.369       21.02          417.69        2544.65         3379.95         4557.66  
    0.375       0          282.51        2530.75         3345.12         4523.46  
    0.381       0          283.22        2597.59         3416.07         4591.38  
    0.388       256.92          1674.99        2600.28         3543.83         4737.33  
    0.394       21.12          135.93        462.42         2659.25         3543.52  
    0.400       272.75          1636.97        2403.35         3424.67         4772.05  
    0.406       312.49          2227.08        3040.93         3715.16         4662.94  
    0.413       337.68          2347.41        3321.87         4349.32         4514.96  
    0.419       346.96          2445.16        2531.48         3671.00         4548.23  
    0.425       298.35          1971.49        2510.32         3497.23         4751.69  
    0.431       263.16          2189.53        2550.82         3464.77         5444.40  
    0.438       19.80          267.15        2616.21         3498.27         5166.22  
    0.444       248.93          1571.60        2631.50         3481.24         4887.10  
    0.450       20.46          1054.12        2628.22         3495.15         4854.95  
    0.456       0          1079.86        2624.85         3630.68         4803.33  
    0.463       0          951.99        2623.29         3472.50         4169.62  
    0.469       0          813.33        2596.91         3063.11         4062.07  
    0.475       0          793.11        2592.37         3103.36         4002.34  
    0.481       219.11          1237.96        2624.29         3860.30         5385.89  
    