0.025       255.61          1998.83        3208.84         4507.71         5270.78  
    0.031       83.17          756.75        2347.69         3626.49         4780.28  
    0.038       168.17          1330.72        2818.12         4238.19         5188.82  
    0.044       246.47          1982.26        3255.64         4585.66         5199.57  
    0.050       245.93          2135.71        3256.72         3785.37         5154.05  
    0.056       80.15          897.71        2963.03         3335.08         5403.03  
    0.062       207.04          1744.98        3135.20         3351.02         5314.74  
    0.069       308.42          2349.51        3225.09         3462.15         5211.93  
    0.075       315.33          2314.25        3193.59         3492.84         5198.25  
    0.081       319.87          2259.47        3153.57         3498.11         5176.01  
    0.088       318.72          2175.88        3122.46         3488.95         5181.00  
    0.094       315.64          2083.04        3134.33         3506.97         5121.37  
    0.100       310.65          2080.83        3155.67         3537.00         5102.99  
    0.106       308.07          2114.67        3175.30         3554.78         5154.08  
    0.113       310.62          2101.83        3196.09         3563.88         5199.72  
    0.119       315.58          2109.82        3210.85         3575.78         5235.71  
    0.125       319.34          2177.07        3218.23         3577.01         5253.30  
    0.131       321.91          2218.77        3234.42         3577.89         5239.53  
    0.138       322.29          2265.68        3246.48         3581.45         5215.11  
    0.144       318.92          2293.23        3249.82         3577.42         5207.12  
    0.150       316.22          2257.21        3251.33         3572.13         5208.96  
    0.156       315.68          2259.05        3253.76         3569.89         5220.26  
    0.163       316.74          2312.54        3241.77         3561.81         5224.53  
    0.169       318.30          2326.99        3247.23         3572.13         5227.78  
    0.175       317.21          2307.48        3255.22         3586.15         5245.98  
    0.181       314.61          2296.64        3266.49         3585.18         5254.07  
    0.188       314.35          2303.62        3279.26         3581.39         5256.48  
    0.194       315.71          2380.60        3283.59         3579.68         5247.82  
    0.200       318.05          2459.67        3293.32         3580.15         5241.46  
    0.206       320.03          2484.67        3318.28         3567.82         5228.61  
    0.213       319.89          2514.50        3270.35         3555.72         5214.26  
    0.219       318.60          2499.28        3230.42         3557.66         5215.62  
    0.225       316.98          2436.38        3245.62         3569.14         5226.85  
    0.231       316.45          2426.91        3260.95         3573.40         5222.27  
    0.238       318.44          2522.35        3259.18         3560.96         5211.49  
    0.244       319.65          2554.89        3268.29         3551.18         5216.17  
    0.250       320.86          2547.68        3282.55         3547.86         5220.89  
    0.256       321.24          2541.23        3289.70         3549.77         5219.25  
    0.263       321.99          2572.15        3297.36         3551.18         5213.50  
    0.269       323.08          2593.63        3307.87         3554.08         5219.24  
    0.275       323.77          2556.91        3325.78         3561.55         5222.66  
    0.281       324.97          2483.83        3324.62         3572.71         5224.22  
    0.288       325.87          2476.98        3316.96         3599.01         5223.78  
    0.294       325.97          2533.76        3328.79         3605.01         5230.69  
    0.300       326.73          2654.86        3360.66         3578.56         5212.73  
    0.306       327.73          2720.85        3378.85         3543.27         5202.68  
    0.312       328.22          2627.96        3361.04         3558.81         5200.54  
    0.319       329.68          2538.74        3369.62         3484.17         5196.07  
    0.325       333.79          2458.68        3384.20         3405.52         5192.53  
    0.331       338.09          2827.53        3320.39         3408.74         5164.49  
    0.338       340.60          3029.96        3359.95         3417.88         5157.46  
    0.344       338.22          3008.93        3192.73         3409.72         5179.16  
    0.350       335.07          2756.58        3199.50         3401.84         5213.47  
    0.356       337.01          2482.34        3267.63         3398.29         5209.84  
    0.363       346.22          2428.71        3331.70         3380.30         5198.39  
    0.369       367.81          2438.39        3251.75         3379.04         5184.42  
    0.375       372.92          2487.88        3312.09         3574.79         5172.46  
    0.381       370.70          2581.42        3367.18         3620.09         5208.38  
    0.388       367.71          2523.25        3350.94         3433.50         5207.91  
    0.394       364.12          2386.07        3286.58         3371.46         5207.86  
    0.400       364.13          2504.62        3251.04         3380.03         5186.64  
    0.406       360.29          2571.32        3251.89         3397.54         5160.43  
    0.413       331.16          2559.05        3333.62         3601.10         5167.93  
    0.419       294.34          2493.53        3363.95         3482.92         5205.60  
    0.425       286.00          2613.44        3147.31         3402.34         5247.26  
    0.431       290.35          2578.04        3249.66         3688.94         5421.96  
    0.438       276.34          2450.28        3348.17         3588.13         5339.42  
    0.444       268.27          2512.73        3324.72         3796.75         5422.55  
    0.450       87.19          1021.85        2916.17         3513.18         4901.51  
    0.456       186.28          1990.55        3113.67         4550.22         4997.53  
    0.463       268.08          2594.37        3290.84         4045.09         5207.54  
    0.469       264.89          2488.17        3312.57         4331.05         5408.67  
    0.475       265.43          2540.80        3325.54         4604.82         5500.00  
    0.481       269.73          2597.88        3266.20         4053.15         5410.19  
    0.488       273.55          2512.40        3225.28         4193.99         5456.68  
    0.494       89.29          988.80        2705.35         3640.74         4893.94  
    0.500       0          282.91        2449.62         3238.58         4586.57  
    0.506       0          290.32        2437.24         3160.50         4499.68  
    0.513       197.31          1764.38        2913.25         4072.32         5162.00  
    0.519       294.66          2167.61        3023.38         4145.38         5230.54  
    0.525       298.27          1861.55        2938.47         3923.89         5053.95  
    0.531       302.31          1703.98        2928.75         3893.42         4820.94  
    0.537       301.55          1650.27        2915.50         3911.29         4712.61  
    0.544       298.54          1687.87        2850.70         3950.59         4773.98  
    0.550       96.83          556.23        2083.64         3164.16         4204.37  
    0.556       0          0        1597.96         2743.95         3860.60  
    0.562       0          0        1513.75         2766.32         3784.86  
    0.569       0          957.62        2324.83         3386.70         4444.65  
    0.575       0          1439.65        2654.14         3724.92         4838.15  
    0.581       0          1434.04        2629.50         3813.91         4714.36  
    0.588       0          1394.41        2644.94         3786.69         4503.71  
    0.594       0          1424.46        2555.31         3767.78         4669.98  
    0.600       0          470.67        1848.79         2988.38         4147.06  
    0.606       0          0        1522.63         2779.60         3896.16  
    