0.025       287.59          2556.43        3010.44         4132.46         4824.48  
    0.031       284.48          2545.75        3041.72         4108.75         4773.59  
    0.038       289.24          2544.80        3095.89         4116.51         4688.76  
    0.044       293.14          2566.64        3162.89         4103.18         4654.80  
    0.050       298.54          2578.60        3295.13         4045.65         4537.63  
    0.056       305.95          2578.78        3326.06         3985.40         4558.71  
    0.062       301.75          2576.08        3256.68         3930.95         4611.90  
    0.069       296.83          2581.31        3175.16         3924.37         4718.51  
    0.075       295.99          2585.14        3145.59         3881.39         4791.23  
    0.081       294.76          2595.40        3132.14         3837.61         4845.27  
    0.088       294.67          2589.52        3127.31         3826.20         4874.70  
    0.094       293.28          2590.28        3182.81         3809.74         4856.02  
    0.100       292.69          2612.36        3249.86         3766.12         4853.35  
    0.106       295.28          2623.55        3248.69         3795.22         4838.86  
    0.113       299.10          2622.66        3214.76         3821.69         4823.60  
    0.119       300.49          2617.25        3285.40         3869.89         4821.71  
    0.125       298.50          2621.35        3382.02         3791.04         4860.50  
    0.131       297.59          2618.16        3496.11         3800.32         4855.53  
    0.138       298.40          2615.89        3455.29         3953.87         4944.54  
    0.144       300.54          2608.50        3416.44         3992.36         5026.77  
    0.150       302.36          2595.35        3356.39         3900.84         5069.05  
    0.156       298.37          2581.52        3363.92         3840.63         4999.88  
    0.163       293.54          2591.69        3468.65         3913.00         4950.07  
    0.169       289.12          2599.42        3451.20         3917.61         4912.77  
    0.175       288.21          2609.91        3363.13         3891.13         4899.41  
    0.181       289.14          2619.38        3337.00         3849.83         4877.17  
    0.188       288.43          2626.57        3378.82         3856.17         4781.96  
    0.194       295.92          2615.20        3354.92         3891.46         4757.78  
    0.200       296.08          2610.24        3323.27         3902.80         4796.13  
    0.206       290.99          2603.54        3269.02         3864.92         4915.74  
    0.213       286.46          2594.30        3222.80         3826.33         5013.49  
    0.219       283.23          2597.08        3214.58         3854.02         5012.25  
    0.225       281.75          2600.91        3193.10         3887.93         4913.33  
    0.231       283.75          2609.97        3147.21         3957.24         4965.96  
    0.238       290.41          2608.91        3067.84         3988.12         5081.16  
    0.244       291.30          2611.29        2998.71         4050.68         5056.94  
    0.250       288.86          2616.97        2983.68         4112.65         5030.62  
    0.256       283.89          2606.18        3039.94         4091.24         4989.99  
    0.263       283.83          2610.03        3209.07         4060.21         4958.15  
    0.269       279.26          2609.74        3038.56         4079.22         5053.56  
    0.275       279.78          2618.43        3027.83         4068.29         4976.64  
    0.281       276.70          2631.32        3268.64         4020.01         5311.73  
    0.288       294.42          2543.88        2899.78         4053.18         5182.62  
    0.294       282.09          2164.06        2680.21         4103.88         4993.66  
    0.300       87.73          646.98        1897.83         3175.43         4407.92  
    