0.025       0          932.73        1301.61         2860.18         3680.60  
    0.031       748.06          1211.84        2574.47         3538.09         5162.94  
    0.038       911.74          1283.83        2876.28         3709.18         5500.00  
    0.044       922.99          1302.15        2859.50         3720.88         5500.00  
    0.050       936.39          1306.87        2811.59         3690.64         5500.00  
    0.056       927.51          1305.30        2796.27         3699.05         5500.00  
    0.062       908.05          1329.69        2814.61         3782.37         5031.94  
    0.069       909.79          1348.36        2780.25         3864.08         4855.31  
    0.075       915.12          1343.85        2810.53         3894.87         4893.17  
    0.081       918.46          1344.60        2844.73         3912.36         4937.25  
    0.088       925.19          1359.55        2887.21         3944.89         4972.97  
    0.094       932.57          1355.84        2926.94         3955.38         4972.23  
    0.100       940.48          1353.02        2921.59         3965.60         4871.82  
    0.106       951.41          1368.48        2889.62         4043.91         4817.93  
    0.113       954.40          1371.44        2880.48         4036.93         4813.16  
    0.119       966.11          1378.04        2868.61         4080.13         4778.95  
    0.125       983.82          1360.64        2881.65         4019.61         4817.69  
    0.131       992.79          1380.23        2884.73         4022.42         4797.89  
    0.138       973.68          1419.30        2879.12         4010.57         4783.98  
    0.144       948.23          1471.29        2871.84         3960.53         4828.89  
    0.150       946.63          1495.17        2858.53         3982.44         5080.05  
    0.156       946.33          1492.11        2829.95         4007.97         4702.87  
    0.163       175.27          1049.15        1906.32         3067.12         4189.05  
    0.169       0          942.13        1804.62         2853.56         4066.13  
    0.175       776.26          1635.48        2664.25         3837.23         5233.16  
    0.181       967.08          1717.81        2846.60         4066.61         5500.00  
    0.188       961.61          1734.06        2815.02         4068.66         5500.00  
    0.194       177.78          1094.62        2048.93         3057.38         4359.95  
    0.200       0          958.89        1874.62         2821.20         4066.97  
    0.206       0          977.37        1808.39         2809.88         4053.14  
    0.213       0          971.68        1767.17         2810.74         4039.29  
    0.219       0          969.25        1820.89         2816.33         4046.37  
    0.225       0          967.98        1854.36         2838.32         4023.65  
    0.231       0          968.05        1906.28         2843.83         4016.97  
    0.238       0          959.65        1957.96         2850.74         4034.47  
    0.244       0          952.67        1949.62         2856.64         4038.67  
    0.250       0          951.13        1918.10         2851.53         4042.07  
    0.256       0          959.04        1931.94         2868.14         3989.14  
    0.263       0          967.79        1901.68         2857.32         3980.05  
    0.269       0          980.03        1784.82         2846.26         3974.37  
    0.275       0          981.12        1594.01         2862.51         3940.68  
    0.281       0          977.36        1453.33         2870.19         3870.27  
    0.288       781.27          1346.14        2621.93         3623.60         5195.42  
    0.294       948.81          1442.62        2925.85         3857.23         5500.00  
    0.300       945.12          1438.85        2912.40         3850.94         5500.00  
    0.306       943.56          1418.18        2872.12         3837.03         5500.00  
    0.312       174.75          1029.02        1679.13         3054.24         4107.04  
    0.319       0          933.75        1423.15         2902.03         3811.82  
    0.325       0          923.49        1413.71         2899.25         3837.99  
    0.331       0          920.16        1421.63         2866.05         3880.24  
    0.338       0          932.43        1452.75         2871.31         3901.31  
    0.344       0          947.74        1460.68         2835.21         3862.84  
    0.350       0          956.81        1452.43         2802.47         3864.56  
    0.356       0          966.20        1433.55         2814.34         3888.82  
    0.363       0          973.99        1387.49         2885.72         3850.03  
    0.369       0          968.89        1247.76         2920.90         3867.79  
    0.375       0          947.52        1104.24         2925.95         3875.80  
    0.381       0          919.57        1173.44         2812.72         3700.36  
    0.388       0          900.45        1266.14         2959.58         3681.31  
    0.394       0          884.87        1303.93         3110.29         3884.15  
    0.400       0          856.22        1317.90         3128.16         3942.08  
    0.406       0          876.22        1351.93         3066.65         3900.35  
    0.413       0          946.61        1332.48         3077.22         4068.98  
    0.419       0          987.15        1365.01         3184.42         4274.19  
    