0.025       0          1034.13        1814.81         2955.26         4085.30  
    0.031       0          1219.18        1499.92         2932.69         4693.52  
    0.038       0          978.58        1282.90         2771.97         4640.25  
    0.044       708.79          1259.72        2922.36         4584.00         5475.38  
    0.050       702.45          1231.89        2385.98         4172.62         4665.72  
    0.056       706.85          1199.11        2289.79         4461.10         4665.50  
    0.062       718.79          1205.07        2435.52         4393.96         4711.98  
    0.069       657.18          1201.47        2590.74         4243.64         4680.65  
    0.075       738.60          1223.40        3264.05         4110.40         4696.89  
    0.081       748.26          1221.22        3250.05         4031.44         4569.39  
    0.088       741.87          1184.07        3021.95         4071.15         4547.19  
    0.094       738.80          1174.57        2891.64         4091.59         4561.35  
    0.100       737.93          1172.04        2602.35         4071.20         4601.79  
    0.106       766.99          1275.76        2582.22         4251.51         4474.98  
    0.113       777.47          1391.76        2526.18         4194.31         4546.29  
    0.119       770.60          1460.10        2501.39         3863.11         4746.45  
    0.125       771.20          1614.66        2516.30         3943.97         4644.32  
    0.131       776.70          1872.98        2549.62         4163.96         5475.46  
    0.138       774.73          1912.48        2482.81         4014.40         4476.59  
    0.144       761.87          1963.25        2478.27         4076.76         4802.54  
    0.150       21.76          800.08        2195.90         2714.61         4038.69  
    0.156       0          768.88        2137.00         2490.34         3983.82  
    0.163       0          763.99        2003.84         2537.69         3994.36  
    0.169       742.66          1748.87        2505.51         3888.15         4756.65  
    0.175       767.71          1710.58        2508.03         3852.25         4701.28  
    0.181       771.78          1707.17        2491.17         3976.79         4775.40  
    0.188       762.13          1826.38        2471.62         4028.69         5479.36  
    0.194       767.31          1834.79        2410.64         4047.42         5500.00  
    0.200       771.52          1922.16        2309.40         3999.28         4924.88  
    0.206       768.70          2279.83        2417.00         3942.04         5483.08  
    0.213       759.44          2181.07        2371.59         4033.77         5500.00  
    0.219       749.27          1847.35        2447.63         4040.31         4747.64  
    0.225       750.15          1660.44        2474.54         3892.37         4582.89  
    0.231       758.35          1479.86        2529.06         3764.50         4599.51  
    0.238       753.72          1427.00        2530.99         3768.22         4614.19  
    0.244       755.34          1497.97        2512.43         3791.18         4910.85  
    0.250       749.03          1559.80        2549.22         3852.59         5288.54  
    0.256       743.16          1470.66        2591.32         3831.21         5171.09  
    0.263       744.04          1323.18        2649.57         3784.08         4886.17  
    0.269       748.91          1304.27        2654.21         3831.28         4807.15  
    0.275       749.36          1306.43        2644.32         3767.47         4961.21  
    0.281       754.91          1342.66        2639.00         3864.59         5192.61  
    0.288       757.12          1299.64        2633.14         3870.41         5491.41  
    0.294       742.07          1257.35        2602.05         3840.10         4899.48  
    0.300       735.31          1268.57        2595.98         3864.49         4878.83  
    0.306       734.52          1242.62        2604.19         3881.94         4840.16  
    0.312       728.07          1234.28        2621.25         3880.60         4781.02  
    0.319       737.34          1245.57        2629.74         3797.87         4627.85  
    0.325       742.75          1251.96        2613.43         3787.44         4768.42  
    0.331       724.28          1248.40        2596.82         3811.83         4790.73  
    0.338       737.11          1242.55        2581.87         3784.78         4790.22  
    0.344       754.98          1268.98        2585.80         3857.19         4824.97  
    0.350       770.94          1270.06        2611.16         3876.12         4844.12  
    0.356       768.66          1250.42        2618.07         3841.56         4801.75  
    0.363       754.65          1273.02        2601.86         3829.44         4760.91  
    0.369       772.91          1296.97        2597.03         3858.71         4731.21  
    0.375       789.94          1278.70        2602.56         3879.35         4872.04  
    0.381       822.82          1275.05        2638.77         3898.71         5116.33  
    0.388       836.83          1292.92        2619.61         3930.80         5044.43  
    0.394       839.18          1274.50        2607.65         3792.12         5018.48  
    0.400       819.68          1245.60        2609.03         3653.36         4937.87  
    0.406       827.67          1236.59        2614.30         3661.42         4903.13  
    0.413       883.01          1178.82        2615.66         3749.78         4968.49  
    0.419       839.02          1195.72        2588.33         3800.63         5038.92  
    0.425       812.30          1202.94        2572.09         3799.87         4945.95  
    0.431       792.61          1199.57        2575.58         3808.24         4891.89  
    0.438       781.11          1206.69        2606.86         3799.66         4818.28  
    0.444       794.47          1207.99        2605.35         3784.87         4866.63  
    0.450       804.46          1205.37        2585.94         3934.16         4940.27  
    0.456       789.95          1210.68        2559.04         3961.15         5065.06  
    0.463       778.22          1212.31        2573.84         3935.35         5115.39  
    0.469       774.09          1220.87        2599.88         3920.62         5489.05  
    0.475       801.52          1229.56        2608.01         3981.38         5500.00  
    0.481       788.41          1229.75        2605.43         3928.24         5500.00  
    0.488       758.75          1233.65        2598.38         3985.29         5500.00  
    0.494       740.79          1237.63        2586.03         3944.59         5500.00  
    0.500       748.73          1255.13        2578.76         3914.84         5412.41  
    0.506       735.93          1292.43        2578.21         3937.43         5241.10  
    0.513       722.53          1322.82        2575.34         3754.57         4850.01  
    0.519       710.38          1346.28        2540.78         3658.00         4761.12  
    0.525       718.74          1355.00        2544.30         3917.27         4670.36  
    0.531       745.52          1377.19        2552.66         4045.92         4810.80  
    0.537       805.98          1361.50        2584.49         3844.62         4936.42  
    0.544       800.43          1314.73        2614.72         3738.20         5484.00  
    0.550       758.71          1270.41        2651.35         3754.85         5500.00  
    0.556       769.16          1269.51        2619.82         3706.25         5389.61  
    0.562       754.86          1263.17        2583.38         3787.91         5343.68  
    0.569       719.39          1240.20        2590.72         3782.46         5363.75  
    0.575       707.58          1139.45        2612.85         3976.62         5496.12  
    0.581       665.90          945.75        2379.82         3917.22         5111.54  
    0.588       18.99          661.24        1055.62         2978.64         4132.81  
    0.594       0          724.02        1196.52         2970.17         4211.78  
    0.600       0          482.52        1220.17         2949.63         4179.73  
    0.606       0          447.99        1193.24         2892.19         4161.14  
    0.613       0          352.68        1084.34         2906.87         4274.80  
    0.619       311.99          1106.91        2630.52         4444.67         5465.09  
    0.625       323.63          1184.72        2719.33         4738.90         5500.00  
    0.631       380.47          1227.08        2761.75         4664.65         5500.00  
    0.638       399.94          1272.99        2824.45         4592.86         5500.00  
    0.644       399.24          1223.50        2842.13         4623.57         5500.00  
    0.650       387.85          1202.60        2527.84         4098.35         4995.34  
    0.656       311.71          1191.49        2645.48         3971.38         5074.36  
    0.663       8.84          700.38        1251.62         3070.21         4474.27  
    