0.025       0          1545.15        1607.25         2821.58         3847.47  
    0.031       0          1375.59        1766.71         2919.02         4145.71  
    0.038       0          1271.01        1780.43         2975.14         4300.08  
    0.044       0          1231.67        1634.53         2972.38         4498.88  
    0.050       0          1241.55        1431.14         2464.73         4567.26  
    0.056       710.25          1264.73        1701.11         4142.71         4616.09  
    0.062       757.00          1249.67        1812.73         4243.75         4641.70  
    0.069       765.68          1230.33        1933.03         4354.25         4657.99  
    0.075       808.07          1227.01        2162.93         4363.19         4652.80  
    0.081       823.29          1235.42        2622.96         4245.08         4627.15  
    0.088       106.40          856.22        1456.69         4082.98         4629.06  
    0.094       705.69          1216.64        3643.18         4429.63         4550.37  
    0.100       816.71          1244.43        3416.15         4073.47         4531.62  
    0.106       807.10          1228.53        3072.72         4083.66         4545.58  
    0.113       797.72          1236.49        2724.34         4066.68         4554.47  
    0.119       795.76          1293.22        2517.74         4087.90         4580.61  
    0.125       808.17          1381.00        2451.64         4136.15         4562.96  
    0.131       807.56          1468.05        2442.06         3941.84         4664.67  
    0.138       805.84          1596.71        2459.83         3892.17         4667.14  
    0.144       807.61          1740.84        2493.23         4001.58         4641.62  
    0.150       807.31          1870.41        2504.48         4071.12         4503.57  
    0.156       798.29          1861.43        2508.45         3993.18         4573.22  
    0.163       798.06          2016.46        2587.42         4025.55         5382.13  
    0.169       806.37          2028.29        2543.55         3991.09         5500.00  
    0.175       807.29          1947.07        2542.47         3986.57         5500.00  
    0.181       812.32          1911.37        2566.16         3976.96         5118.48  
    0.188       818.14          1838.35        2542.28         3868.03         4757.37  
    0.194       824.08          1798.27        2517.57         3907.54         4655.23  
    0.200       818.49          1821.61        2489.25         3999.51         4825.00  
    0.206       811.95          1865.03        2452.89         4027.94         4944.10  
    0.213       820.16          1888.71        2360.92         4003.16         4780.65  
    0.219       822.34          2133.35        2296.68         3951.55         4784.46  
    0.225       813.44          2097.55        2374.69         3960.75         4874.16  
    0.231       806.01          1912.82        2462.27         4022.82         4638.00  
    0.238       806.04          1791.29        2479.13         3944.83         4581.15  
    0.244       822.03          1664.60        2520.08         3808.12         4586.41  
    0.250       826.19          1547.93        2540.81         3784.06         4593.95  
    0.256       822.12          1589.14        2521.58         3786.87         4739.59  
    0.263       807.47          1619.69        2533.56         3807.39         4759.73  
    0.269       798.32          1621.76        2574.69         3842.58         4849.60  
    0.275       809.51          1495.50        2632.56         3813.29         4882.94  
    0.281       820.55          1407.27        2650.03         3829.44         4726.56  
    0.288       819.29          1398.41        2642.25         3807.40         4844.09  
    0.294       810.87          1421.73        2630.50         3849.65         4904.07  
    0.300       813.55          1435.75        2631.16         3883.48         5264.87  
    0.306       825.98          1349.05        2605.71         3869.35         5027.09  
    0.312       823.39          1317.39        2592.76         3861.60         4877.85  
    0.319       823.39          1296.29        2590.86         3886.12         4853.06  
    0.325       812.89          1277.71        2604.30         3893.75         4786.42  
    0.331       824.67          1271.43        2610.75         3870.93         4652.22  
    0.338       862.02          1253.49        2601.60         3814.14         4680.39  
    0.344       838.49          1273.61        2585.41         3821.67         4744.79  
    0.350       845.72          1249.82        2570.10         3834.81         4761.63  
    0.356       910.18          1226.46        2562.27         3858.68         4770.52  
    0.363       929.70          1230.23        2572.94         3898.23         4778.67  
    0.369       985.10          1158.14        2596.26         3874.83         4736.28  
    0.375       920.10          1232.69        2590.69         3847.06         4767.24  
    0.381       943.83          1260.68        2587.90         3874.74         4763.24  
    0.388       1032.99          1213.87        2585.56         3902.96         4825.27  
    0.394       1056.39          1205.40        2611.13         3894.25         4829.35  
    0.400       1044.19          1283.92        2612.62         3950.06         4993.95  
    0.406       1046.63          1304.27        2597.53         3912.92         5226.65  
    0.413       1054.11          1215.79        2593.13         3729.87         4982.08  
    0.419       1051.51          1187.75        2599.46         3674.98         4903.93  
    0.425       1104.68          1156.00        2598.23         3756.38         4950.37  
    0.431       1076.01          1164.77        2580.30         3811.59         5060.40  
    0.438       1024.08          1175.21        2554.21         3816.20         4985.27  
    0.444       988.82          1178.00        2552.47         3812.18         4915.06  
    0.450       956.38          1183.64        2571.02         3816.20         4808.69  
    0.456       964.62          1185.59        2580.68         3815.83         4827.09  
    0.463       990.36          1179.73        2564.38         3921.10         4837.38  
    0.469       977.88          1186.25        2522.41         3998.54         4817.67  
    0.475       956.73          1193.85        2521.26         3980.00         4805.41  
    0.481       937.46          1200.42        2538.50         3972.70         4938.51  
    0.488       1010.77          1194.34        2566.81         4032.44         5430.12  
    0.494       977.21          1203.55        2563.66         4018.56         5500.00  
    0.500       901.89          1223.82        2565.25         4078.56         5500.00  
    0.506       836.20          1234.55        2565.02         4007.07         5500.00  
    0.513       831.26          1245.05        2557.05         3956.58         5500.00  
    0.519       796.84          1284.16        2556.10         3975.45         5019.89  
    0.525       758.51          1317.11        2549.04         3899.17         4767.26  
    0.531       730.18          1342.05        2526.54         3746.86         4683.58  
    0.537       727.14          1360.70        2526.27         3842.53         4623.14  
    0.544       744.61          1374.36        2531.95         4054.57         4709.92  
    0.550       799.54          1380.27        2547.72         3999.30         4681.64  
    0.556       835.49          1341.44        2582.15         3842.62         4969.20  
    0.562       791.17          1301.14        2619.18         3791.31         5118.30  
    0.569       782.72          1286.73        2620.93         3790.51         5236.79  
    0.575       779.15          1280.55        2573.14         3818.83         5219.46  
    0.581       748.78          1262.94        2561.14         3859.67         5463.18  
    0.588       729.52          1205.47        2579.55         3968.63         5500.00  
    0.594       731.40          1035.54        2356.16         3973.66         5170.85  
    0.600       716.70          1012.59        2310.20         3984.48         5213.82  
    0.606       92.18          818.48        1340.47         3087.15         4334.08  
    0.613       0          745.11        1231.27         3106.47         4202.03  
    0.619       0          699.40        1238.21         3046.57         4194.54  
    0.625       0          856.49        1203.64         2922.84         4207.61  
    0.631       0          475.24        1102.20         2400.53         4319.70  
    0.638       310.43          1067.67        1957.59         4097.12         5154.42  
    0.644       462.08          1190.59        1956.86         4414.17         5296.41  
    0.650       476.61          1262.49        2177.01         4405.77         5474.13  
    0.656       548.00          1252.92        2067.06         4328.73         5500.00  
    0.663       521.38          1231.08        2191.63         4363.75         5500.00  
    0.669       465.29          1230.36        2265.72         4181.34         5227.68  
    