0.025       281.37          2491.55        3000.15         3618.84         4148.49  
    0.031       85.18          1843.50        2913.65         3373.61         3907.81  
    0.038       359.86          2191.82        2947.42         3615.74         4198.83  
    0.044       474.96          2421.23        2994.40         3698.05         4391.87  
    0.050       454.32          2554.68        3127.25         3593.48         4137.07  
    0.056       458.38          2585.33        3112.36         3584.79         4158.36  
    0.062       489.74          2504.01        3028.60         3609.56         4414.75  
    0.069       152.07          1130.77        2703.36         3461.75         4316.41  
    0.075       0          580.70        2585.44         3403.56         4245.78  
    0.081       308.02          1092.75        2799.03         3468.01         4288.87  
    0.088       444.78          1234.30        2896.42         3516.88         4209.61  
    0.094       497.66          1161.92        2871.35         3504.70         4156.18  
    0.100       603.63          1123.49        2825.91         3591.83         4199.59  
    0.106       632.82          1202.88        2823.59         3533.21         4295.27  
    0.113       619.51          1252.89        2867.91         3522.02         4186.71  
    0.119       618.23          1242.84        2900.00         3603.00         4070.52  
    0.125       602.65          1261.51        2866.99         3622.35         3974.87  
    0.131       602.17          1277.56        2873.89         3654.35         3924.71  
    0.138       615.41          1271.43        2873.93         3700.79         4221.84  
    0.144       624.63          1278.10        2871.14         3693.56         4478.71  
    0.150       630.04          1274.50        2853.75         3579.25         4071.59  
    0.156       640.74          1306.53        2874.81         3566.35         3752.77  
    0.163       195.18          868.13        1869.31         3088.47         3650.47  
    0.169       0          695.63        1435.15         2853.85         3636.24  
    0.175       514.80          974.83        2382.74         3374.38         4936.83  
    0.181       223.50          859.71        1546.60         3021.79         4045.73  
    0.188       0          759.81        1027.56         2762.64         3460.96  
    0.194       0          757.74        1162.73         2761.64         3530.11  
    0.200       0          760.06        1318.75         2766.99         3513.53  
    0.206       0          750.14        1188.69         2762.18         3424.88  
    0.213       0          738.88        1143.93         2755.59         3359.06  
    0.219       0          743.77        1314.54         2749.49         3355.51  
    0.225       0          751.28        1233.63         2746.18         3354.41  
    0.231       493.57          900.21        2260.49         3078.00         3527.62  
    0.238       695.80          977.47        2734.76         3186.19         3623.49  
    0.244       677.58          982.13        2737.63         3118.69         3626.12  
    0.250       679.56          976.04        2740.13         3143.88         3609.87  
    0.256       691.90          945.21        2728.16         3128.05         3587.31  
    0.263       692.64          938.26        2723.41         3076.57         3562.14  
    0.269       684.30          954.65        2736.56         3103.50         3636.89  
    0.275       682.25          964.92        2744.97         3154.75         3778.20  
    0.281       700.15          932.61        2749.60         3171.04         3695.74  
    0.288       766.39          832.75        2758.10         3092.00         3502.27  
    0.294       239.71          797.74        1435.42         2854.65         3372.33  
    0.300       0          798.00        1221.84         2762.07         3353.28  
    0.306       0          795.32        1511.37         2747.32         3338.76  
    0.312       0          789.51        1862.41         2741.21         3354.45  
    0.319       0          785.12        2354.15         2779.08         3437.28  
    0.325       0          788.83        2195.13         2813.05         3448.55  
    0.331       0          793.95        1957.16         2799.26         3552.82  
    0.338       545.68          971.66        2493.82         3383.25         4333.01  
    0.344       770.54          1084.17        2743.53         3562.97         4530.88  
    0.350       768.78          1180.05        2757.66         3622.93         4642.60  
    0.356       770.19          1258.81        2778.78         3728.46         4682.58  
    0.363       766.10          1222.48        2790.90         3787.95         4710.72  
    0.369       759.63          1162.61        2772.75         3721.97         4656.22  
    0.375       756.46          1094.05        2750.83         3484.77         4569.45  
    0.381       752.69          1077.97        2746.79         3362.45         5211.04  
    0.388       227.42          846.13        1547.08         2953.65         4040.97  
    0.394       0          744.01        1328.66         2806.65         3483.27  
    0.400       515.27          938.92        2379.43         3265.52         3874.19  
    0.406       733.81          1071.91        2771.17         3480.56         4631.36  
    0.413       221.46          847.86        1753.41         3008.63         3914.40  
    0.419       518.11          993.45        2362.19         3283.18         4891.45  
    0.425       689.34          961.25        2801.90         3528.90         4705.95  
    0.431       201.62          767.81        1734.95         3033.46         3988.48  
    0.438       0          720.60        1464.99         2821.98         3869.55  
    0.444       0          754.17        1590.88         2828.55         3723.90  
    0.450       0          760.24        1601.07         2783.20         3738.70  
    0.456       0          763.83        1788.87         2836.39         3689.63  
    0.463       0          783.17        1761.66         2952.49         3747.25  
    0.469       0          788.09        1704.64         2964.56         3856.81  
    0.475       0          776.55        1702.43         2952.24         3900.46  
    0.481       0          781.44        1778.79         3004.76         3882.53  
    