0.025       1247.93          1643.94        2397.73         4070.45         5174.47  
    0.031       1253.55          1630.23        2405.69         4154.78         5168.73  
    0.038       1264.87          1550.57        2418.63         4132.35         5181.23  
    0.044       1259.74          1555.03        2415.73         4051.71         5169.76  
    0.050       1255.14          1531.59        2408.13         4041.91         5115.44  
    0.056       1146.18          1356.66        2372.75         4081.38         5071.89  
    0.062       987.40          1286.36        2378.78         4230.60         4966.94  
    0.069       903.10          1308.87        2430.89         4092.73         4843.61  
    0.075       872.24          1314.91        2459.53         4064.25         4817.63  
    0.081       862.40          1312.74        2485.93         4362.54         4840.42  
    0.088       862.01          1320.28        2491.81         4642.96         4800.60  
    0.094       856.46          1334.11        2471.16         4414.55         4841.31  
    0.100       855.53          1329.80        2489.69         4077.14         4924.51  
    0.106       865.05          1328.53        2494.87         4020.32         4904.15  
    0.113       858.07          1320.90        2469.92         4055.75         4846.10  
    0.119       849.84          1300.35        2467.31         4098.72         4830.81  
    0.125       851.13          1288.68        2479.24         4109.62         4844.05  
    0.131       845.49          1281.91        2497.29         4076.80         4920.16  
    0.138       838.95          1275.39        2499.17         4045.86         4953.38  
    0.144       835.92          1271.97        2483.97         4016.63         4914.15  
    0.150       845.81          1276.58        2442.09         3970.05         4855.17  
    0.156       857.59          1281.07        2437.93         3950.41         4886.89  
    0.163       870.30          1288.37        2449.65         4040.38         4998.18  
    0.169       861.49          1286.82        2468.45         4140.81         5040.31  
    0.175       844.96          1287.33        2487.77         4174.57         4976.01  
    0.181       837.72          1293.90        2479.96         4270.04         4844.69  
    0.188       827.80          1279.17        2458.38         4323.37         4812.89  
    0.194       835.94          1261.74        2456.32         4411.76         4850.36  
    0.200       854.60          1266.59        2459.22         4636.60         4837.45  
    0.206       851.04          1270.43        2428.62         4616.34         4861.26  
    0.213       835.97          1274.97        2409.31         4448.65         4893.92  
    0.219       822.84          1267.90        2426.03         4365.34         4935.19  
    0.225       823.79          1254.86        2440.46         4220.15         4913.34  
    0.231       846.77          1268.88        2438.12         4104.36         4883.55  
    0.238       853.27          1276.89        2438.34         4038.97         4932.93  
    0.244       822.49          1259.67        2437.77         4047.11         4965.15  
    0.250       796.78          1225.81        2454.57         4030.82         4962.92  
    0.256       862.61          1172.31        2425.73         3954.04         4934.17  
    0.263       921.92          1066.99        2211.25         3948.20         4896.16  
    0.269       800.80          1168.31        2265.52         3997.46         4897.13  
    0.275       708.47          1296.65        2382.45         4041.49         4882.40  
    0.281       738.08          1296.26        2304.18         4104.12         4874.90  
    0.288       713.63          1276.58        2281.31         4132.71         4932.94  
    0.294       700.14          1255.21        2346.36         4129.38         5049.42  
    0.300       624.57          1249.81        2396.93         4251.87         5121.89  
    0.306       384.64          1241.20        2291.53         4379.16         5106.04  
    0.312       411.23          1244.87        2124.19         4365.10         4998.36  
    0.319       234.55          549.80        1623.00         3143.48         4615.82  
    0.325       0          0        1297.96         2132.95         4340.31  
    0.331       0          0        1284.80         2033.71         4300.94  
    