0.025       0          997.58        1866.54         2692.87         3227.90  
    0.031       0          874.18        1892.85         2754.19         3276.06  
    0.038       0          843.38        2000.63         2782.51         3456.94  
    0.044       0          843.61        2071.35         2768.11         3538.81  
    0.050       0          844.91        2063.42         2720.72         3603.45  
    0.056       0          751.02        1655.20         2503.86         3588.68  
    0.062       465.13          1171.00        2365.37         3386.72         5223.33  
    0.069       452.39          1772.67        2785.39         3384.48         5500.00  
    0.075       852.82          1744.83        2633.26         3512.23         5500.00  
    0.081       133.33          1117.14        2667.12         3565.91         5500.00  
    0.088       586.59          1071.59        2979.15         3569.36         5249.10  
    0.094       752.96          1120.50        3414.30         4362.37         5073.97  
    0.100       800.24          1165.30        3484.87         4262.83         4955.91  
    0.106       116.47          875.48        1546.25         3623.99         4691.77  
    0.113       683.46          1139.25        3196.65         4173.15         4853.86  
    0.119       792.06          1176.95        3512.35         3884.37         4915.85  
    0.125       801.52          1161.31        3467.23         3658.68         4926.22  
    0.131       802.74          1165.78        3462.90         3535.97         4998.05  
    0.138       813.88          1125.31        3338.39         3504.60         4957.62  
    0.144       810.63          1108.51        3454.68         3488.24         4941.19  
    0.150       820.88          1101.57        3344.41         3512.07         5055.27  
    0.156       855.44          1096.37        3005.84         3522.45         4849.69  
    0.163       876.23          1180.30        3243.23         3492.80         4790.15  
    0.169       875.20          1243.01        3064.21         3467.52         4920.49  
    0.175       873.04          1229.36        3043.22         3458.33         4885.63  
    0.181       871.98          1327.47        3388.41         3611.86         5409.86  
    0.188       878.78          1510.55        3384.87         3501.19         5016.23  
    0.194       878.05          1521.14        3136.79         3496.34         4596.32  
    0.200       877.75          1339.16        2789.98         3505.68         4736.07  
    0.206       881.42          1322.94        2746.83         3516.93         5005.05  
    0.213       882.19          1364.76        3029.57         3534.04         5434.26  
    0.219       127.43          957.73        2093.98         3497.43         4141.73  
    0.225       0          885.49        1926.97         3443.47         3939.75  
    0.231       0          883.59        1939.21         3478.72         3833.12  
    0.238       0          883.02        2041.76         3499.76         3910.47  
    0.244       0          880.92        2018.05         3517.58         3954.16  
    0.250       750.66          1241.31        2958.52         3523.94         4629.21  
    0.256       881.48          1184.92        2813.93         3535.83         4721.50  
    0.263       887.59          1040.89        2700.79         3579.10         4793.04  
    0.269       887.25          1050.13        2873.90         3581.40         4939.84  
    0.275       881.37          1112.95        3254.26         3584.05         5422.36  
    0.281       879.80          1087.10        3501.87         3596.98         5500.00  
    0.288       882.91          1000.87        3099.75         3539.55         5198.10  
    0.294       888.83          981.47        3343.57         3502.12         4973.33  
    0.300       887.33          1001.73        3369.11         3486.19         4855.49  
    0.306       856.05          1059.53        3201.44         3498.77         4812.00  
    0.312       849.26          1045.99        3027.48         3511.46         4854.95  
    0.319       854.94          1008.54        2897.70         3510.82         4859.49  
    0.325       875.39          945.69        2945.24         3510.00         4873.81  
    0.331       876.12          960.33        3009.90         3502.92         4879.15  
    0.338       874.46          984.93        3141.91         3499.10         4891.21  
    0.344       869.60          1047.23        3110.37         3497.84         4915.03  
    0.350       862.09          1096.15        3420.81         3505.65         5416.04  
    0.356       853.98          1165.34        3174.61         3550.38         5041.52  
    0.363       832.23          1216.55        2999.08         3571.14         4795.81  
    0.369       830.26          1208.22        3309.90         3533.81         5005.27  
    0.375       829.58          1206.31        3253.75         3549.35         5138.36  
    0.381       829.85          1237.27        3142.26         3573.26         5005.31  
    0.388       823.47          1207.73        3113.31         3572.87         4949.93  
    0.394       831.65          1133.20        3042.19         3593.99         4990.55  
    0.400       823.70          1186.96        3118.05         3639.56         5184.27  
    0.406       821.51          1241.89        3206.77         3626.74         5175.87  
    0.413       826.78          1214.34        2813.62         3572.89         4966.88  
    0.419       792.67          1217.02        2700.66         3554.76         4903.21  
    0.425       757.94          1246.89        2627.87         3523.85         4892.14  
    0.431       728.43          1268.83        2520.84         3507.58         4969.33  
    0.438       737.83          1237.61        2458.55         3529.50         4993.93  
    0.444       785.95          1291.25        2528.70         3529.41         4928.18  
    0.450       781.00          1292.87        3220.51         3478.32         5019.79  
    0.456       744.10          1270.52        2521.58         3473.55         4922.49  
    0.463       714.59          1258.60        2463.32         3495.36         4977.94  
    0.469       688.87          1227.02        2476.58         3494.10         5031.37  
    0.475       694.10          1223.56        2450.56         3524.26         5022.19  
    0.481       703.07          1203.24        2621.31         3530.73         5005.33  
    0.488       686.39          1223.79        3417.15         4133.43         4952.27  
    0.494       98.71          685.41        1620.83         3591.69         4190.04  
    0.500       0          501.43        1238.36         3542.25         3998.50  
    0.506       377.19          1177.81        3084.38         3570.02         5281.55  
    0.513       415.10          1308.00        2697.29         3571.45         5291.30  
    0.519       473.33          1263.56        2543.17         3625.46         5152.52  
    0.525       494.32          1217.83        2848.75         3608.01         5447.28  
    0.531       557.46          1238.80        2637.70         3639.18         5194.34  
    0.537       591.16          1243.17        2632.55         3694.91         5153.56  
    0.544       620.81          1250.91        2563.31         3676.05         5083.52  
    0.550       676.10          1240.10        2511.86         3702.53         5039.64  
    0.556       551.79          1122.25        2517.48         3743.50         4921.31  
    0.562       452.75          1240.94        2594.75         3724.91         4929.62  
    0.569       717.23          1261.05        2761.49         3769.22         5128.98  
    0.575       708.29          1247.74        2798.75         4037.38         5451.16  
    0.581       430.99          1326.44        2819.19         3770.06         5500.00  
    0.588       322.23          1329.97        2664.36         3736.46         5337.02  
    0.594       45.00          191.86        1532.09         2814.03         3935.69  
    