0.025       924.03          1255.38        2938.39         3394.30         5500.00  
    0.031       926.89          1289.17        2873.10         3582.12         5500.00  
    0.038       923.65          1331.57        2866.60         3683.56         5500.00  
    0.044       917.61          1339.98        2839.31         3705.76         5500.00  
    0.050       918.20          1366.85        2759.31         3664.11         5395.89  
    0.056       923.66          1617.68        2781.41         3750.16         5473.60  
    0.062       187.08          1074.49        1937.02         3031.85         4232.15  
    0.069       745.17          1532.38        2519.95         3806.06         5178.53  
    0.075       934.48          1620.87        2778.28         4060.08         5500.00  
    0.081       931.46          1519.26        2815.47         3989.43         5171.40  
    0.088       936.88          1531.73        2871.95         3996.25         5176.02  
    0.094       946.41          1522.30        2945.99         4019.80         5438.98  
    0.100       951.95          1507.80        2916.93         4028.73         5294.47  
    0.106       962.76          1567.89        2880.69         4141.15         5447.89  
    0.113       964.63          1528.38        2840.59         4155.14         4779.00  
    0.119       976.68          1534.28        2834.15         4264.49         4826.23  
    0.125       980.48          1403.61        2845.05         4077.91         4776.61  
    0.131       985.40          1421.49        2836.70         4061.55         4701.20  
    0.138       963.54          1513.14        2835.57         4091.82         4828.60  
    0.144       193.71          1054.19        1894.89         3113.83         4187.24  
    0.150       0          940.37        1762.21         2853.93         4027.47  
    0.156       0          932.27        1765.51         2806.63         4070.17  
    0.163       0          929.87        1927.92         2856.37         4123.61  
    0.169       0          924.94        2009.73         2886.37         4094.65  
    0.175       0          927.38        2005.04         2904.90         4092.66  
    0.181       0          941.52        1942.71         2894.61         4099.36  
    0.188       0          938.20        1942.95         2884.38         4095.14  
    0.194       0          928.96        1983.57         2893.60         4118.01  
    0.200       0          936.29        1992.29         2875.71         4100.00  
    0.206       0          949.69        1950.39         2853.31         4086.00  
    0.213       0          946.44        1893.38         2858.76         4075.78  
    0.219       0          949.14        1913.23         2871.38         4093.82  
    0.225       0          948.94        1933.54         2895.17         4061.30  
    0.231       0          950.45        1965.38         2909.09         4043.57  
    0.238       0          941.58        2010.17         2922.23         4068.95  
    0.244       0          932.28        2017.03         2909.10         4080.22  
    0.250       0          930.80        2031.23         2880.06         4097.06  
    0.256       0          941.14        2053.71         2916.91         4059.08  
    0.263       0          948.30        2059.33         2945.75         4062.89  
    0.269       0          956.61        2013.52         2917.99         4040.68  
    0.275       0          959.88        1919.79         2903.76         3997.35  
    0.281       0          977.24        1766.69         2881.45         3937.94  
    0.288       0          978.05        1835.13         2915.61         3941.24  
    0.294       0          969.03        1891.17         2966.98         4010.68  
    0.300       0          967.25        1872.36         2967.11         3978.76  
    0.306       0          966.44        1712.41         2901.75         3909.15  
    0.312       767.42          1440.82        2637.57         3633.41         5175.28  
    0.319       194.58          1076.04        1872.86         3093.42         4248.83  
    0.325       0          942.62        1642.74         2900.74         3946.08  
    0.331       0          929.77        1740.33         2888.71         3977.90  
    0.338       0          932.57        1835.96         2872.29         3984.49  
    0.344       0          946.35        1889.53         2819.46         3942.19  
    0.350       0          953.23        1890.16         2817.68         3923.80  
    0.356       0          950.97        1892.31         2824.08         3919.73  
    0.363       0          949.68        1860.88         2865.09         3876.12  
    0.369       0          933.28        1683.01         2892.09         3947.26  
    0.375       0          930.59        1584.84         2916.56         3927.16  
    0.381       153.16          959.58        2232.88         3350.28         5179.77  
    0.388       38.83          195.56        1274.19         2223.31         3664.10  
    0.394       0          0        1008.17         1379.43         3299.91  
    0.400       0          667.65        1235.69         2935.08         4853.75  
    0.406       0          924.79        1309.57         3323.31         4167.80  
    0.413       0          1050.50        1169.36         3195.76         4359.10  
    0.419       0          1052.84        1401.94         3260.21         4854.55  
    0.425       0          981.22        1379.77         3304.45         4604.22  
    