0.025       1166.33          1311.04        2352.11         3693.98         5470.85  
    0.031       1206.34          1344.11        2316.41         3752.49         5224.15  
    0.038       959.32          1348.76        2307.66         3779.81         5157.65  
    0.044       752.18          1378.02        2275.94         3802.87         5191.00  
    0.050       738.55          1379.61        2310.12         3775.94         5221.72  
    0.056       740.59          1388.50        2331.61         3746.09         5217.31  
    0.062       725.40          1400.92        2349.57         3641.76         5209.46  
    0.069       733.26          1390.75        2398.34         3625.00         5253.94  
    0.075       731.65          1370.32        2402.70         3663.65         5267.19  
    0.081       717.00          1370.63        2374.29         3711.72         5279.82  
    0.088       710.75          1359.31        2362.18         3780.02         5253.87  
    0.094       708.33          1341.54        2346.07         3765.45         5240.84  
    0.100       709.17          1327.22        2366.29         3756.82         5233.82  
    0.106       708.02          1314.60        2371.31         3773.83         5262.94  
    0.113       712.43          1305.94        2348.41         3820.80         5277.81  
    0.119       721.63          1297.48        2309.29         3861.54         5222.06  
    0.125       727.01          1279.03        2283.56         3849.24         5211.41  
    0.131       735.20          1259.25        2276.65         3806.46         5250.35  
    0.138       743.88          1243.19        2318.18         3810.79         5218.47  
    0.144       749.12          1241.24        2309.51         3813.83         5205.28  
    0.150       753.25          1254.62        2331.62         3812.02         5240.87  
    0.156       765.35          1260.94        2383.48         3884.14         5397.34  
    0.163       787.05          1273.09        2399.27         3928.15         5491.55  
    0.169       776.20          1271.75        2391.01         3891.08         5189.49  
    0.175       778.09          1274.44        2401.53         3872.90         5166.79  
    0.181       796.37          1282.32        2408.80         3903.59         5467.40  
    0.188       791.25          1286.64        2401.96         3909.23         5193.00  
    0.194       778.17          1287.41        2407.78         3897.26         4981.02  
    0.200       777.29          1290.50        2407.99         3878.21         5122.21  
    0.206       785.93          1298.34        2409.98         3865.11         5132.33  
    0.213       780.63          1300.69        2396.60         3842.12         5012.10  
    0.219       781.99          1308.29        2382.72         3840.15         5126.30  
    0.225       793.27          1303.58        2352.99         3846.08         5074.75  
    0.231       803.68          1296.39        2352.94         3829.25         5040.57  
    0.238       800.36          1299.24        2368.28         3822.86         5014.95  
    0.244       800.43          1298.85        2358.91         3825.39         4994.96  
    0.250       804.12          1292.87        2349.24         3830.43         4983.07  
    0.256       811.17          1291.31        2356.09         3821.64         5008.78  
    0.263       823.52          1295.93        2378.34         3828.07         5106.26  
    0.269       824.49          1296.91        2404.06         3821.48         4993.23  
    0.275       813.58          1294.83        2408.53         3828.78         4939.06  
    0.281       843.48          1309.70        2402.58         3837.36         5083.65  
    0.288       843.49          1323.74        2423.65         3814.39         5048.67  
    0.294       839.67          1321.86        2422.97         3787.49         5020.00  
    0.300       833.62          1303.40        2409.07         3786.24         4992.45  
    0.306       831.21          1296.83        2404.99         3781.39         4987.17  
    0.312       834.52          1290.56        2403.99         3791.46         5058.16  
    0.319       850.71          1282.79        2398.91         3785.05         5038.14  
    0.325       836.84          1282.57        2395.50         3790.88         4991.61  
    0.331       826.33          1285.63        2407.75         3795.33         4966.24  
    0.338       821.37          1284.33        2404.01         3790.22         5032.94  
    0.344       829.58          1283.32        2386.51         3764.98         5058.23  
    0.350       847.85          1274.73        2402.02         3785.69         5084.22  
    0.356       838.26          1278.28        2409.06         3814.11         5129.40  
    0.363       823.64          1275.61        2412.48         3805.87         5094.92  
    0.369       839.17          1273.98        2460.41         3864.05         5210.71  
    0.375       898.17          1248.65        2509.20         3839.85         5251.71  
    0.381       899.60          1251.68        2542.49         3849.31         5475.92  
    0.388       844.60          1257.87        2529.84         3832.18         5243.47  
    0.394       825.79          1256.23        2473.08         3748.56         5089.53  
    0.400       793.26          1273.84        2459.05         3724.16         5090.63  
    0.406       763.62          1278.50        2446.29         3737.04         5127.51  
    0.413       752.10          1271.02        2428.06         3730.58         5066.03  
    0.419       746.01          1277.61        2430.75         3743.22         5084.26  
    0.425       734.39          1266.79        2413.26         3787.30         5070.20  
    0.431       730.17          1270.50        2427.04         3773.33         5067.50  
    0.438       724.44          1271.61        2469.59         3758.90         5040.71  
    0.444       724.45          1293.96        2496.17         3786.15         5006.36  
    0.450       720.00          1311.56        2498.18         3750.16         5047.22  
    0.456       729.89          1300.54        2484.04         3743.93         5042.12  
    0.463       744.82          1286.28        2424.64         3739.39         5054.08  
    0.469       746.41          1264.88        2441.80         3746.34         5126.66  
    0.475       742.48          1263.50        2407.08         3732.15         5104.82  
    0.481       751.62          1263.91        2364.11         3729.17         5059.80  
    0.488       756.96          1257.69        2244.23         3760.34         5043.66  
    0.494       750.70          1276.43        2163.88         3762.26         5041.34  
    0.500       735.97          1244.09        2240.00         3769.71         5114.55  
    0.506       716.91          1218.50        2186.56         3775.07         5462.94  
    0.513       708.01          1228.60        2177.14         3780.11         5500.00  
    0.519       608.59          1198.62        2255.40         3796.70         5500.00  
    