0.025       0          927.30        1346.36         3060.40         3649.26  
    0.031       0          931.40        1347.09         3024.11         3701.41  
    0.038       513.76          1204.63        2203.62         3417.99         4660.84  
    0.044       473.03          1241.60        2265.66         3393.90         4639.88  
    0.050       553.53          1310.02        2325.41         3472.30         4708.06  
    0.056       509.66          1307.26        2305.00         3436.85         4742.02  
    0.062       0          1078.62        1697.25         3000.34         4051.68  
    0.069       0          1070.05        1727.69         2971.63         4083.18  
    0.075       0          1069.61        1759.77         2930.95         4122.00  
    0.081       0          1073.08        1790.33         2910.11         4125.78  
    0.088       552.06          1404.80        2393.52         3504.69         4836.32  
    0.094       1061.96          1682.42        2943.84         4094.59         5500.00  
    0.100       509.77          1343.55        2301.91         3512.07         4799.89  
    0.106       0          1059.28        1747.86         2937.72         4170.12  
    0.113       535.15          1392.10        2381.95         3583.84         4869.05  
    0.119       1018.70          1682.00        2897.35         4149.66         4996.20  
    0.125       1018.68          1656.04        2857.36         4110.61         4786.56  
    0.131       492.03          1342.90        2256.90         3467.35         4567.72  
    0.138       0          1061.97        1689.50         2884.48         4139.63  
    0.144       0          1064.17        1723.60         2916.33         4155.90  
    0.150       550.01          1450.31        2370.04         3603.28         4867.37  
    0.156       1048.27          1776.13        2887.06         4137.10         5500.00  
    0.163       1039.45          1761.60        2867.25         4050.43         5500.00  
    0.169       1029.23          1747.72        2912.49         4028.70         5500.00  
    0.175       1016.28          1713.22        2935.38         4025.35         5500.00  
    0.181       485.11          1340.30        2303.59         3454.79         4784.12  
    0.188       0          1004.18        1756.44         2950.66         4117.67  
    0.194       0          990.07        1825.58         2975.73         4117.72  
    0.200       507.41          1428.01        2420.41         3565.24         4840.39  
    0.206       973.12          1829.96        2892.61         4075.81         5500.00  
    0.213       966.34          1787.95        2877.84         4019.00         5500.00  
    0.219       960.91          1755.01        2912.47         4003.51         5500.00  
    0.225       960.69          1771.75        2899.12         4025.55         5500.00  
    0.231       969.60          1738.15        2842.98         4040.37         5500.00  
    0.238       988.54          1642.49        2850.91         4037.38         5500.00  
    0.244       1000.81          1660.12        2924.33         4090.72         5500.00  
    0.250       999.49          1728.71        2947.06         4077.38         5500.00  
    0.256       987.24          1751.65        2932.18         3999.93         5500.00  
    0.263       972.71          1734.95        2844.22         3924.40         5500.00  
    0.269       962.90          1646.55        2682.43         3860.75         5294.68  
    0.275       972.03          1652.35        2651.68         3876.75         5310.95  
    0.281       996.68          1737.29        2681.35         3926.04         5500.00  
    0.288       1013.49          1743.68        2661.51         3974.76         5500.00  
    0.294       488.08          1360.22        2168.05         3352.96         4721.90  
    0.300       532.23          1268.98        2079.63         3267.84         4211.57  
    0.306       991.62          1467.32        2403.71         3711.73         4492.63  
    0.312       945.64          1534.73        2412.96         3760.48         5057.41  
    0.319       445.47          1264.16        2179.75         3237.37         4708.93  
    0.325       0          945.08        1937.89         2762.41         4001.41  
    0.331       0          964.41        1921.16         2784.44         3954.34  
    0.338       0          990.20        1657.96         2634.74         3845.03  
    0.344       0          953.62        1248.67         2594.10         3799.63  
    0.350       0          917.60        1157.69         2724.48         3711.49  
    0.356       0          909.30        1214.56         2666.75         3593.73  
    0.363       0          867.55        1255.42         2580.80         3566.18  
    0.369       0          756.85        1300.52         2667.96         3534.90  
    0.375       0          838.87        1304.71         3111.30         3717.41  
    0.381       0          1015.83        1298.68         3428.04         4105.45  
    0.388       0          498.81        1160.68         2719.70         3831.75  
    