0.025       0          1157.98        2225.47         2548.45         4849.80  
    0.031       763.44          1481.99        2419.13         4005.41         5276.63  
    0.038       1188.87          1494.33        2491.09         4262.66         5301.49  
    0.044       413.08          485.09        1663.89         2963.42         4389.57  
    0.050       507.97          754.87        2001.77         3570.17         4783.46  
    0.056       822.60          1201.40        2440.64         4257.88         5146.78  
    0.062       831.94          1272.79        2552.31         3999.30         4947.19  
    0.069       814.23          1302.42        2586.17         3895.05         4891.52  
    0.075       798.62          1293.64        2572.97         4017.20         4943.03  
    0.081       783.82          1299.38        2556.57         4497.80         5314.98  
    0.088       757.19          1305.40        2534.03         4519.43         5127.30  
    0.094       747.72          1295.21        2537.47         4154.50         4979.80  
    0.100       759.72          1292.64        2535.82         4010.59         4936.29  
    0.106       769.22          1284.52        2508.38         4051.73         4866.93  
    0.113       769.64          1274.86        2536.39         4098.12         4908.59  
    0.119       769.56          1270.02        2586.36         4059.01         4920.64  
    0.125       759.08          1256.94        2588.45         3985.34         4986.61  
    0.131       758.68          1253.67        2556.03         4027.53         5012.63  
    0.138       762.58          1253.27        2534.94         4008.32         4958.96  
    0.144       780.99          1259.30        2507.76         3851.46         4882.38  
    0.150       789.06          1261.56        2512.47         3825.45         4906.09  
    0.156       815.20          1260.12        2547.06         3965.03         5032.35  
    0.163       791.56          1243.67        2529.35         4143.52         5091.87  
    0.169       761.08          1238.50        2505.33         4212.97         5020.46  
    0.175       745.89          1245.43        2498.83         4523.54         4834.94  
    0.181       723.56          1237.22        2484.59         4600.73         4768.98  
    0.188       713.05          1215.87        2484.78         4634.95         4795.04  
    0.194       718.60          1212.73        2481.50         4735.93         5091.84  
    0.200       711.77          1212.64        2455.42         4754.13         5033.48  
    0.206       708.49          1223.00        2436.94         4639.74         4839.59  
    0.213       692.92          1215.39        2451.86         4479.31         5003.13  
    0.219       681.10          1206.19        2476.26         4275.63         5013.62  
    0.225       690.98          1226.46        2465.97         4146.51         4957.72  
    0.231       689.77          1230.53        2459.79         4066.04         4993.25  
    0.238       645.96          1219.71        2474.13         4127.33         5026.66  
    0.244       614.94          1167.70        2517.37         4076.58         5017.69  
    0.250       618.43          1086.80        2586.33         3963.38         4963.68  
    0.256       516.50          996.54        2485.37         3939.28         4917.47  
    0.263       496.81          1119.94        2503.09         3986.89         4917.20  
    0.269       523.20          1224.24        2537.48         4082.60         4914.20  
    0.275       537.35          1241.91        2482.81         4177.22         4897.56  
    0.281       536.51          1216.92        2460.53         4223.02         4952.95  
    0.288       530.19          1183.17        2492.07         4199.19         5090.96  
    0.294       486.61          1161.29        2526.45         4331.11         5119.62  
    0.300       387.60          1157.20        2518.97         4490.66         5061.66  
    0.306       432.14          1164.24        2471.44         4526.60         4908.37  
    0.312       405.17          1180.46        2504.51         4480.86         4825.76  
    0.319       249.99          1184.97        2505.39         4338.95         4882.93  
    0.325       64.70          406.66        1625.22         3045.11         4452.03  
    0.331       0          755.44        1774.69         3327.52         4847.60  
    0.338       0          1134.97        2128.42         3760.99         5180.02  
    0.344       0          1116.50        2078.56         3719.71         5137.19  
    0.350       347.69          1120.21        2053.17         3741.65         5125.09  
    0.356       181.95          1130.47        2069.74         3727.20         4998.59  
    