0.025       0          665.95        1353.13         3554.05         4125.23  
    0.031       0          657.67        1382.98         3572.43         4059.56  
    0.038       0          711.83        1371.32         3600.11         3990.34  
    0.044       0          756.26        1375.70         3592.57         3916.72  
    0.050       737.40          1303.56        2781.44         3707.18         5399.54  
    0.056       791.10          1358.82        2841.59         3669.46         5052.51  
    0.062       795.82          1329.87        2924.56         3751.33         5469.78  
    0.069       818.91          1327.25        2709.06         3749.05         5189.21  
    0.075       810.02          1329.45        2667.62         3750.60         5267.02  
    0.081       801.09          1327.24        2637.01         3804.15         5315.00  
    0.088       803.90          1330.89        2697.36         3843.15         5488.47  
    0.094       808.57          1330.73        2602.29         3802.93         5500.00  
    0.100       810.22          1318.62        2502.05         3716.66         5135.32  
    0.106       813.58          1311.40        2493.81         3724.07         4897.54  
    0.113       817.79          1307.71        2515.32         3778.08         4878.84  
    0.119       818.45          1302.36        2529.62         3790.21         4796.26  
    0.125       821.42          1302.02        2534.93         3743.40         4644.22  
    0.131       833.72          1309.12        2591.61         3681.60         4555.90  
    0.138       849.53          1317.78        2645.71         3585.73         4559.66  
    0.144       851.54          1323.63        2686.08         3411.58         4586.57  
    0.150       864.84          1337.05        2709.01         3774.46         4920.16  
    0.156       885.99          1353.82        2713.33         4108.43         5008.07  
    0.163       887.65          1361.30        2748.61         4320.47         4448.88  
    0.169       882.34          1354.27        2776.06         4308.12         4518.89  
    0.175       874.70          1347.32        2783.11         4116.61         4367.81  
    0.181       892.03          1351.00        2785.21         4304.65         4340.86  
    0.188       905.68          1349.65        2806.64         4345.98         4397.08  
    0.194       907.74          1348.65        2823.61         4377.06         5430.47  
    0.200       904.44          1351.34        2810.21         4373.93         4961.06  
    0.206       918.38          1366.89        2828.31         4380.51         4567.59  
    0.213       923.41          1379.53        2862.98         4393.33         5439.49  
    0.219       930.18          1403.00        2859.20         4456.14         4989.91  
    0.225       58.88          1001.57        1542.96         2994.67         4463.15  
    0.231       0          968.04        1443.56         2911.85         4367.69  
    0.238       0          949.69        1447.35         2919.23         4351.84  
    0.244       876.10          1447.58        2817.18         4299.77         5427.31  
    0.250       59.17          975.99        1627.72         2993.68         4453.94  
    0.256       0          943.37        1620.81         2872.51         4413.98  
    0.263       0          911.01        1674.54         2888.42         4425.44  
    0.269       0          919.44        1617.80         2876.15         4409.64  
    0.275       0          955.06        1542.30         2854.01         4422.21  
    0.281       0          967.87        1501.76         2802.20         4387.40  
    0.288       862.33          1475.11        2593.76         3539.04         5048.34  
    0.294       896.48          1528.78        2573.14         3472.35         5213.90  
    0.300       900.08          1535.35        2513.39         3485.22         5136.10  
    0.306       906.12          1453.09        2517.82         3436.78         5181.27  
    0.312       893.20          1436.62        2509.63         3418.87         5198.01  
    0.319       889.47          1452.38        2496.15         3427.42         5237.05  
    0.325       891.15          1469.67        2497.96         3438.97         5483.53  
    0.331       868.54          1477.12        2514.59         3446.86         5412.20  
    0.338       867.49          1461.43        2573.59         3433.12         5359.39  
    0.344       881.77          1455.33        2614.13         3415.98         5490.90  
    0.350       861.20          1467.20        2707.34         3416.06         5500.00  
    0.356       848.52          1449.04        2621.28         3416.98         5500.00  
    0.363       833.43          1416.35        2576.45         3393.39         5500.00  
    0.369       824.67          1427.36        2551.12         3391.58         5389.97  
    0.375       823.45          1453.76        2598.61         3420.28         5492.57  
    0.381       820.99          1464.13        2655.83         3414.67         5500.00  
    0.388       815.64          1484.22        2735.62         3397.14         5500.00  
    0.394       812.98          1492.79        2780.71         3408.96         5485.21  
    0.400       795.37          1492.15        2820.61         3400.65         5499.00  
    0.406       782.98          1507.01        2889.49         3362.54         5500.00  
    0.413       766.97          1478.91        2887.97         3348.37         5500.00  
    0.419       749.64          1433.72        2789.12         3369.77         5425.62  
    0.425       763.93          1422.67        2745.83         3392.15         5494.98  
    0.431       779.59          1420.81        2849.33         3398.53         5500.00  
    0.438       765.14          1414.38        2925.31         3377.29         5500.00  
    0.444       749.84          1416.85        2967.59         3374.84         5500.00  
    0.450       735.74          1423.97        3226.42         3399.39         5500.00  
    0.456       641.54          1429.58        3374.06         3613.19         5500.00  
    0.463       590.03          1401.65        3306.77         3729.08         5500.00  
    0.469       37.14          702.91        1595.49         3301.25         4219.11  
    0.475       0          744.84        1511.47         3353.35         5413.49  
    0.481       710.98          1458.87        2442.58         3368.39         5500.00  
    