0.025       335.19          1523.49        2708.71         3561.34         5500.00  
    0.031       711.50          1386.35        2612.44         3576.87         5384.52  
    0.038       953.88          1322.54        2476.02         3673.98         5218.95  
    0.044       844.66          1331.57        2430.40         3753.74         5145.35  
    0.050       713.22          1344.02        2390.28         3785.70         5192.54  
    0.056       699.84          1364.39        2405.07         3759.73         5257.81  
    0.062       713.91          1383.43        2442.98         3718.31         5270.45  
    0.069       719.74          1404.80        2487.18         3600.04         5306.46  
    0.075       727.61          1408.66        2555.35         3573.04         5440.14  
    0.081       723.32          1390.25        2545.14         3630.02         5500.00  
    0.088       716.29          1381.13        2500.92         3680.92         5396.91  
    0.094       712.19          1367.80        2467.56         3742.16         5316.35  
    0.100       707.77          1347.32        2451.69         3736.30         5280.42  
    0.106       704.97          1328.38        2468.32         3725.42         5286.46  
    0.113       700.74          1310.08        2466.55         3745.97         5300.30  
    0.119       703.24          1300.96        2445.63         3785.86         5327.89  
    0.125       707.95          1290.03        2387.36         3828.69         5282.17  
    0.131       710.25          1266.17        2343.65         3810.79         5234.84  
    0.138       715.73          1247.27        2384.89         3749.92         5265.38  
    0.144       720.63          1230.69        2432.70         3724.51         5229.91  
    0.150       721.46          1226.30        2395.56         3741.60         5228.14  
    0.156       723.18          1239.48        2399.36         3714.38         5294.64  
    0.163       734.87          1257.58        2461.58         3798.09         5438.34  
    0.169       751.35          1275.93        2502.24         3887.73         5500.00  
    0.175       739.20          1273.24        2478.24         3868.92         5289.56  
    0.181       735.06          1276.16        2476.82         3864.22         5388.43  
    0.188       744.56          1290.93        2491.71         3886.10         5500.00  
    0.194       742.03          1297.03        2495.49         3893.16         5297.69  
    0.200       733.66          1295.71        2500.76         3890.39         5148.96  
    0.206       729.33          1297.64        2496.83         3873.79         5370.75  
    0.213       730.04          1307.93        2496.92         3853.30         5299.62  
    0.219       728.80          1314.47        2485.75         3833.71         5209.92  
    0.225       729.82          1322.45        2469.36         3826.41         5285.59  
    0.231       736.51          1319.82        2446.92         3809.35         5157.79  
    0.238       742.01          1313.09        2442.55         3783.14         5085.60  
    0.244       738.56          1314.10        2451.10         3796.39         5185.26  
    0.250       734.52          1316.19        2442.54         3804.04         5070.33  
    0.256       737.19          1315.57        2435.32         3813.43         5112.59  
    0.263       742.76          1318.01        2450.24         3813.47         5324.05  
    0.269       747.28          1325.86        2479.54         3799.56         5319.55  
    0.275       748.20          1325.09        2501.19         3768.34         5159.96  
    0.281       745.28          1319.93        2502.81         3781.01         5125.57  
    0.288       753.50          1343.78        2508.08         3807.16         5195.10  
    0.294       754.73          1353.32        2503.82         3789.38         5097.59  
    0.300       753.14          1344.57        2488.29         3759.48         5039.73  
    0.306       750.47          1323.09        2467.04         3760.83         5000.72  
    0.312       749.21          1310.03        2461.71         3765.37         4984.89  
    0.319       752.22          1307.17        2472.82         3769.38         5059.97  
    0.325       757.12          1308.29        2481.09         3763.33         5109.50  
    0.331       749.69          1302.48        2470.29         3773.12         5069.37  
    0.338       740.34          1297.07        2461.44         3783.68         5020.76  
    0.344       735.45          1295.82        2458.06         3781.07         5064.66  
    0.350       738.82          1300.90        2448.32         3767.31         5113.12  
    0.356       750.00          1299.46        2458.02         3771.36         5131.66  
    0.363       750.11          1298.49        2471.49         3785.07         5175.60  
    0.369       742.91          1292.37        2482.70         3797.29         5171.41  
    0.375       748.19          1294.20        2530.76         3837.90         5381.55  
    0.381       764.44          1295.45        2589.99         3821.29         5301.35  
    0.388       767.16          1289.74        2620.69         3823.88         5378.70  
    0.394       754.08          1270.57        2608.41         3811.17         5290.17  
    0.400       747.20          1253.24        2549.94         3737.81         5114.28  
    0.406       736.74          1252.95        2518.22         3709.49         5083.22  
    0.413       723.44          1241.79        2494.92         3725.01         5117.53  
    0.419       721.05          1216.42        2481.86         3720.70         5108.18  
    0.425       717.59          1213.63        2491.89         3723.88         5093.83  
    0.431       705.91          1221.56        2474.44         3762.91         5083.37  
    0.438       700.71          1244.27        2528.21         3765.28         5122.87  
    0.444       692.90          1255.45        2587.18         3743.85         5090.59  
    0.450       690.49          1281.87        2639.76         3759.95         5173.02  
    0.456       690.65          1291.43        2653.82         3733.92         5170.35  
    0.463       703.10          1285.33        2650.20         3724.27         5133.66  
    0.469       720.20          1274.59        2570.83         3727.99         5177.82  
    0.475       722.51          1258.33        2620.89         3727.29         5396.85  
    0.481       714.30          1255.87        2626.35         3705.22         5260.47  
    0.488       714.55          1253.22        2550.03         3702.25         5095.38  
    0.494       709.80          1232.82        2430.31         3729.57         5067.17  
    0.500       689.72          1211.69        2429.57         3723.67         5121.89  
    0.506       640.57          1175.80        2482.38         3740.65         5379.82  
    0.513       580.89          1164.88        2456.63         3747.93         5500.00  
    0.519       505.60          1170.21        2444.95         3757.43         5500.00  
    0.525       332.59          1150.46        2445.38         3803.32         5500.00  
    0.531       88.82          1077.33        1810.90         3128.74         4495.14  
    0.537       0          950.21        1576.09         3046.04         3966.06  
    0.544       0          952.78        1847.47         3220.31         3838.39  
    0.550       326.06          1140.42        2354.07         3670.28         4900.46  
    