0.025       0          1160.49        1622.59         2961.44         3906.51  
    0.031       0          942.78        2082.58         3131.63         3806.02  
    0.038       0          914.80        2177.81         3180.54         3849.23  
    0.044       0          876.61        1952.73         3182.67         3914.33  
    0.050       0          913.46        1939.68         3247.92         4010.63  
    0.056       0          978.56        1953.87         3346.55         4092.99  
    0.062       0          1051.93        2146.17         3313.82         4072.65  
    0.069       0          929.59        2221.98         3128.38         3987.91  
    0.075       0          817.57        2109.47         3067.22         3900.33  
    0.081       0          709.30        1936.35         3040.09         3905.81  
    0.088       0          694.10        1790.47         3043.85         3894.81  
    0.094       0          725.85        1564.86         2989.74         3923.48  
    0.100       670.84          1233.87        2444.69         3693.28         5273.04  
    0.106       113.26          1058.55        2544.60         3899.26         4146.64  
    0.113       0          978.15        2452.89         3782.05         4048.50  
    0.119       0          140.40        1244.95         2724.78         3972.45  
    0.125       544.84          989.88        2198.88         3747.81         5276.96  
    0.131       682.64          1144.83        2429.33         3878.94         5500.00  
    0.138       731.64          1146.98        2581.24         3847.28         5310.42  
    0.144       749.45          1178.71        2679.67         3834.99         5222.46  
    0.150       108.52          833.73        1419.57         3795.11         5003.98  
    0.156       662.27          1141.34        3457.27         4755.24         5423.25  
    0.163       767.62          1177.23        2818.77         4043.76         5224.70  
    0.169       755.20          1125.97        2758.45         3881.63         5453.52  
    0.175       738.97          1107.78        2771.43         3881.57         5500.00  
    0.181       735.15          1112.35        2688.67         3875.72         5459.59  
    0.188       732.96          1097.26        2642.41         3884.89         5300.59  
    0.194       735.10          1089.50        2702.41         3872.24         5277.59  
    0.200       725.39          1078.07        2658.64         3850.51         5250.94  
    0.206       716.44          1061.41        2613.55         3862.60         5321.73  
    0.213       727.18          1047.36        2640.76         3883.53         5350.63  
    0.219       733.22          1017.47        2610.38         3914.91         5373.35  
    0.225       739.87          1017.34        2612.96         3907.55         5482.19  
    0.231       731.58          1040.29        2589.56         3853.69         5363.72  
    0.238       726.15          1057.60        2559.07         3844.98         5371.56  
    0.244       747.84          1081.40        2538.94         3865.17         5335.28  
    0.250       770.75          1110.58        2443.70         3866.85         5255.34  
    0.256       775.44          1139.63        2341.74         3878.54         5179.74  
    0.263       779.61          1161.41        2367.53         3866.63         5218.32  
    0.269       780.36          1185.61        2287.30         3867.14         5460.51  
    0.275       782.86          1259.90        1922.46         3860.24         5500.00  
    0.281       769.34          1278.47        2165.38         3849.96         5500.00  
    0.288       760.44          1261.36        2404.08         3876.70         5500.00  
    0.294       751.72          1230.49        2363.52         3904.33         5500.00  
    0.300       750.17          1207.57        2297.81         3897.33         5500.00  
    0.306       752.19          1208.36        2435.09         3875.13         5500.00  
    0.312       743.46          1219.79        2420.32         3872.09         5500.00  
    0.319       737.05          1250.67        2313.31         3933.80         5500.00  
    0.325       731.40          1272.83        2293.08         3969.55         5380.31  
    0.331       733.84          1291.82        2778.99         3974.37         5479.79  
    0.338       737.28          1302.17        2902.07         3933.66         5199.10  
    0.344       741.78          1281.78        2804.63         3898.99         4990.67  
    0.350       749.56          1252.39        2823.16         3922.72         4938.86  
    0.356       751.81          1233.11        2676.89         3934.73         4967.40  
    0.363       757.63          1235.19        2729.72         3960.32         5097.89  
    0.369       755.81          1242.77        3018.49         3990.42         5444.96  
    0.375       754.56          1235.67        3226.99         3958.43         5500.00  
    0.381       755.80          1242.12        2832.46         3957.11         5500.00  
    0.388       760.43          1256.42        2795.30         3980.13         5500.00  
    0.394       759.25          1246.62        2672.07         3923.56         5500.00  
    0.400       751.65          1260.78        2519.98         3862.96         5190.25  
    0.406       751.03          1276.89        2439.06         3876.53         5249.38  
    0.413       751.96          1275.25        2412.95         3884.47         5466.52  
    0.419       754.00          1279.95        2664.63         3915.30         5500.00  
    0.425       746.89          1271.98        2601.10         3921.28         5500.00  
    0.431       730.77          1257.11        2399.70         3927.14         5500.00  
    0.438       727.48          1246.40        2357.05         3949.18         5500.00  
    0.444       728.82          1250.15        2366.01         3882.14         5500.00  
    0.450       725.74          1258.90        2328.38         3846.27         5500.00  
    0.456       728.85          1282.27        2270.42         3819.52         5353.98  
    0.463       735.79          1301.50        2344.32         3842.37         5475.35  
    0.469       722.06          1315.46        2260.08         3853.25         5500.00  
    0.475       708.85          1321.50        2347.93         3850.92         5500.00  
    0.481       710.13          1322.28        2263.03         3817.76         5454.01  
    0.488       720.76          1341.33        2151.52         3831.30         5296.29  
    0.494       698.77          1346.99        2280.65         3824.49         5466.92  
    0.500       643.20          1341.64        2296.70         3818.16         5500.00  
    0.506       91.65          752.83        1468.99         3782.28         4840.72  
    0.513       484.29          1199.90        2040.46         3772.58         5388.69  
    0.519       444.54          1230.69        2286.13         3799.26         5500.00  
    0.525       350.55          1212.28        2590.81         3792.98         5500.00  
    0.531       421.38          1236.91        2380.71         3772.36         5500.00  
    0.537       480.07          1308.94        2355.30         3713.45         5231.08  
    0.544       499.91          1311.12        2453.70         3668.52         5171.60  
    0.550       656.13          1333.82        2486.41         3730.72         5147.25  
    0.556       653.95          1338.51        2543.97         3752.24         5019.90  
    0.562       657.51          1314.86        2422.06         3724.16         4997.55  
    0.569       714.65          1308.14        2363.59         3765.01         5098.29  
    0.575       747.63          1256.95        2404.14         3837.63         5035.98  
    0.581       765.04          1247.08        2405.17         3820.18         4920.38  
    0.588       763.11          1475.61        2357.47         3830.56         5018.79  
    0.594       818.53          1366.60        2578.89         4083.57         5433.31  
    