0.025       0          1317.57        2042.55         3642.42         4528.08  
    0.031       0          1299.10        2117.29         3686.90         4928.24  
    0.038       959.26          1281.67        2104.76         3560.46         5020.41  
    0.044       1180.86          1260.00        2062.38         3453.77         4856.25  
    0.050       1240.35          1608.89        1965.43         3433.07         4684.19  
    0.056       1234.23          1557.27        2171.44         3467.44         4775.97  
    0.062       1253.30          1515.71        2275.81         3497.49         4809.07  
    0.069       1226.68          1850.65        2197.27         3463.58         4870.82  
    0.075       1173.04          1702.61        2862.17         3481.61         4859.22  
    0.081       1087.38          1559.71        3421.04         3714.15         4886.74  
    0.088       1046.75          1512.92        3383.94         4010.41         4961.28  
    0.094       1026.61          1482.62        3363.13         4024.18         4971.92  
    0.100       1018.97          1477.87        3344.13         4017.45         4991.70  
    0.106       1010.52          1484.03        3347.29         3991.63         4980.54  
    0.113       1001.11          1472.81        3387.91         4004.25         4868.15  
    0.119       991.76          1432.22        3389.63         4087.46         4878.95  
    0.125       998.15          1425.75        3414.83         4059.94         4928.26  
    0.131       1006.35          1417.38        3412.57         4038.60         4953.77  
    0.138       997.41          1396.32        3400.34         3998.16         4936.40  
    0.144       1001.91          1406.98        3398.70         3989.23         4905.47  
    0.150       1006.07          1429.34        3402.48         3949.59         4847.97  
    0.156       1007.70          1422.48        3422.34         3945.69         4869.84  
    0.163       1004.48          1415.41        3382.89         4002.68         4909.05  
    0.169       992.21          1395.51        3348.95         3971.21         4912.12  
    0.175       986.12          1405.80        3378.70         3905.74         4909.94  
    0.181       983.76          1420.76        3397.35         3908.51         4921.55  
    0.188       998.21          1441.13        3409.02         3944.08         4839.81  
    0.194       1005.89          1455.44        3447.82         3801.52         4868.96  
    0.200       1003.92          1450.75        3463.68         3835.25         4888.07  
    0.206       1000.23          1439.25        3447.80         4024.31         4909.90  
    0.213       1003.43          1435.75        3452.68         4129.63         4869.19  
    0.219       1006.57          1442.58        3464.92         3975.80         4919.67  
    0.225       1010.50          1458.70        3475.85         4044.09         4939.60  
    0.231       1000.25          1453.62        3453.72         4119.22         4891.45  
    0.238       996.66          1451.27        3460.40         4137.78         4925.12  
    0.244       1000.24          1463.87        3468.46         4385.71         4889.13  
    0.250       1002.44          1453.57        3516.52         4343.06         4965.14  
    0.256       1000.83          1419.71        3523.92         4599.63         4769.72  
    0.263       1000.71          1407.75        3513.71         4521.67         4920.92  
    0.269       1002.95          1422.68        3531.46         4395.90         4934.09  
    0.275       1001.37          1446.61        3581.32         4860.00         5041.04  
    0.281       1005.94          1475.07        3628.67         4500.76         4849.32  
    0.288       1006.67          1465.62        3539.43         4267.62         4873.91  
    0.294       996.61          1465.97        3530.60         4194.03         4871.18  
    0.300       997.21          1465.63        3559.95         4205.87         4889.65  
    0.306       994.67          1468.87        3559.11         4304.30         4887.10  
    0.312       995.43          1468.19        3563.62         4671.13         4836.37  
    0.319       991.10          1481.85        3627.44         4804.39         4810.12  
    0.325       1002.72          1459.76        3728.16         3839.37         4851.79  
    0.331       1023.23          1437.06        3690.54         3943.53         4843.60  
    0.338       1015.39          1415.22        3663.62         3709.13         4888.91  
    0.344       998.22          1419.61        3440.28         3647.50         4902.42  
    0.350       991.42          1429.40        3578.43         3642.00         4871.79  
    0.356       999.59          1431.50        3437.00         3675.71         4892.05  
    0.363       990.65          1418.27        3317.45         3646.80         4896.33  
    0.369       998.92          1440.89        3432.42         3628.53         4860.42  
    0.375       1022.25          1479.05        3442.49         3558.34         4862.30  
    0.381       1030.85          1519.78        3059.77         3595.17         4839.98  
    0.388       1042.68          1554.39        2771.76         3696.03         4805.91  
    0.394       1044.80          1498.77        2747.24         3743.02         4869.45  
    0.400       1042.05          1478.42        2701.97         3863.42         4924.52  
    0.406       1041.82          1468.32        3571.51         4056.85         4819.95  
    0.413       1007.56          1461.06        3596.19         4783.29         5487.78  
    0.419       975.75          1461.59        3539.01         4494.80         4739.85  
    0.425       982.71          1498.21        3484.14         4286.51         4707.96  
    0.431       1016.56          1525.44        3437.51         4244.73         4752.22  
    0.438       1043.71          1546.48        3435.08         4216.38         4707.06  
    0.444       970.80          1628.31        3468.20         4073.65         4735.07  
    0.450       918.20          1688.85        3465.33         3870.43         4790.04  
    0.456       951.82          1619.84        3521.99         3789.89         4713.10  
    0.463       17.06          1114.19        1664.91         3656.16         4742.42  
    0.469       0          1107.09        1587.33         3592.66         4974.17  
    0.475       769.97          1493.90        3583.32         4000.07         5030.45  
    0.481       799.26          1526.81        3585.70         3673.18         5122.96  
    