0.025       0          693.93        1887.65         2844.95         4012.49  
    0.031       913.61          1457.45        2204.32         3026.94         5159.40  
    0.038       923.77          1430.42        2362.74         3045.58         5129.24  
    0.044       761.29          1379.96        2763.93         3019.59         5163.67  
    0.050       750.52          1336.24        2652.61         3281.93         5188.75  
    0.056       754.02          1335.52        2699.89         3363.94         5187.91  
    0.062       752.78          1348.11        2849.16         3493.09         5246.40  
    0.069       811.24          1396.73        2902.04         3762.00         5491.16  
    0.075       801.82          1395.85        2879.85         3790.09         5500.00  
    0.081       820.00          1372.70        2847.22         3780.04         5500.00  
    0.088       834.55          1362.59        2903.96         3801.36         5500.00  
    0.094       833.76          1362.35        2898.65         3589.38         5500.00  
    0.100       811.32          1356.64        2741.39         3703.08         5500.00  
    0.106       799.02          1355.66        2618.21         3506.20         5254.62  
    0.113       810.37          1372.52        2561.91         3606.81         5112.26  
    0.119       828.03          1377.20        2619.48         3692.68         5108.48  
    0.125       832.64          1377.13        2761.62         3586.21         4960.90  
    0.131       841.53          1371.00        2903.73         3617.88         4937.71  
    0.138       832.18          1368.38        2935.91         3613.75         4928.91  
    0.144       808.29          1357.38        2899.24         3552.25         4893.34  
    0.150       817.98          1351.53        2870.97         3572.65         5029.51  
    0.156       824.66          1350.81        2865.39         3591.37         5062.69  
    0.163       828.08          1356.35        2885.42         3651.42         4994.64  
    0.169       855.90          1364.70        2927.38         3710.00         4860.90  
    0.175       861.13          1375.65        2970.21         3498.26         4906.62  
    0.181       831.68          1368.09        2892.25         3537.21         4960.97  
    0.188       836.28          1373.03        2885.46         3579.03         5080.37  
    0.194       825.26          1370.44        2856.44         3534.14         5017.79  
    0.200       824.36          1369.89        2854.99         3528.17         5078.05  
    0.206       827.85          1375.05        2880.16         3611.00         5075.26  
    0.213       817.20          1378.30        2875.27         3587.92         5049.17  
    0.219       808.58          1380.84        2844.15         3575.61         5056.10  
    0.225       807.16          1390.81        2802.38         3590.36         5080.02  
    0.231       825.29          1398.43        2830.31         3638.86         5121.36  
    0.238       824.63          1401.36        2851.00         3674.35         5051.70  
    0.244       814.80          1390.57        2845.56         3661.49         4983.51  
    0.250       822.00          1396.75        2861.56         3779.61         5039.05  
    0.256       829.86          1386.70        2889.13         3678.34         5059.31  
    0.263       816.61          1384.49        2828.02         3539.53         5003.87  
    0.269       830.83          1399.43        2725.15         3518.01         4995.82  
    0.275       832.69          1398.55        2759.01         3519.99         4923.49  
    0.281       824.37          1396.22        2819.77         3501.10         4900.09  
    0.288       824.36          1399.83        2870.89         3586.42         5094.71  
    0.294       814.59          1394.61        2847.57         3635.55         5162.40  
    0.300       807.61          1386.02        2846.72         3664.12         4972.82  
    0.306       810.98          1386.10        2856.94         3619.72         4885.29  
    0.312       805.96          1376.86        2865.18         3633.41         4867.72  
    0.319       804.38          1363.87        2876.41         3591.51         4869.08  
    0.325       793.22          1356.61        2865.07         3545.40         4918.41  
    0.331       795.87          1365.68        2853.88         3580.86         5035.84  
    0.338       802.83          1376.54        2816.19         3541.14         4932.90  
    0.344       817.17          1386.20        2779.80         3541.38         4887.05  
    0.350       821.76          1388.92        2783.97         3552.05         4923.69  
    0.356       811.89          1395.61        2786.49         3587.43         4978.75  
    0.363       804.35          1402.03        2782.12         3591.14         5025.71  
    0.369       807.55          1403.48        2798.63         3622.03         5019.70  
    0.375       804.92          1402.59        2791.84         3584.99         4982.73  
    0.381       802.22          1399.82        2781.18         3565.95         4945.89  
    0.388       795.03          1388.87        2736.78         3513.42         4763.02  
    0.394       794.89          1382.92        2723.87         3495.42         4858.92  
    0.400       794.56          1383.42        2645.41         3487.84         4776.55  
    0.406       797.14          1388.51        2662.29         3544.26         4733.74  
    0.413       797.42          1385.14        2730.94         3734.32         4741.71  
    0.419       786.03          1372.56        2699.38         3487.32         4714.76  
    0.425       793.94          1378.88        2671.38         3539.40         4848.20  
    0.431       784.38          1367.96        2646.44         3529.72         4714.59  
    0.438       781.55          1371.21        2638.66         3493.31         4686.61  
    0.444       764.23          1371.33        2630.15         3419.35         4681.90  
    0.450       758.79          1373.83        2679.76         3403.41         4703.90  
    0.456       761.70          1377.93        2715.90         3433.97         4741.65  
    0.463       760.33          1378.35        2713.99         3486.19         4764.67  
    0.469       750.34          1377.60        2661.78         3610.97         5098.61  
    0.475       741.25          1365.13        2637.56         3559.74         5081.51  
    0.481       727.18          1349.52        2567.82         3549.68         5030.54  
    0.488       712.55          1331.09        2504.45         3762.32         4937.80  
    0.494       701.39          1311.86        2517.70         3820.99         4704.63  
    0.500       691.11          1299.27        2611.71         3873.33         4824.82  
    0.506       686.09          1281.47        2879.16         3628.85         5161.51  
    0.513       684.83          1270.04        2867.86         3246.48         5188.06  
    0.519       691.89          1280.96        2925.69         3231.56         5221.41  
    0.525       692.29          1285.38        3190.18         3357.00         5490.25  
    0.531       688.77          1290.89        3186.40         3406.64         5500.00  
    0.537       683.72          1296.17        3196.31         3473.08         5500.00  
    0.544       676.32          1289.94        3160.61         3597.42         5500.00  
    0.550       665.64          1262.91        2988.81         3440.74         5244.71  
    0.556       666.99          1242.05        2871.49         3381.97         5150.67  
    0.562       658.12          1105.88        2726.17         3281.48         5127.39  
    0.569       648.54          965.40        2673.16         3264.95         5209.48  
    0.575       661.44          988.33        2650.93         3396.86         5262.84  
    0.581       670.47          1051.67        2999.18         3589.09         4980.89  
    0.588       608.62          1113.08        3066.32         3759.31         4866.91  
    0.594       21.31          642.47        1137.14         3117.27         4584.06  
    0.600       0          712.47        1265.06         2992.26         4504.44  
    0.606       0          265.29        694.29         2907.12         4096.68  
    0.613       332.83          824.35        2662.01         3688.20         4762.87  
    0.619       12.12          29.71        757.04         2568.83         3778.18  
    0.625       0          0        731.79         2057.97         3619.67  
    0.631       0          0        1247.06         3211.96         3691.63  
    0.638       263.93          1227.23        2991.42         3745.60         5436.54  
    0.644       313.83          1266.43        2988.13         3845.82         5500.00  
    0.650       11.08          44.50        104.94         1362.22         3320.34  
    0.656       0          22.47        1238.62         3317.23         4445.41  
    