0.025       440.73          2543.56        3007.78         3804.94         4145.88  
    0.031       423.48          2762.54        3084.76         3652.98         3906.14  
    0.038       468.30          2590.43        3049.81         3771.90         4184.10  
    0.044       527.40          2522.90        3034.45         3820.23         4460.46  
    0.050       609.94          1689.70        2819.09         3619.69         4194.49  
    0.056       513.99          1382.95        2886.70         3665.11         4116.59  
    0.062       444.45          1365.22        2923.14         3744.88         4051.22  
    0.069       501.64          1333.99        2914.63         3724.09         4037.92  
    0.075       625.25          1306.79        2917.07         3706.05         3959.64  
    0.081       675.81          1354.43        2910.43         3745.48         3853.39  
    0.088       660.85          1402.97        2911.24         3498.28         3836.21  
    0.094       676.56          1403.52        2921.12         3344.22         3861.05  
    0.100       663.72          1399.49        2913.59         3415.87         3916.31  
    0.106       647.30          1412.07        2858.66         3664.66         3915.36  
    0.113       647.32          1404.84        2860.30         3708.81         3914.56  
    0.119       655.42          1372.36        2847.67         3745.49         3886.01  
    0.125       662.61          1362.58        2840.10         3530.08         3910.07  
    0.131       667.74          1374.08        2754.75         3367.24         3877.90  
    0.138       679.84          1410.57        2753.35         3087.28         3831.38  
    0.144       718.89          1451.33        2587.73         2898.00         3870.18  
    0.150       765.09          1473.47        2057.67         2843.48         3909.13  
    0.156       790.56          1270.88        2305.54         2835.38         3974.37  
    0.163       803.37          1215.23        2733.11         2900.80         4037.02  
    0.169       190.79          903.34        1773.84         2829.83         3840.84  
    0.175       0          805.24        1613.94         2798.29         3730.26  
    0.181       608.40          1077.51        2521.86         3116.00         3725.57  
    0.188       785.87          1127.41        2768.66         3401.41         3588.34  
    0.194       185.22          867.03        1636.20         2923.11         3372.98  
    0.200       0          796.79        1384.38         2755.91         3344.44  
    0.206       596.11          1029.01        2438.54         3025.38         3465.27  
    0.213       769.41          1085.84        2738.49         2970.61         3568.95  
    0.219       766.87          1082.98        2729.30         2914.03         3596.34  
    0.225       762.45          1076.17        2709.23         2927.22         3594.33  
    0.231       763.55          1061.28        2688.70         2942.81         3574.64  
    0.238       766.17          1046.44        2661.25         2942.15         3546.28  
    0.244       769.70          1055.56        2683.31         2947.99         3533.11  
    0.250       777.68          1067.33        2729.17         3027.57         3637.71  
    0.256       785.76          1056.92        2744.20         3076.68         3685.96  
    0.263       800.06          996.41        2750.20         2983.83         3572.70  
    0.269       817.32          941.35        2764.78         2840.10         3493.08  
    0.275       826.42          957.20        2766.25         2937.50         3492.10  
    0.281       826.45          975.97        2756.57         2967.83         3467.28  
    0.288       818.73          936.68        2733.50         2975.91         3616.77  
    0.294       809.49          890.75        2707.70         2901.00         3803.78  
    0.300       802.19          986.92        2722.39         2864.84         3783.68  
    0.306       799.68          1168.02        2795.59         3027.99         3740.40  
    0.312       795.26          1307.92        2778.71         3321.89         3865.29  
    0.319       782.68          1348.37        2743.64         3464.20         4042.43  
    0.325       772.42          1374.31        2742.80         3411.82         4081.36  
    0.331       772.88          1441.99        2761.91         3239.33         4130.01  
    0.338       776.66          1368.15        2779.89         3211.86         4146.93  
    0.344       769.95          1247.80        2779.01         3082.03         4137.72  
    0.350       761.79          1179.88        2755.46         2929.63         4135.08  
    0.356       757.51          1143.63        2722.37         2944.54         4116.61  
    0.363       751.69          1116.02        2702.52         2983.91         4120.17  
    0.369       754.78          1107.97        2785.83         2907.32         4112.25  
    0.375       762.86          1147.58        2810.74         2837.58         4017.00  
    0.381       754.18          1228.15        2780.49         2985.72         3903.37  
    0.388       746.78          1341.30        2766.55         3271.91         3839.52  
    0.394       754.15          1406.88        2783.84         3539.59         3793.68  
    0.400       756.69          1343.26        2788.89         3424.48         3844.08  
    0.406       732.41          1318.77        2789.31         3297.62         3908.00  
    0.413       717.34          1396.49        2793.95         3666.63         3935.43  
    0.419       728.15          1477.80        2803.57         3894.76         4869.59  
    0.425       749.33          1488.90        2804.90         3905.78         5419.04  
    