0.025       619.78          1656.52        3082.44         4442.35         5500.00  
    0.031       720.98          1550.84        2421.09         4123.65         5500.00  
    0.038       75.25          868.93        1659.35         2526.94         4372.74  
    0.044       0          764.33        1567.61         2364.19         4247.52  
    0.050       0          803.83        1567.55         2396.60         4177.24  
    0.056       0          821.64        1521.22         2421.19         4015.91  
    0.062       0          806.58        1545.86         2431.75         3991.24  
    0.069       697.57          1528.87        2309.36         3875.23         5344.93  
    0.075       768.60          1578.99        2326.30         4119.58         5500.00  
    0.081       754.89          1485.73        2291.84         4141.30         5500.00  
    0.088       738.62          1457.06        2303.83         4158.05         5500.00  
    0.094       738.91          1436.90        2302.07         4165.94         5500.00  
    0.100       75.93          827.97        1546.92         2489.37         4352.26  
    0.106       681.40          1389.29        2260.07         3984.35         5368.61  
    0.113       756.55          1457.87        2351.13         4077.40         5500.00  
    0.119       763.04          1443.86        2354.13         4064.00         5500.00  
    0.125       763.36          1448.85        2364.06         4140.65         5500.00  
    0.131       758.23          1448.60        2342.28         3974.86         5500.00  
    0.138       755.20          1440.77        2346.61         3951.10         5500.00  
    0.144       752.92          1433.53        2349.71         3966.64         5500.00  
    0.150       750.34          1437.60        2379.18         3996.87         5500.00  
    0.156       758.09          1457.68        2401.49         4000.55         5500.00  
    0.163       760.87          1451.28        2420.22         3998.21         5218.19  
    0.169       766.83          1437.21        2430.33         4024.12         5467.74  
    0.175       767.29          1429.53        2451.51         4025.49         5500.00  
    0.181       769.63          1449.42        2463.94         4012.92         5500.00  
    0.188       767.39          1434.95        2461.58         3983.58         5500.00  
    0.194       767.65          1424.30        2480.43         3958.99         5500.00  
    0.200       772.02          1435.12        2456.70         3983.07         5500.00  
    0.206       771.92          1445.00        2414.04         3971.02         5159.71  
    0.213       778.45          1453.94        2403.16         4025.89         5331.01  
    0.219       785.70          1437.24        2432.46         3999.66         5485.11  
    0.225       783.20          1434.96        2434.14         3979.18         5500.00  
    0.231       770.75          1409.17        2417.18         3972.32         5500.00  
    0.238       773.56          1435.86        2445.78         4043.19         5500.00  
    0.244       780.42          1434.75        2428.85         4015.52         5242.59  
    0.250       778.28          1408.27        2413.97         3906.29         5064.69  
    0.256       774.00          1400.95        2433.42         3864.67         5074.80  
    0.263       783.15          1441.25        2434.90         3909.14         5083.40  
    0.269       788.79          1472.58        2422.08         3967.37         5195.50  
    0.275       775.51          1444.28        2422.13         3968.08         5098.60  
    0.281       762.23          1395.78        2391.84         3774.28         4961.58  
    0.288       769.96          1386.64        2386.87         3801.21         5009.31  
    0.294       771.28          1389.25        2375.37         3979.86         4982.79  
    0.300       772.29          1387.00        2376.55         4009.21         4987.93  
    0.306       780.74          1396.27        2375.82         3937.44         4986.93  
    0.312       790.07          1398.50        2358.49         3808.75         4901.18  
    0.319       798.02          1402.19        2353.93         3756.89         4786.37  
    0.325       796.46          1412.29        2352.34         3688.54         4865.41  
    0.331       778.15          1423.85        2352.30         3636.42         4865.21  
    0.338       762.97          1451.72        2360.91         3636.52         4771.50  
    0.344       761.85          1451.33        2348.11         3650.71         4819.14  
    0.350       770.54          1448.48        2346.16         3676.39         4835.56  
    0.356       789.17          1488.46        2348.90         3645.61         4619.06  
    0.363       792.55          1507.25        2333.74         3662.00         4568.52  
    0.369       776.38          1527.27        2325.20         3760.55         4402.50  
    0.375       754.23          1508.50        2349.17         3860.80         4206.23  
    0.381       743.11          1473.03        2354.49         3890.31         4547.93  
    0.388       700.62          1431.52        2317.98         4032.75         4933.13  
    0.394       515.53          1301.55        2291.02         3723.22         4734.02  
    0.400       399.79          1214.51        2327.72         3661.97         4737.79  
    0.406       318.07          1273.79        2372.30         3710.12         4705.11  
    0.413       360.25          1320.56        2375.02         3750.85         4659.56  
    0.419       493.62          1348.04        2398.53         3750.38         4718.93  
    0.425       632.10          1420.43        2453.20         3747.67         4769.51  
    0.431       701.29          1414.13        2463.40         3792.87         4972.48  
    0.438       741.73          1438.81        2465.28         3798.49         5074.52  
    0.444       727.02          1469.43        2480.93         3834.59         5062.78  
    