0.025       0          0        1545.45         2530.21         3800.91  
    0.031       0          0        1417.46         2366.26         4127.51  
    0.038       1131.75          1693.45        2490.51         4318.46         5257.02  
    0.044       1170.43          1758.58        2524.58         4283.48         5242.84  
    0.050       1124.19          1690.28        2536.87         4267.03         5269.90  
    0.056       948.09          1469.48        2487.87         4244.19         5291.81  
    0.062       912.81          1437.19        2482.33         3798.75         5268.09  
    0.069       901.27          1443.34        2480.94         3814.53         5242.77  
    0.075       881.71          1422.56        2478.89         3810.78         5238.09  
    0.081       893.55          1398.68        2513.19         3793.73         5254.26  
    0.088       912.20          1388.32        2530.72         3746.17         5247.91  
    0.094       895.56          1374.83        2520.48         3764.28         5285.51  
    0.100       875.22          1366.06        2533.41         3768.42         5291.38  
    0.106       873.48          1368.36        2538.73         3795.18         5361.41  
    0.113       892.58          1400.90        2529.00         4846.46         5499.72  
    0.119       925.37          1444.87        2546.23         5200.99         5500.00  
    0.125       917.84          1416.35        2536.22         4186.80         5362.68  
    0.131       922.68          1402.80        2536.14         4095.55         5329.81  
    0.138       923.35          1401.92        2545.62         4043.54         5351.15  
    0.144       931.06          1432.28        2541.76         4597.00         5499.70  
    0.150       921.78          1411.74        2551.70         4535.78         5500.00  
    0.156       921.64          1421.74        2543.39         4567.22         5500.00  
    0.163       914.67          1426.94        2534.41         4611.21         5500.00  
    0.169       905.97          1424.55        2536.52         4622.48         5500.00  
    0.175       904.56          1443.42        2535.26         4530.70         5500.00  
    0.181       910.23          1446.02        2532.88         4394.45         5500.00  
    0.188       1.86          923.63        1453.69         2531.70         4330.67  
    0.194       0          937.49        1479.40         2534.20         4296.74  
    0.200       0          907.37        1437.34         2511.01         4273.65  
    0.206       0          915.40        1465.34         2515.68         4321.03  
    0.213       0          902.26        1441.75         2517.95         4294.15  
    0.219       0          906.54        1438.10         2523.98         4285.12  
    0.225       0          913.27        1438.70         2513.23         4266.19  
    0.231       0          916.55        1447.99         2523.93         4293.46  
    0.238       885.73          1453.82        2500.86         4356.98         5497.54  
    0.244       870.66          1456.47        2517.71         4423.75         5500.00  
    0.250       883.94          1492.76        2519.83         4459.93         5500.00  
    0.256       884.13          1484.54        2508.51         4367.29         5500.00  
    0.263       888.68          1494.91        2505.83         4335.26         5500.00  
    0.269       888.07          1517.96        2503.28         4392.51         5500.00  
    0.275       882.01          1474.42        2506.56         4478.18         5500.00  
    0.281       1.80          884.51        1507.54         2504.46         4361.95  
    0.288       879.42          1483.95        2513.11         4386.65         5497.67  
    0.294       864.15          1445.60        2506.99         4504.06         5500.00  
    0.300       856.59          1445.83        2507.33         4396.78         5500.00  
    0.306       1.75          860.26        1467.96         2513.58         4340.48  
    0.312       843.74          1481.33        2488.91         4373.66         5497.63  
    0.319       823.00          1453.93        2482.37         4457.18         5500.00  
    0.325       812.17          1462.66        2511.18         4402.50         4496.03  
    0.331       812.05          1485.91        2512.96         3561.71         4408.79  
    0.338       809.00          1462.37        2481.92         4423.69         5284.66  
    0.344       1.65          823.46        1485.43         2483.86         4347.86  
    0.350       802.69          1457.35        2468.10         4116.80         4389.10  
    0.356       785.02          1390.12        2461.23         3666.28         4455.76  
    0.363       794.70          1403.31        2461.96         3891.26         4425.51  
    0.369       795.46          1406.02        2467.94         3576.51         4420.26  
    0.375       798.64          1398.48        2468.27         3562.50         4431.33  
    0.381       797.96          1398.03        2462.96         3667.84         4442.94  
    0.388       792.30          1406.00        2461.33         3849.53         4448.09  
    0.394       782.04          1368.42        2486.92         3870.29         4465.62  
    0.400       769.25          1342.71        2482.31         3939.57         4493.51  
    0.406       767.74          1358.80        2474.75         3919.94         4486.46  
    0.413       766.96          1348.04        2484.47         3930.46         4486.18  
    0.419       772.85          1336.67        2487.55         3965.01         4482.73  
    0.425       791.47          1357.34        2484.86         3965.74         4458.42  
    0.431       802.42          1379.86        2484.87         4171.10         4474.69  
    0.438       789.49          1361.97        2484.63         3646.15         4523.30  
    0.444       783.89          1364.13        2477.07         3610.01         4498.48  
    0.450       794.19          1367.08        2494.93         3816.43         4465.20  
    0.456       810.16          1384.50        2484.99         3883.44         4478.34  
    0.463       822.17          1387.43        2498.02         3495.78         4494.73  
    0.469       825.17          1393.74        2512.10         3897.62         4458.75  
    0.475       846.08          1407.38        2503.87         4451.74         4732.25  
    0.481       846.35          1376.71        2481.21         4442.92         4510.62  
    0.488       832.85          1355.13        2490.22         4010.91         4453.94  
    0.494       833.95          1345.63        2490.28         4144.31         4466.17  
    0.500       831.75          1360.98        2490.65         4270.44         4492.77  
    0.506       837.79          1376.05        2504.00         4314.06         4475.88  
    0.513       812.86          1389.55        2508.93         4365.07         4501.98  
    0.519       803.31          1369.99        2493.92         4265.32         4589.35  
    0.525       799.77          1361.35        2472.08         4294.28         4550.64  
    0.531       793.99          1378.12        2453.22         4297.14         4493.61  
    0.537       793.25          1397.71        2462.51         4427.09         4476.56  
    0.544       784.20          1375.97        2455.93         4239.45         4511.31  
    0.550       773.93          1367.68        2462.14         4245.27         4522.16  
    0.556       774.87          1369.44        2460.40         4396.54         4499.86  
    0.562       771.11          1367.90        2455.53         4337.13         4533.90  
    0.569       766.03          1374.02        2463.94         4270.87         4583.78  
    0.575       770.01          1386.25        2476.24         4289.79         4611.72  
    0.581       785.58          1403.50        2473.74         4334.00         4592.89  
    0.588       804.99          1444.26        2478.50         4496.91         4500.07  
    0.594       814.36          1455.99        2485.08         4337.64         4493.01  
    0.600       819.15          1449.86        2490.46         4417.58         4513.37  
    0.606       821.81          1459.39        2494.12         4460.79         4555.33  
    0.613       811.85          1469.00        2494.65         4434.61         4537.44  
    0.619       818.16          1463.26        2493.67         4430.99         4533.82  
    0.625       835.60          1450.79        2491.19         4484.66         4508.12  
    0.631       834.85          1459.48        2494.88         4526.70         4589.10  
    0.638       838.75          1484.10        2492.06         4535.82         4610.37  
    0.644       838.41          1498.53        2474.75         4499.96         4742.11  
    0.650       819.83          1503.94        2460.11         4488.37         4499.80  
    0.656       819.93          1534.45        2461.50         4399.20         4517.96  
    0.663       823.43          1554.63        2461.41         4349.36         4512.52  
    0.669       825.96          1515.83        2459.98         4350.40         4487.95  
    0.675       849.64          1517.19        2470.64         4473.69         5497.93  
    0.681       850.55          1489.71        2474.01         4453.92         5500.00  
    0.688       849.30          1463.94        2474.46         4449.24         5500.00  
    0.694       849.81          1474.91        2467.46         4406.21         5238.89  
    0.700       856.23          1460.83        2468.90         4408.66         5100.44  
    0.706       882.83          1466.46        2472.83         4463.22         5499.18  
    0.713       856.94          1397.94        2468.42         4440.35         5500.00  
    0.719       821.59          1380.95        2462.77         4416.48         4735.35  
    0.725       816.42          1380.71        2460.13         4413.66         4884.92  
    0.731       793.43          1380.77        2454.35         4404.12         5498.75  
    0.738       761.91          1383.12        2457.33         4399.77         4892.58  
    0.744       757.02          1395.68        2467.01         4396.81         4685.35  
    0.750       755.51          1404.87        2481.21         4396.17         5498.34  
    0.756       763.04          1449.35        2480.50         4365.97         5500.00  
    0.763       754.04          1479.19        2471.71         4378.81         5500.00  
    0.769       748.56          1441.64        2461.16         4444.93         5500.00  
    0.775       745.81          1431.42        2452.76         4443.74         5500.00  
    0.781       1.52          758.64        1404.12         2460.13         4408.38  
    0.788       0          741.45        1320.03         2476.94         4372.63  
    0.794       0          689.25        1310.86         2489.32         4407.14  
    0.800       0          695.56        1380.00         2477.45         4462.96  
    0.806       0          534.54        1356.39         2394.60         4449.12  
    0.812       0          461.76        1335.44         2402.44         4580.48  
    0.819       0          773.41        1329.69         2414.69         4842.63  
    