0.025       668.12          1238.91        2807.18         3678.12         4500.71  
    0.031       665.79          1231.96        2808.34         3662.82         4500.76  
    0.038       670.84          1225.70        2828.79         3676.62         4548.16  
    0.044       670.46          1218.69        2805.20         3692.26         4584.35  
    0.050       669.63          1224.26        2784.00         3685.82         4620.72  
    0.056       672.99          1230.00        2783.70         3711.29         4580.94  
    0.062       665.09          1235.12        2795.93         3702.59         4543.17  
    0.069       671.24          1243.81        2815.18         3701.50         4494.11  
    0.075       672.63          1232.69        2853.98         3718.81         4517.25  
    0.081       669.12          1227.24        2845.48         3740.75         4556.75  
    0.088       671.52          1228.22        2857.85         3746.72         4589.64  
    0.094       675.10          1221.22        2886.26         3730.61         4554.68  
    0.100       670.51          1210.24        2888.07         3722.93         4513.72  
    0.106       678.22          1224.41        2865.40         3749.77         4432.21  
    0.113       686.86          1242.45        2873.40         3760.97         4466.65  
    0.119       690.47          1252.66        2888.64         3772.59         4548.72  
    0.125       689.19          1259.13        2825.25         3774.79         4519.31  
    0.131       692.19          1256.91        2812.04         3767.90         4540.40  
    0.138       699.89          1252.31        2807.11         3745.12         4484.56  
    