0.025       0          544.90        1772.19         2942.40         4348.78  
    0.031       0          802.17        2019.15         2939.17         4414.66  
    0.038       0          1099.21        1748.49         2570.24         4392.27  
    0.044       766.84          1192.23        2333.14         4296.61         5430.06  
    0.050       817.23          1208.75        2385.02         4397.39         5237.99  
    0.056       828.47          1245.25        2386.54         4328.44         5159.92  
    0.062       828.29          1279.29        2384.88         4322.22         5274.07  
    0.069       848.95          1277.66        2380.87         4361.51         5486.26  
    0.075       845.91          1254.78        2415.51         4282.34         5500.00  
    0.081       851.98          1274.16        2430.33         3989.77         5196.29  
    0.088       882.13          1318.80        2441.89         3862.03         5203.33  
    0.094       890.34          1293.49        2438.21         4009.27         5257.04  
    0.100       928.86          1304.47        2464.47         4112.10         5484.90  
    0.106       926.57          1345.02        2475.66         4123.40         5500.00  
    0.113       923.89          1364.43        2481.54         4082.38         5500.00  
    0.119       924.65          1372.18        2484.77         4042.36         5500.00  
    0.125       916.40          1351.70        2485.42         4078.63         5500.00  
    0.131       904.78          1344.90        2499.64         4165.96         5500.00  
    0.138       896.10          1346.67        2509.80         4123.80         5500.00  
    0.144       878.58          1337.01        2506.42         4142.10         5500.00  
    0.150       885.28          1325.69        2494.38         4148.10         5500.00  
    0.156       894.64          1304.97        2469.64         4266.48         5500.00  
    0.163       907.43          1294.89        2475.58         4233.46         5500.00  
    0.169       944.13          1310.26        2490.00         4200.25         5500.00  
    0.175       955.66          1341.76        2504.52         4309.31         5500.00  
    0.181       923.24          1358.20        2495.62         4293.34         5500.00  
    0.188       915.99          1389.58        2486.34         4322.61         5500.00  
    0.194       893.00          1386.04        2490.65         4322.29         5500.00  
    0.200       881.64          1422.69        2499.50         4282.28         5500.00  
    0.206       895.29          1437.59        2489.40         4313.37         5500.00  
    0.213       910.76          1407.24        2477.16         4297.91         5500.00  
    0.219       918.67          1402.87        2480.21         4288.83         5500.00  
    0.225       904.65          1390.54        2488.15         4284.34         5500.00  
    0.231       915.17          1371.23        2510.09         4287.57         5500.00  
    0.238       911.56          1356.33        2516.90         4321.31         5500.00  
    0.244       891.37          1347.65        2497.47         4290.84         5500.00  
    0.250       885.19          1339.56        2491.14         4296.78         5500.00  
    0.256       884.03          1336.14        2495.27         4313.77         5500.00  
    0.263       864.85          1338.83        2508.82         4281.55         5500.00  
    0.269       856.35          1340.35        2507.85         4247.89         5500.00  
    0.275       860.22          1328.92        2477.21         4158.33         5274.58  
    0.281       865.26          1321.74        2479.90         4169.97         5244.82  
    0.288       856.49          1324.13        2490.10         4214.90         5305.33  
    0.294       847.41          1330.86        2485.97         4277.63         5304.45  
    0.300       841.61          1331.74        2485.54         4264.74         5370.63  
    0.306       841.01          1328.93        2479.28         4240.85         5492.13  
    0.312       838.92          1328.86        2493.19         4269.94         5500.00  
    0.319       838.42          1340.98        2509.20         4324.69         5500.00  
    0.325       825.72          1339.13        2520.08         4327.85         5500.00  
    0.331       822.18          1331.70        2516.40         4224.64         5140.65  
    0.338       818.78          1323.21        2493.97         4310.27         5117.23  
    0.344       815.37          1320.26        2495.08         4331.30         5417.60  
    0.350       806.52          1321.65        2491.45         4205.93         5201.69  
    0.356       799.32          1316.39        2483.74         4192.22         5202.70  
    0.363       796.55          1331.90        2504.39         4341.32         5481.33  
    0.369       796.77          1346.70        2508.74         4426.41         5500.00  
    0.375       801.65          1344.11        2485.11         4435.02         5500.00  
    0.381       795.47          1341.49        2485.30         4426.37         5500.00  
    0.388       781.22          1337.90        2448.27         4408.54         5500.00  
    0.394       768.10          1339.26        2402.32         4457.76         5500.00  
    0.400       751.54          1348.00        2382.61         4566.99         5500.00  
    0.406       738.95          1336.05        2333.70         4276.13         5053.49  
    0.413       735.89          1319.93        2323.16         4774.30         5246.22  
    0.419       729.63          1326.30        2322.25         3576.12         5111.38  
    0.425       728.14          1322.66        2415.39         2835.75         5135.25  
    0.431       709.27          1331.25        2477.14         2857.36         5132.32  
    0.438       44.63          810.16        1422.98         2492.45         5128.83  
    0.444       720.15          1308.58        2504.59         2886.96         5135.12  
    0.450       632.30          1337.62        2451.49         2633.99         5155.38  
    0.456       691.08          1353.71        2587.38         3073.48         5237.52  
    0.463       828.67          1384.49        2603.60         3083.63         5147.83  
    