0.025       0          621.19        1401.11         3744.24         3817.23  
    0.031       278.61          1113.64        2309.07         3752.10         4773.39  
    0.038       574.43          1343.82        2673.53         3752.65         5409.45  
    0.044       743.29          1362.62        2645.60         3719.76         5500.00  
    0.050       803.85          1369.86        2592.73         3718.78         5305.11  
    0.056       865.73          1384.24        2567.38         3742.00         5410.58  
    0.062       962.12          1401.69        2585.84         3773.21         5500.00  
    0.069       1031.03          1417.46        2611.88         3787.22         5500.00  
    0.075       1086.97          1413.39        2633.39         3783.41         5500.00  
    0.081       1106.29          1406.04        2650.50         3782.39         5500.00  
    0.088       1101.11          1403.76        2658.17         3776.32         5500.00  
    0.094       1099.11          1403.21        2656.76         3762.43         5500.00  
    0.100       1086.36          1404.85        2668.08         3762.70         5500.00  
    0.106       1077.18          1389.55        2656.80         3776.50         5500.00  
    0.113       1079.64          1391.19        2643.45         3775.43         5500.00  
    0.119       1060.97          1399.73        2650.02         3765.67         5176.98  
    0.125       1098.65          1382.99        2653.68         3781.21         5351.79  
    0.131       1112.43          1361.46        2642.79         3793.21         5500.00  
    0.138       1091.49          1356.60        2624.43         3813.59         5217.54  
    0.144       1045.40          1364.85        2608.17         3806.52         4791.82  
    0.150       991.20          1378.32        2599.96         3791.81         4857.90  
    0.156       957.61          1380.35        2592.62         3783.20         5150.10  
    0.163       951.86          1374.15        2589.31         3771.93         5181.82  
    0.169       941.78          1369.83        2614.11         3756.55         5088.52  
    0.175       923.40          1361.90        2657.97         3727.09         5361.08  
    0.181       925.52          1359.56        2654.91         3744.93         5500.00  
    0.188       915.31          1358.22        2670.46         3799.14         5500.00  
    0.194       917.90          1358.78        2666.69         3771.16         5296.18  
    0.200       906.67          1363.53        2652.73         3749.27         5118.30  
    0.206       897.00          1365.25        2677.37         3759.47         5367.78  
    0.213       881.50          1364.32        2679.59         3724.60         5500.00  
    0.219       869.72          1365.78        2651.61         3709.78         5361.36  
    0.225       875.67          1364.51        2667.85         3670.65         5246.08  
    0.231       867.18          1364.63        2687.21         3633.66         5300.06  
    0.238       859.84          1367.04        2709.44         3724.13         5448.33  
    0.244       863.99          1365.03        2719.24         3827.48         5500.00  
    0.250       861.54          1360.22        2713.97         3849.06         5500.00  
    0.256       270.28          1029.63        1785.99         3110.36         4426.63  
    0.263       596.88          1208.56        2251.32         3492.77         5007.52  
    0.269       870.94          1360.06        2449.64         3786.47         5500.00  
    0.275       273.95          1026.24        1673.86         3210.45         4324.21  
    0.281       0          898.94        1362.50         2950.49         3808.34  
    0.288       0          919.78        1362.04         2906.68         3831.51  
    0.294       0          936.54        1374.89         2916.68         3810.98  
    0.300       0          942.07        1384.28         2933.84         3795.95  
    0.306       0          959.26        1389.36         2936.61         3798.51  
    0.312       0          987.16        1400.20         2920.25         3805.92  
    0.319       0          993.88        1398.74         2896.14         3819.07  
    0.325       0          982.39        1389.33         2885.25         3815.76  
    0.331       0          1002.67        1392.75         2880.24         3812.04  
    0.338       0          987.44        1389.35         2859.29         3816.45  
    0.344       0          944.57        1373.40         2832.84         3808.43  
    0.350       0          921.70        1365.57         2833.93         3816.21  
    0.356       0          918.43        1361.07         2854.18         3833.34  
    0.363       0          907.80        1347.10         2869.19         3825.67  
    0.369       0          947.08        1346.36         2884.94         3809.12  
    0.375       0          988.71        1353.70         2903.89         3792.80  
    0.381       0          976.87        1349.96         2883.93         3810.13  
    0.388       0          924.97        1333.69         2881.76         3823.07  
    0.394       0          979.34        1359.40         2937.04         3818.17  
    0.400       0          1069.04        1381.76         2940.45         3817.99  
    0.406       0          1148.38        1372.59         2939.97         3820.53  
    0.413       0          1166.31        1386.67         2927.38         3820.86  
    0.419       0          1130.52        1460.14         2937.16         3840.95  
    0.425       0          1091.88        1485.95         2930.59         3883.81  
    0.431       0          920.99        1402.71         2927.86         3880.83  
    0.438       0          1169.72        1353.37         2950.57         3868.77  
    0.444       0          1305.15        1351.10         2964.81         3973.64  
    0.450       0          1288.14        1434.05         3116.52         4027.06  
    0.456       0          1261.32        1560.14         3605.91         3872.30  
    