0.025       0          0        1421.07         2752.06         3709.42  
    0.031       0          1026.18        2288.05         3427.68         4435.58  
    0.038       0          1298.00        2455.59         3532.35         4532.30  
    0.044       0          1403.01        2422.53         3478.33         4532.77  
    0.050       0          1291.07        2474.01         3490.93         4620.42  
    0.056       0          1175.93        2491.88         3478.55         4607.01  
    0.062       0          1083.70        2429.56         3548.84         4486.44  
    0.069       0          1074.78        2337.96         3397.71         4437.55  
    0.075       0          1258.80        2281.63         3386.00         4413.23  
    0.081       0          1407.87        2342.57         3322.51         4550.69  
    0.088       0          1400.42        2363.47         3204.56         4570.25  
    0.094       0          853.05        1997.99         3309.79         4437.59  
    0.100       0          1300.51        2277.08         3437.58         4743.95  
    0.106       0          1355.44        2308.85         3402.64         4690.35  
    0.113       0          1050.20        2099.42         3304.84         4515.93  
    0.119       437.10          1640.31        3013.16         4045.14         5349.35  
    0.125       368.25          1663.40        3045.45         4060.03         5302.32  
    0.131       51.07          1428.85        2406.29         3393.95         4485.06  
    0.138       0          207.16        1619.94         2627.32         3776.95  
    0.144       0          1260.12        2464.61         3841.23         4141.65  
    0.150       697.01          1562.03        2696.71         3998.03         5137.65  
    0.156       664.74          1712.01        2843.76         3967.11         5152.40  
    0.163       499.50          1788.30        2920.15         3862.69         5444.42  
    0.169       70.81          1315.13        2332.74         3403.38         4604.84  
    0.175       0          1333.36        2476.17         3339.58         4215.42  
    0.181       0          1539.43        2057.72         3168.95         4173.96  
    0.188       0          1233.82        2066.24         3320.89         4330.59  
    0.194       0          1218.66        2139.54         3367.93         4413.08  
    0.200       0          1240.82        2250.87         3495.21         4503.88  
    0.206       0          1185.84        2236.21         3567.82         4676.61  
    0.213       0          1263.76        2540.42         3559.77         4798.06  
    0.219       0          1213.94        2452.78         3428.91         4620.54  
    0.225       0          1244.95        2398.31         3362.71         4505.75  
    0.231       0          1346.02        2161.26         3268.38         4440.28  
    0.238       0          949.37        2064.73         3264.96         4393.68  
    0.244       0          871.54        2171.97         3432.25         4673.36  
    0.250       668.02          1693.02        3052.25         3618.51         4791.94  
    0.256       827.33          1849.61        3185.14         4361.55         5396.30  
    0.263       124.36          1310.73        2481.80         3516.39         4676.79  
    0.269       0          1060.90        2131.35         3319.22         4309.03  
    0.275       0          1499.21        2033.58         3326.51         3904.34  
    0.281       0          971.24        2099.52         3244.68         3900.65  
    0.288       810.25          1562.94        2899.28         3437.07         4416.51  
    0.294       141.84          251.06        1483.78         2969.04         3615.81  
    0.300       0          1039.60        2557.03         3339.24         4113.37  
    0.306       0          1246.52        2466.34         3381.85         4475.39  
    0.312       0          1313.19        2234.11         3348.79         4532.21  
    0.319       0          1094.21        2017.99         3429.32         4731.88  
    0.325       0          896.54        2087.35         3481.97         4736.14  
    0.331       618.74          1857.17        2875.13         3781.02         4691.90  
    0.338       746.56          1893.06        2896.77         3707.64         4837.41  
    0.344       111.73          278.45        1808.78         2886.76         3847.58  
    0.350       772.80          1372.97        2800.25         3641.19         4619.89  
    0.356       135.29          1417.96        2854.85         3345.42         4745.96  
    0.363       0          1305.44        2380.05         3309.78         4571.54  
    0.369       0          1211.78        2401.34         3210.12         4411.87  
    0.375       0          1209.13        2436.01         3207.08         4430.94  
    0.381       873.61          1302.04        2664.76         3933.83         5115.98  
    0.388       903.45          1311.90        2689.83         4050.29         5374.16  
    0.394       460.92          1305.44        2699.76         4049.24         5484.89  
    0.400       411.69          1270.16        2471.05         3929.93         5500.00  
    0.406       361.07          1238.61        2364.52         3922.38         5500.00  
    0.413       52.36          1117.22        1310.51         2926.11         4626.38  
    0.419       0          766.45        1336.31         2724.40         4411.73  
    0.425       608.35          1208.36        2410.95         3097.92         4564.43  
    0.431       733.22          1358.46        2753.23         3126.72         4526.62  
    0.438       754.55          1308.48        2653.67         3802.64         4871.82  
    0.444       791.94          1305.22        2567.31         3861.31         5257.77  
    0.450       746.38          1304.02        2541.25         3802.14         4326.94  
    0.456       736.63          1301.86        2557.44         3821.04         4402.98  
    0.463       742.85          1302.80        2589.45         3858.12         5343.06  
    0.469       737.68          1291.24        2581.82         3777.25         4820.97  
    0.475       734.94          1279.58        2556.14         3892.66         4561.88  
    0.481       730.57          1273.22        2560.55         3772.54         4534.50  
    0.488       727.70          1269.55        2588.78         3969.82         5000.93  
    0.494       718.39          1262.61        2583.78         3973.60         5437.83  
    0.500       106.79          804.75        1453.23         2790.98         4126.76  
    0.506       606.97          1169.79        2383.28         3570.08         5259.60  
    0.513       707.63          1241.80        2600.84         3654.85         5500.00  
    0.519       697.23          1240.54        2613.51         3567.14         4722.66  
    0.525       690.86          1227.13        2624.75         3656.84         4470.39  
    0.531       690.26          1216.35        2673.30         4217.30         4488.37  
    0.537       102.84          768.52        1436.61         2975.35         4280.24  
    0.544       0          665.75        1201.43         2760.85         4172.35  
    0.550       536.28          1095.09        2441.71         3299.04         4661.65  
    0.556       615.53          1133.99        2485.98         3428.38         4801.76  
    0.562       568.80          1086.55        2430.94         3562.36         4754.22  
    0.569       501.35          1110.07        2529.76         3616.43         4862.93  
    0.575       73.13          166.18        1305.98         2641.01         3847.04  
    0.581       0          0        1139.33         2404.10         3557.32  
    0.588       0          0        1197.16         2359.23         3566.22  
    0.594       0          0        1286.02         2460.32         3620.61  
    0.600       0          0        1318.05         2492.15         3677.55  
    0.606       0          0        1287.01         2564.14         3704.11  
    0.613       0          995.48        2283.03         3419.92         4588.60  
    0.619       997.88          1233.93        2496.76         3602.61         4771.02  
    0.625       1086.06          1310.51        3009.00         3468.28         4813.08  
    0.631       1225.48          1486.68        3229.67         3704.21         5398.63  
    0.638       186.60          1312.85        2381.37         3279.40         4514.21  
    0.644       0          1238.52        2180.08         3355.73         4469.36  
    0.650       0          1239.63        2424.36         3408.10         4883.23  
    0.656       990.97          1578.26        3070.96         4362.03         5418.33  
    0.663       173.48          1248.63        2203.15         3374.33         4519.06  
    0.669       0          1086.18        2169.65         3346.86         4628.95  
    0.675       762.50          1732.72        2843.05         4195.81         4920.05  
    0.681       783.60          1693.31        2854.35         4126.63         5419.91  
    0.688       324.74          1693.85        3014.41         4048.97         5500.00  
    0.694       36.92          1508.61        2220.43         3516.55         4689.43  
    0.700       0          1156.41        2265.13         3411.80         4630.64  
    0.706       720.77          1738.52        2804.52         3580.24         4853.14  
    0.713       126.18          1257.61        2242.23         3432.59         4389.19  
    0.719       0          1156.08        2166.10         3305.51         4265.89  
    