0.025       760.10          1362.32        2635.07         3554.87         5500.00  
    0.031       715.59          1284.04        2631.31         3618.32         5055.67  
    0.038       701.19          1238.93        2573.44         3596.85         4917.65  
    0.044       701.46          1240.29        2546.68         3598.93         4969.47  
    0.050       696.27          1248.01        2560.10         3671.72         4961.54  
    0.056       687.60          1210.18        2578.33         3719.56         4947.57  
    0.062       705.57          1198.08        2588.65         3733.69         4973.48  
    0.069       742.25          1165.02        2585.84         3727.99         4995.86  
    0.075       747.61          1160.00        2563.42         3737.45         4967.74  
    0.081       731.35          1188.98        2568.05         3737.45         4995.37  
    0.088       720.27          1180.27        2607.38         3733.34         5007.26  
    0.094       690.94          1211.01        2639.40         3712.29         4976.41  
    0.100       674.75          1231.45        2623.89         3701.67         4993.37  
    0.106       681.42          1216.16        2605.35         3696.36         5050.89  
    0.113       685.05          1201.44        2600.60         3681.83         5063.43  
    0.119       670.67          1197.56        2588.96         3704.98         5056.22  
    0.125       667.31          1198.23        2550.94         3692.03         5091.15  
    0.131       686.69          1202.35        2530.04         3648.52         5368.28  
    0.138       706.16          1181.88        2520.16         3609.46         5500.00  
    0.144       718.71          1102.67        2482.26         3571.65         5500.00  
    0.150       728.42          1044.28        2471.11         3532.35         5500.00  
    0.156       729.13          1064.26        2465.11         3529.39         5288.02  
    0.163       729.43          1097.68        2477.32         3564.82         5083.90  
    0.169       741.64          1112.58        2494.78         3584.03         5030.17  
    0.175       764.89          1097.79        2480.65         3572.07         4744.65  
    0.181       765.67          1113.46        2475.34         3571.72         5057.89  
    0.188       744.81          1136.28        2471.50         3579.51         5057.02  
    0.194       744.05          1133.53        2470.45         3572.17         4876.44  
    0.200       751.26          1140.65        2474.15         3560.12         5192.55  
    0.206       753.59          1153.14        2468.74         3545.47         5455.96  
    0.213       752.54          1161.15        2450.93         3531.51         5359.11  
    0.219       746.47          1155.86        2446.01         3523.95         4690.73  
    0.225       749.08          1163.38        2450.18         3529.03         4635.79  
    0.231       751.24          1180.79        2449.22         3536.24         4996.97  
    0.238       739.43          1189.65        2443.36         3534.47         5045.44  
    0.244       719.00          1184.23        2438.54         3530.89         4882.30  
    0.250       701.89          1177.66        2426.39         3523.08         4672.59  
    0.256       691.03          1174.05        2406.43         3511.58         4667.94  
    0.263       680.29          1164.62        2385.46         3495.81         4780.30  
    0.269       676.56          1161.79        2367.14         3480.49         4844.54  
    0.275       668.88          1174.32        2361.35         3452.23         4918.49  
    0.281       655.80          1188.55        2366.10         3443.35         5122.26  
    0.288       656.68          1179.64        2360.11         3474.31         5136.55  
    0.294       675.50          1092.32        2379.40         3500.08         4999.50  
    0.300       689.06          1040.73        2385.73         3534.13         4822.53  
    0.306       649.67          1124.48        2380.72         3561.06         4800.39  
    0.312       591.87          1182.89        2373.35         3596.35         4845.18  
    0.319       586.45          1176.32        2364.36         3621.24         4764.96  
    0.325       594.42          1167.03        2367.33         3650.80         4743.22  
    0.331       553.31          1098.37        2401.28         3663.15         4838.94  
    0.338       505.76          982.81        2441.67         3705.21         4902.95  
    0.344       564.66          1030.86        2456.90         3755.92         4801.95  
    0.350       622.00          999.39        2470.21         3770.99         4825.36  
    0.356       742.28          916.67        2573.22         3858.48         4837.94  
    0.363       269.33          301.82        1480.14         2997.46         4094.71  
    0.369       0          0        910.08         2602.78         3560.17  
    0.375       0          588.62        1969.93         3114.35         4099.07  
    0.381       0          815.87        2498.37         3368.12         4474.93  
    0.388       0          803.92        2586.81         3403.59         4529.63  
    0.394       0          842.25        2503.14         3542.95         4525.10  
    0.400       0          850.87        2416.42         3628.09         4471.47  
    