0.025       702.37          1410.05        2312.15         3522.72         5192.38  
    0.031       794.31          1426.59        2302.89         3555.06         5240.81  
    0.038       759.37          1464.56        2385.22         3735.09         5279.98  
    0.044       117.30          898.15        1665.88         2645.46         5214.99  
    0.050       0          802.67        1614.80         2499.10         5084.46  
    0.056       0          821.75        1652.86         2531.18         4791.12  
    0.062       0          752.56        1510.92         2515.91         5019.98  
    0.069       0          751.55        1528.78         2459.46         5090.67  
    0.075       0          784.91        1627.98         2461.87         4868.06  
    0.081       0          775.25        1602.22         2480.99         4830.30  
    0.088       0          761.54        1537.55         2480.06         4835.32  
    0.094       0          760.48        1498.54         2445.80         4829.13  
    0.100       640.66          1351.74        2290.42         4447.60         5394.83  
    0.106       752.98          1431.85        2439.99         4069.79         5075.73  
    0.113       744.00          1385.24        2410.45         3718.48         4987.18  
    0.119       743.49          1358.50        2402.76         3674.58         4772.14  
    0.125       746.49          1368.03        2405.72         3552.12         4715.42  
    0.131       747.85          1391.81        2403.19         3664.92         4740.42  
    0.138       752.28          1396.24        2412.51         4001.17         4742.93  
    0.144       754.95          1397.82        2406.42         4254.86         4739.07  
    0.150       758.05          1401.85        2406.66         4068.31         4747.09  
    0.156       760.42          1394.65        2398.92         3992.87         4779.90  
    0.163       761.04          1384.00        2380.86         3728.96         4791.55  
    0.169       757.24          1376.48        2411.58         3813.58         4721.77  
    0.175       754.46          1353.99        2402.00         3778.09         4727.91  
    0.181       751.42          1341.21        2385.66         3610.52         4763.37  
    0.188       754.18          1358.07        2374.20         3625.14         4764.12  
    0.194       752.08          1374.90        2370.99         3536.65         4751.08  
    0.200       758.00          1385.88        2355.91         3671.26         4663.39  
    0.206       757.71          1345.18        2343.78         3689.39         4673.42  
    0.213       752.79          1301.28        2348.94         3743.83         4718.37  
    0.219       757.32          1350.57        2341.93         3626.82         4783.23  
    0.225       750.90          1362.24        2348.19         3565.46         4801.03  
    0.231       745.60          1369.70        2357.70         3531.41         4778.72  
    0.238       749.20          1381.84        2347.34         3529.59         4779.00  
    0.244       751.70          1371.68        2331.77         3469.15         4732.04  
    0.250       752.37          1371.31        2343.03         3426.76         4813.47  
    0.256       749.16          1373.60        2355.56         3409.23         4815.85  
    0.263       750.12          1380.44        2370.65         3379.86         4755.95  
    0.269       746.47          1387.14        2370.30         3379.97         4638.55  
    0.275       739.03          1406.42        2385.60         3423.18         4653.69  
    0.281       726.96          1416.91        2402.53         3471.12         4682.66  
    0.288       712.28          1407.09        2408.53         3445.85         4659.40  
    0.294       703.46          1389.82        2410.88         3412.87         4646.90  
    0.300       702.62          1390.78        2422.38         3411.29         4643.43  
    0.306       704.38          1380.92        2417.36         3398.39         4709.90  
    0.312       701.22          1378.14        2407.48         3382.14         4716.43  
    0.319       698.62          1387.79        2376.91         3336.22         4704.95  
    0.325       692.02          1382.07        2345.44         3324.75         4679.03  
    0.331       683.61          1371.81        2307.88         3282.13         4664.70  
    0.338       670.43          1356.48        2273.58         3272.76         4689.48  
    0.344       661.95          1351.81        2239.56         3284.29         4691.36  
    0.350       669.14          1387.33        2246.48         3191.62         4695.62  
    0.356       706.68          1392.22        2234.68         2950.97         4678.17  
    0.363       730.74          1339.67        2186.68         2739.24         4691.59  
    0.369       736.84          1247.36        2180.87         2679.13         4677.81  
    0.375       709.93          1304.33        2251.14         2663.63         4674.00  
    0.381       703.01          1411.98        2315.41         2544.47         4676.51  
    0.388       109.94          816.93        1552.78         2326.57         4554.49  
    0.394       393.46          1118.18        2106.39         3533.04         4648.61  
    0.400       291.30          1050.33        2242.16         3595.81         4775.42  
    0.406       40.49          160.14        1209.75         2430.79         3752.40  
    0.413       0          0        1004.14         2059.71         3238.47  
    0.419       0          770.06        1388.45         2728.41         4396.29  
    0.425       0          678.83        1471.47         2788.43         4517.62  
    0.431       454.73          1135.95        2178.16         3516.93         4752.84  
    0.438       84.35          192.26        1129.01         2542.58         3474.93  
    