0.025       860.64          1317.91        2429.11         4065.98         4943.71  
    0.031       858.91          1296.33        2411.58         4098.67         5303.59  
    0.038       838.00          1269.17        2395.04         4147.09         5500.00  
    0.044       812.25          1221.97        2382.35         4191.09         5500.00  
    0.050       796.18          1179.61        2371.14         4129.92         5187.75  
    0.056       834.06          1218.78        2407.80         4026.23         4971.37  
    0.062       864.28          1271.30        2449.25         4002.78         4938.77  
    0.069       853.84          1294.65        2468.75         3998.08         4913.81  
    0.075       853.36          1295.79        2474.40         3960.69         4924.25  
    0.081       859.79          1288.34        2468.35         3946.61         4976.76  
    0.088       860.84          1279.28        2459.40         3959.28         4987.71  
    0.094       853.01          1270.56        2445.16         3974.54         4964.04  
    0.100       848.37          1274.09        2443.22         3964.43         4932.95  
    0.106       848.32          1266.59        2459.06         3951.22         4920.01  
    0.113       848.29          1249.18        2467.47         3972.71         4934.76  
    0.119       853.36          1238.96        2474.26         3973.93         4980.68  
    0.125       852.10          1233.27        2499.73         3962.72         4999.56  
    0.131       857.78          1232.51        2525.19         3992.42         5019.50  
    0.138       867.98          1244.02        2526.28         3967.98         5035.42  
    0.144       867.93          1245.89        2507.58         3931.14         5023.60  
    0.150       865.84          1237.97        2468.01         3949.33         5005.72  
    0.156       870.66          1234.99        2441.64         3962.68         5000.86  
    0.163       876.67          1232.84        2431.66         3985.70         5018.43  
    0.169       880.35          1228.42        2428.61         3988.97         5030.27  
    0.175       883.44          1227.73        2419.17         3979.38         5016.19  
    0.181       879.52          1246.89        2431.68         4004.25         4996.45  
    0.188       876.51          1269.19        2448.59         3999.00         4982.92  
    0.194       875.06          1274.40        2459.37         3974.36         4954.46  
    0.200       860.97          1252.10        2448.07         3999.80         4897.06  
    0.206       849.90          1224.36        2437.40         4077.63         4916.43  
    0.213       846.75          1212.23        2458.86         4112.95         4969.24  
    0.219       837.69          1210.04        2469.92         4081.76         4960.06  
    0.225       830.81          1215.89        2439.59         4045.46         4909.19  
    0.231       824.45          1241.81        2425.41         4031.32         4921.13  
    0.238       823.60          1279.29        2470.69         3993.53         4904.53  
    0.244       825.42          1294.53        2501.58         4005.16         4867.61  
    0.250       815.63          1257.77        2480.60         4042.71         4880.49  
    0.256       804.47          1234.22        2444.40         4064.34         4897.84  
    0.263       798.73          1254.18        2426.73         4095.21         4905.41  
    0.269       797.04          1276.89        2433.15         4126.61         4914.13  
    0.275       793.31          1273.16        2461.91         4115.72         4920.00  
    0.281       791.33          1260.78        2459.66         4031.05         4915.93  
    0.288       794.60          1263.21        2434.23         3954.92         4916.10  
    0.294       795.20          1264.42        2412.44         3968.65         4907.31  
    0.300       793.01          1271.46        2389.66         4027.50         4891.79  
    0.306       793.01          1278.70        2378.29         4031.60         4882.02  
    0.312       791.31          1279.50        2379.50         4030.99         4865.44  
    0.319       786.46          1275.77        2377.98         4064.83         4887.03  
    0.325       782.99          1273.80        2379.47         4091.52         4933.39  
    0.331       785.16          1273.68        2409.49         4092.58         4948.09  
    0.338       786.97          1273.38        2407.36         4098.29         4946.10  
    0.344       787.06          1271.20        2385.78         4102.84         4941.08  
    0.350       783.39          1277.02        2369.32         4118.89         4952.67  
    0.356       775.78          1291.63        2349.98         4146.86         4943.26  
    0.363       772.59          1317.26        2365.25         4187.92         4963.58  
    0.369       773.10          1347.12        2410.29         4191.66         4981.33  
    0.375       779.20          1368.01        2418.42         4188.99         4994.23  
    0.381       788.79          1363.63        2407.04         4163.72         5005.88  
    0.388       794.27          1339.63        2433.99         4136.53         4999.76  
    0.394       786.47          1312.31        2436.70         4109.77         4980.43  
    0.400       749.88          1289.29        2404.09         4130.80         4977.69  
    0.406       617.39          1254.05        2366.77         4166.03         4968.61  
    0.413       435.91          1311.27        2408.17         4128.20         4985.12  
    0.419       400.92          1373.48        2398.99         4091.04         5016.31  
    0.425       394.68          1406.68        2366.85         4050.85         4974.07  
    0.431       293.90          1429.28        2496.66         4077.71         5032.96  
    0.438       86.71          506.79        1836.44         2969.02         4502.02  
    0.444       0          906.81        1908.88         3132.77         4756.24  
    