0.025       618.95          1431.81        2283.85         3757.53         5500.00  
    0.031       673.49          1363.95        2329.61         4033.94         5500.00  
    0.038       841.94          1295.47        2345.29         4329.63         5433.35  
    0.044       970.67          1284.67        2361.27         4379.83         5302.82  
    0.050       1001.68          1282.12        2435.32         4383.34         5248.09  
    0.056       1019.58          1285.13        2465.84         4383.30         5263.68  
    0.062       1006.35          1281.94        2388.16         4369.86         5282.10  
    0.069       963.17          1252.48        2363.62         4373.21         5295.78  
    0.075       976.63          1233.18        2385.71         4375.73         5330.85  
    0.081       872.16          1261.22        2410.73         4339.19         5360.22  
    0.088       818.03          1278.78        2497.19         4296.42         5262.26  
    0.094       893.58          1265.98        2553.61         4263.63         5141.26  
    0.100       985.94          1287.29        2572.14         4136.98         5123.52  
    0.106       1061.12          1319.62        2590.75         3979.06         5131.49  
    0.113       1082.48          1311.56        2618.52         3991.46         5141.21  
    0.119       1100.99          1294.63        2636.31         4086.35         5160.89  
    0.125       1134.80          1221.35        2627.67         4027.46         5159.17  
    0.131       1113.26          1178.74        2639.31         3979.34         5150.92  
    0.138       1067.16          1196.16        2675.75         4043.77         5142.13  
    0.144       1068.97          1192.75        2682.95         4086.75         5145.19  
    0.150       1085.30          1179.10        2664.25         4063.90         5160.15  
    0.156       1067.43          1190.34        2663.17         4012.09         5158.99  
    0.163       1031.22          1210.36        2669.25         4014.22         5156.71  
    0.169       1033.33          1193.95        2665.52         4051.69         5165.03  
    0.175       1021.59          1181.57        2667.05         4058.69         5162.27  
    0.181       975.90          1193.30        2663.90         4021.03         5146.68  
    0.188       944.23          1203.50        2650.75         3944.09         5145.58  
    0.194       929.88          1211.19        2648.45         3903.50         5163.36  
    0.200       910.33          1218.53        2656.26         3938.24         5168.00  
    0.206       897.57          1226.54        2665.31         3972.07         5160.20  
    0.213       900.67          1227.91        2679.33         4000.02         5167.65  
    0.219       900.98          1226.52        2681.74         3991.49         5180.01  
    0.225       889.78          1229.39        2660.04         3983.34         5184.22  
    0.231       874.94          1225.53        2645.10         3984.79         5176.22  
    0.238       858.58          1225.36        2639.41         3944.55         5166.96  
    0.244       843.16          1237.89        2636.88         3948.81         5178.66  
    0.250       830.07          1255.52        2636.92         3974.34         5187.43  
    0.256       823.30          1259.75        2645.12         4002.36         5187.05  
    0.263       823.59          1246.64        2645.11         4004.64         5181.26  
    0.269       825.27          1233.04        2634.37         3946.66         5181.79  
    0.275       833.30          1228.23        2627.69         3916.37         5190.42  
    0.281       849.39          1231.03        2620.56         3932.22         5202.75  
    0.288       868.04          1221.97        2631.15         3936.35         5216.67  
    0.294       878.40          1207.25        2660.10         3954.69         5212.88  
    0.300       922.03          1191.02        2681.32         4023.94         5203.18  
    0.306       932.76          1198.21        2676.10         4044.74         5197.31  
    0.312       924.86          1211.46        2679.84         4016.30         5191.05  
    0.319       928.11          1222.99        2689.25         3984.90         5194.61  
    0.325       912.85          1243.53        2689.29         3942.05         5206.26  
    0.331       916.85          1237.84        2685.19         3966.18         5221.39  
    0.338       930.35          1229.15        2678.13         4009.29         5247.69  
    0.344       928.87          1242.82        2695.90         3966.66         5255.05  
    0.350       931.28          1248.59        2712.26         3929.54         5249.88  
    0.356       945.99          1236.04        2698.08         3965.97         5270.12  
    0.363       938.43          1247.19        2657.84         4020.28         5310.84  
    0.369       919.65          1262.12        2636.97         4039.87         5336.96  
    0.375       922.55          1265.30        2659.47         4041.33         5349.36  
    0.381       917.06          1265.23        2676.46         4076.07         5433.64  
    0.388       900.41          1255.22        2655.46         4090.43         5500.00  
    0.394       901.69          1261.24        2626.79         4104.24         5500.00  
    0.400       901.84          1262.68        2579.32         4071.35         5500.00  
    0.406       902.01          1247.70        2580.13         4003.64         5500.00  
    0.413       936.58          1228.03        2593.44         3979.64         5500.00  
    0.419       961.66          1216.25        2496.83         3978.72         5500.00  
    0.425       910.07          1225.46        2387.77         4001.29         5500.00  
    0.431       840.25          1230.61        2345.48         4076.30         5338.07  
    0.438       800.21          1219.20        2279.78         4144.97         5101.46  
    0.444       790.28          1243.01        2263.04         4157.05         5002.78  
    0.450       756.72          1256.77        2337.48         4236.59         5264.43  
    0.456       700.01          1221.83        2382.17         4387.76         5500.00  
    0.463       472.53          1195.51        2309.73         4458.47         5500.00  
    0.469       234.67          1214.08        2175.73         4210.81         5309.25  
    0.475       84.45          570.18        1650.14         2958.58         4490.20  
    0.481       0          0        1224.62         2076.52         3880.03  
    0.488       0          0        1193.18         2102.20         3796.59  
    0.494       0          0        1186.74         2092.12         3739.71  
    