0.025       405.84          1541.78        2688.17         3661.50         4784.63  
    0.031       731.84          1164.78        2530.79         3727.24         4604.87  
    0.038       931.68          939.21        2439.32         3847.66         4447.73  
    0.044       932.57          937.52        2432.68         3945.92         4422.74  
    0.050       885.25          1025.13        2407.44         3931.70         4436.01  
    0.056       832.26          1128.96        2408.83         3897.44         4432.91  
    0.062       799.37          1151.03        2449.69         3895.78         4449.64  
    0.069       789.01          1163.68        2506.01         3867.11         4476.72  
    0.075       781.20          1270.30        2533.90         3859.65         4480.44  
    0.081       786.09          1261.62        2548.74         3843.90         4481.54  
    0.088       762.55          1206.23        2568.65         3827.91         4487.15  
    0.094       784.63          1197.23        2547.66         3761.76         4440.11  
    0.100       800.23          1214.51        2567.35         3753.15         4393.67  
    0.106       793.93          1242.35        2604.34         3819.39         4399.67  
    0.113       785.12          1260.87        2624.05         3865.60         4452.90  
    0.119       781.47          1280.31        2613.33         3856.56         4530.38  
    0.125       785.98          1288.11        2628.30         3838.65         4603.85  
    0.131       791.09          1293.52        2656.00         3840.46         4726.46  
    0.138       793.74          1314.30        2686.86         3816.21         4820.04  
    0.144       799.65          1354.53        2710.52         3808.93         4848.54  
    0.150       805.80          1376.75        2712.55         3875.17         4912.25  
    0.156       807.58          1336.70        2696.82         3867.43         4910.48  
    0.163       807.92          1321.10        2668.94         3822.40         4890.39  
    0.169       800.70          1373.88        2666.10         3827.81         5273.44  
    0.175       792.87          1423.38        2671.44         3850.93         5500.00  
    0.181       789.27          1438.38        2631.94         3848.51         4907.63  
    0.188       786.20          1466.25        2591.14         3866.51         4413.98  
    0.194       783.02          1594.74        2611.36         3978.17         5064.21  
    0.200       779.93          1661.81        2645.40         4043.72         5500.00  
    0.206       777.60          1673.66        2673.91         4078.32         5500.00  
    0.213       772.53          1628.22        2707.49         4067.46         5500.00  
    0.219       767.95          1555.80        2729.63         4023.40         5500.00  
    0.225       763.69          1497.43        2705.99         3977.86         5500.00  
    0.231       760.60          1484.05        2676.34         3899.34         5500.00  
    0.238       759.03          1482.64        2635.09         3862.38         5500.00  
    0.244       755.53          1464.32        2576.80         3819.29         5500.00  
    0.250       752.49          1456.11        2528.00         3853.49         5231.78  
    0.256       747.38          1446.74        2496.26         3910.68         4894.53  
    0.263       741.30          1421.12        2469.64         3973.54         4671.58  
    0.269       731.30          1373.46        2440.39         4078.88         4483.38  
    0.275       716.38          1300.37        2462.10         4024.79         4390.08  
    0.281       705.07          1251.27        2500.42         3930.46         4358.30  
    0.288       703.66          1238.31        2488.20         3866.70         4369.05  
    0.294       705.29          1235.45        2482.82         3809.21         4385.47  
    0.300       704.60          1224.24        2503.58         3789.17         4383.98  
    0.306       701.10          1208.22        2511.63         3804.15         4363.00  
    0.312       698.61          1219.14        2507.67         3788.79         4348.56  
    0.319       691.92          1191.63        2509.86         3794.14         4392.50  
    0.325       698.89          1141.82        2490.26         3790.83         4439.82  
    0.331       739.40          1117.49        2469.75         3837.25         4405.21  
    0.338       777.28          1120.74        2450.80         3926.33         4278.56  
    0.344       778.82          1137.39        2414.41         3948.26         4182.22  
    0.350       775.58          1138.39        2379.95         3793.81         4282.06  
    0.356       773.17          1104.46        2390.90         3731.13         4385.70  
    0.363       754.51          1054.22        2411.40         3766.46         4401.40  
    0.369       718.38          1046.86        2424.54         3847.71         4404.66  
    0.375       701.21          1074.44        2425.40         3870.71         4384.54  
    0.381       675.46          1086.75        2392.75         3805.49         4407.31  
    0.388       678.35          1032.04        2351.95         3772.12         4451.60  
    0.394       688.72          969.16        2319.61         3799.54         4430.68  
    0.400       690.85          1031.20        2306.16         3977.72         4317.88  
    0.406       670.90          1098.54        2263.59         4029.20         4324.93  
    0.413       339.02          1086.48        2253.92         4011.87         4501.27  
    0.419       55.71          399.27        1533.81         2970.09         4259.72  
    0.425       0          0        1154.22         2362.00         4033.99  
    0.431       74.12          767.11        1957.58         3311.03         4484.77  
    0.438       43.97          455.06        1674.05         2998.36         4198.24  
    0.444       0          0        1198.23         2495.98         3876.47  
    0.450       0          0        1147.41         2440.79         3894.61  
    0.456       0          0        1089.96         2300.71         3906.56  
    0.463       0          0        1093.50         2211.35         3839.13  
    0.469       328.21          738.53        1935.61         3148.89         4611.13  
    0.475       194.70          951.05        2405.10         3100.71         4409.43  
    0.481       0          959.39        2470.49         2782.31         4204.17  
    0.488       0          388.61        1590.43         2607.61         3861.71  
    