0.025       0          546.41        1956.08         2969.34         4733.56  
    0.031       0          503.11        1836.24         2980.88         4614.37  
    0.038       307.82          1249.53        2480.23         3787.84         5122.64  
    0.044       198.52          998.07        2340.64         3478.80         4854.44  
    0.050       0          600.97        2087.84         2899.21         4483.65  
    0.056       454.20          974.06        2386.88         3838.81         4887.40  
    0.062       754.62          1174.23        2531.47         4452.31         5151.61  
    0.069       782.00          1166.96        2526.90         4345.54         5120.36  
    0.075       811.12          1133.62        2506.99         4281.97         5120.02  
    0.081       802.86          1164.50        2471.16         4368.92         5358.43  
    0.088       789.63          1184.72        2468.04         4437.95         5500.00  
    0.094       793.22          1199.61        2484.55         4093.02         5276.57  
    0.100       807.00          1248.37        2492.56         3776.26         5166.12  
    0.106       804.28          1269.11        2500.17         3862.54         5258.73  
    0.113       824.42          1272.08        2516.87         4039.56         5423.33  
    0.119       849.20          1312.48        2530.45         4125.33         5500.00  
    0.125       851.62          1348.42        2532.13         4108.66         5500.00  
    0.131       848.50          1359.65        2530.48         4063.42         5500.00  
    0.138       844.06          1350.78        2528.05         4083.54         5500.00  
    0.144       836.65          1340.98        2531.62         4166.23         5500.00  
    0.150       830.50          1340.76        2536.50         4167.08         5500.00  
    0.156       820.49          1334.50        2536.86         4151.58         5500.00  
    0.163       820.31          1320.36        2529.33         4165.34         5500.00  
    0.169       827.86          1299.39        2514.42         4251.67         5500.00  
    0.175       833.73          1276.51        2506.31         4287.37         5500.00  
    0.181       855.11          1260.44        2513.83         4257.47         5500.00  
    0.188       887.57          1254.33        2527.25         4312.97         5500.00  
    0.194       878.03          1276.96        2525.97         4338.94         5500.00  
    0.200       870.55          1319.54        2514.69         4345.51         5500.00  
    0.206       857.34          1339.76        2510.95         4367.27         5500.00  
    0.213       841.08          1367.05        2516.96         4334.41         5500.00  
    0.219       847.78          1402.55        2516.29         4322.00         5500.00  
    0.225       862.51          1394.39        2509.49         4336.77         5500.00  
    0.231       866.66          1377.10        2508.31         4336.69         5500.00  
    0.238       839.48          1367.37        2510.46         4300.19         5500.00  
    0.244       817.47          1353.77        2521.57         4280.66         5500.00  
    0.250       811.70          1341.59        2533.50         4297.00         5500.00  
    0.256       811.15          1335.53        2536.06         4273.49         5500.00  
    0.263       807.30          1328.39        2524.64         4254.22         5500.00  
    0.269       810.09          1321.72        2517.72         4292.73         5500.00  
    0.275       808.58          1317.45        2523.10         4316.84         5500.00  
    0.281       807.10          1319.63        2526.41         4250.26         5500.00  
    0.288       813.36          1317.45        2520.35         4154.07         5363.74  
    0.294       819.20          1307.62        2511.15         4134.11         5361.10  
    0.300       817.45          1301.36        2513.48         4195.09         5467.09  
    0.306       812.80          1301.43        2518.95         4263.24         5500.00  
    0.312       808.01          1304.77        2522.05         4319.94         5500.00  
    0.319       804.74          1308.03        2518.01         4320.34         5500.00  
    0.325       801.63          1308.36        2517.14         4329.71         5500.00  
    0.331       801.92          1315.56        2528.55         4385.93         5500.00  
    0.338       797.57          1318.97        2536.99         4393.39         5500.00  
    0.344       789.02          1314.70        2548.81         4304.09         5318.72  
    0.350       782.78          1310.77        2547.61         4347.32         5383.09  
    0.356       778.33          1306.51        2533.85         4420.33         5500.00  
    0.363       772.59          1303.44        2532.71         4303.73         5274.93  
    0.369       770.21          1297.37        2537.47         4183.81         5112.14  
    0.375       772.42          1304.37        2563.56         4091.39         5138.33  
    0.381       770.38          1317.84        2587.01         3830.63         5105.41  
    0.388       771.84          1324.12        2603.42         3873.77         5056.82  
    0.394       766.03          1324.94        2629.33         4046.99         5219.58  
    0.400       749.49          1324.49        2638.29         3960.42         5143.48  
    0.406       736.33          1328.56        2630.81         3859.71         4981.57  
    0.413       723.78          1339.44        2626.10         3902.88         4945.94  
    0.419       710.13          1335.67        2639.96         3654.23         4965.80  
    0.425       705.58          1304.57        2617.58         3519.06         4958.49  
    0.431       673.91          1269.61        2612.07         3113.08         5013.22  
    0.438       593.33          1260.49        2619.08         2780.33         5052.28  
    0.444       217.48          842.85        1807.43         2775.76         5036.47  
    0.450       0          746.08        1260.98         2758.35         5059.10  
    0.456       0          887.67        1215.79         2800.66         5088.61  
    0.463       197.14          1103.60        2056.99         2834.58         5100.54  
    0.469       449.98          1276.75        2747.96         3426.77         5153.00  
    0.475       614.72          1324.59        2765.99         3453.69         5093.77  
    0.481       730.21          1386.09        2716.50         3351.39         5039.46  
    0.488       801.64          1410.37        2735.81         3752.43         5072.43  
    0.494       797.86          1370.27        2868.99         4584.24         5340.01  
    0.500       730.95          1333.26        2929.84         4882.13         5132.28  
    0.506       273.62          954.68        1980.70         3631.83         4775.19  
    0.513       0          721.72        1432.53         2903.29         4570.67  
    0.519       0          741.31        1410.17         2922.75         4391.79  
    