0.025       905.60          1313.81        2515.14         3493.54         4849.88  
    0.031       899.80          1320.31        2475.45         3485.49         4800.64  
    0.038       897.77          1331.88        2444.29         3489.48         4714.99  
    0.044       896.18          1336.37        2447.32         3514.80         4683.31  
    0.050       888.87          1330.68        2432.00         3526.37         4671.36  
    0.056       885.42          1325.54        2417.13         3496.78         4656.44  
    0.062       884.62          1328.54        2419.16         3476.74         4690.39  
    0.069       884.41          1333.58        2421.22         3481.33         4726.90  
    0.075       883.92          1336.39        2419.20         3469.83         4793.86  
    0.081       881.30          1338.97        2420.21         3469.43         4876.14  
    0.088       877.82          1344.14        2425.65         3487.85         4764.94  
    0.094       873.01          1344.53        2431.38         3491.71         4633.31  
    0.100       866.96          1340.19        2428.47         3469.51         4696.64  
    0.106       863.20          1337.71        2419.66         3440.00         4763.71  
    0.113       862.65          1336.96        2411.05         3450.30         4745.45  
    0.119       864.73          1339.12        2405.42         3475.66         4713.23  
    0.125       867.49          1341.75        2400.27         3471.45         4705.24  
    0.131       867.69          1341.82        2389.54         3467.76         4713.91  
    0.138       865.86          1338.76        2379.11         3483.49         4744.28  
    0.144       865.39          1336.42        2373.89         3506.93         4744.67  
    0.150       864.76          1333.38        2362.29         3523.65         4739.52  
    0.156       864.28          1329.73        2348.10         3525.65         4769.46  
    0.163       867.17          1331.37        2355.72         3492.44         4821.10  
    0.169       868.50          1332.03        2369.19         3450.04         4834.10  
    0.175       866.79          1330.82        2369.58         3460.97         4780.37  
    0.181       865.31          1332.80        2366.81         3475.90         4769.17  
    0.188       865.09          1334.74        2371.66         3439.61         4766.25  
    0.194       865.05          1333.00        2380.72         3491.21         4726.44  
    0.200       867.25          1330.86        2383.00         3613.03         4695.53  
    0.206       871.86          1331.56        2385.88         3619.23         4704.40  
    0.213       873.85          1332.06        2386.66         3540.64         4752.47  
    0.219       873.77          1331.04        2384.74         3464.32         4804.97  
    0.225       874.21          1330.91        2385.48         3447.98         4800.66  
    0.231       875.42          1333.73        2387.52         3459.81         4757.05  
    0.238       875.50          1334.78        2389.61         3382.80         4771.97  
    0.244       875.48          1333.59        2386.02         3258.94         4791.88  
    0.250       873.66          1331.78        2379.38         3192.41         4810.64  
    0.256       869.42          1329.89        2372.75         3229.17         4869.62  
    0.263       869.00          1333.11        2372.46         3316.60         4962.17  
    0.269       871.80          1339.23        2373.57         3359.69         5111.69  
    0.275       874.02          1342.94        2370.69         3389.53         5254.58  
    0.281       874.67          1342.67        2373.04         3403.89         5229.89  
    0.288       873.20          1340.07        2372.23         3376.64         5089.34  
    0.294       873.37          1342.18        2372.91         3403.58         5185.12  
    0.300       874.77          1346.80        2382.45         3464.38         5419.54  
    0.306       873.96          1347.74        2391.33         3478.46         5298.81  
    0.312       873.18          1348.23        2396.83         3469.96         5088.88  
    0.319       873.94          1348.43        2397.36         3468.95         5102.08  
    0.325       874.90          1345.50        2387.17         3461.81         5324.33  
    0.331       877.33          1344.83        2381.44         3451.44         5500.00  
    0.338       884.11          1348.88        2401.29         3481.52         5202.86  
    0.344       892.66          1352.33        2421.64         3517.11         4817.06  
    0.350       894.17          1348.90        2416.29         3510.54         4852.80  
    