0.025       0          909.36        1972.52         2294.21         4188.75  
    0.031       0          949.47        2024.33         2749.40         4981.74  
    0.038       659.13          1230.42        2413.41         2986.81         5439.67  
    0.044       1079.05          1376.53        2651.28         2970.61         5308.89  
    0.050       1014.95          1357.77        2752.13         2995.19         5238.52  
    0.056       918.80          1347.81        2873.94         3093.23         5211.01  
    0.062       871.71          1340.85        2873.68         3253.53         5199.09  
    0.069       872.79          1341.42        2887.83         3365.32         5194.03  
    0.075       918.54          1365.49        2916.08         3534.12         5377.51  
    0.081       928.26          1383.83        2918.32         3671.77         5289.81  
    0.088       933.37          1377.64        2895.96         3654.84         5106.48  
    0.094       986.01          1356.49        2913.37         3681.27         5332.59  
    0.100       1009.33          1345.41        2935.05         3558.07         5295.27  
    0.106       978.22          1348.87        2846.27         3542.53         5120.95  
    0.113       947.03          1351.29        2713.29         3555.19         5137.67  
    0.119       954.39          1353.66        2632.68         3550.72         5122.85  
    0.125       989.86          1352.36        2625.78         3707.46         5147.61  
    0.131       1021.51          1343.79        2725.74         3745.24         5054.38  
    0.138       1031.84          1337.31        2884.81         3743.61         4946.63  
    0.144       1015.77          1337.48        2962.06         3753.12         4910.76  
    0.150       968.33          1339.53        2946.96         3675.26         4893.96  
    0.156       955.95          1337.12        2924.24         3632.84         4972.50  
    0.163       983.84          1328.77        2916.00         3623.52         5052.97  
    0.169       1010.44          1322.37        2912.29         3681.95         5047.04  
    0.175       1065.54          1307.69        2928.92         3798.76         4946.43  
    0.181       1137.05          1289.24        3022.33         3673.70         4913.97  
    0.188       1089.96          1310.61        3011.53         3553.22         4938.32  
    0.194       1041.57          1328.44        2949.47         3596.37         5009.53  
    0.200       1045.74          1326.29        2933.19         3597.14         5026.00  
    0.206       1042.86          1324.73        2910.96         3565.10         5042.67  
    0.213       1065.59          1316.05        2906.14         3601.27         5081.72  
    0.219       1074.06          1311.68        2906.32         3633.86         5079.03  
    0.225       1044.79          1318.73        2891.70         3621.17         5040.55  
    0.231       1021.28          1331.12        2859.25         3611.05         5052.82  
    0.238       1034.59          1339.43        2849.75         3639.21         5109.16  
    0.244       1060.97          1341.56        2862.88         3686.33         5056.26  
    0.250       1073.87          1322.76        2880.94         3702.16         5012.04  
    0.256       1104.98          1293.11        2885.87         3764.42         5074.44  
    0.263       1125.56          1287.55        2906.18         3781.36         5118.53  
    0.269       1110.71          1302.32        2896.03         3653.44         5046.27  
    0.275       1112.53          1310.82        2817.05         3555.39         5009.81  
    0.281       1136.42          1308.41        2776.81         3551.37         4987.90  
    0.288       1124.98          1316.08        2827.59         3551.89         4935.18  
    0.294       1102.68          1325.23        2888.64         3586.30         5006.49  
    0.300       1097.96          1317.12        2903.36         3654.77         5118.58  
    0.306       1081.90          1306.77        2890.12         3708.57         5095.12  
    0.312       1079.80          1299.96        2894.40         3733.18         4986.83  
    0.319       1073.41          1295.67        2910.79         3710.54         4909.45  
    0.325       1074.75          1286.61        2933.68         3685.93         4889.42  
    0.331       1053.71          1286.37        2936.85         3608.57         4906.56  
    0.338       1030.07          1302.56        2916.94         3577.04         4970.94  
    0.344       1048.56          1310.93        2904.38         3591.79         4981.24  
    0.350       1098.89          1295.02        2892.83         3583.98         4923.86  
    0.356       1150.46          1275.05        2872.02         3564.44         4918.86  
    0.363       1168.14          1267.48        2860.00         3571.16         4960.88  
    0.369       1169.77          1262.76        2852.22         3578.34         5007.35  
    0.375       1205.15          1247.97        2866.13         3593.08         5038.98  
    0.381       1226.47          1234.09        2869.82         3576.79         5015.54  
    0.388       1200.92          1247.33        2850.49         3537.71         4985.92  
    0.394       1108.27          1303.45        2813.63         3506.54         4884.07  
    0.400       1065.08          1325.61        2762.05         3475.66         4827.18  
    0.406       1122.09          1278.71        2708.75         3447.46         4836.53  
    0.413       1124.54          1297.00        2644.77         3459.51         4758.26  
    0.419       1136.62          1345.90        2723.17         3780.71         4691.49  
    0.425       1106.60          1334.93        2764.52         3664.22         4680.01  
    0.431       1091.68          1335.36        2733.62         3481.19         4781.42  
    0.438       1108.42          1297.90        2682.09         3496.84         4796.16  
    0.444       1146.39          1229.77        2633.61         3478.85         4713.73  
    0.450       1129.07          1247.32        2610.90         3419.43         4675.43  
    0.456       1035.26          1310.36        2653.17         3372.93         4678.54  
    0.463       1007.16          1328.18        2729.70         3369.71         4711.99  
    0.469       1048.43          1299.39        2765.41         3374.18         4733.10  
    0.475       1001.48          1313.71        2719.33         3452.53         4862.83  
    0.481       909.12          1344.77        2663.03         3506.01         5045.45  
    0.488       847.66          1349.74        2613.35         3473.90         5047.90  
    0.494       802.32          1346.77        2542.96         3572.84         5000.56  
    0.500       766.45          1336.06        2505.52         3779.99         4872.27  
    0.506       741.68          1320.92        2547.43         3912.07         4806.83  
    0.513       726.84          1306.67        2716.41         3913.28         4997.42  
    0.519       718.21          1291.87        2926.87         3489.14         5134.86  
    0.525       716.47          1286.29        3000.28         3186.17         5153.39  
    0.531       718.04          1288.35        3017.55         3151.30         5152.89  
    0.537       715.71          1290.09        3082.60         3145.39         5157.33  
    0.544       713.77          1291.68        3059.25         3166.65         5144.59  
    0.550       707.00          1289.90        2997.70         3240.04         5208.15  
    0.556       694.67          1279.42        2971.75         3303.00         5220.62  
    0.562       691.40          1272.42        2953.28         3338.41         5167.60  
    0.569       696.15          1253.42        2926.05         3277.18         5159.07  
    0.575       692.95          1193.95        2852.01         3204.25         5194.57  
    0.581       688.10          1170.42        2827.66         3156.54         5232.38  
    0.588       683.07          1196.99        2920.80         3414.66         5208.80  
    0.594       667.80          1215.23        3006.78         4007.14         5123.99  
    0.600       260.71          864.06        1929.39         3524.01         5052.44  
    0.606       0          650.92        1100.00         3022.23         4838.37  
    0.613       0          637.77        1023.10         2986.33         4499.14  
    0.619       270.00          847.71        2166.87         3436.21         4819.64  
    0.625       387.20          947.23        2904.82         3767.10         5079.00  
    0.631       137.73          361.89        1620.58         3297.15         4234.11  
    