0.025       647.82          1429.41        3033.42         4144.43         5300.09  
    0.031       657.57          1450.83        3118.43         4146.74         5316.30  
    0.038       692.76          1488.56        3172.16         4059.27         5170.56  
    0.044       733.41          1503.90        3061.01         3950.66         5258.12  
    0.050       778.95          1357.29        2833.54         3859.03         5500.00  
    0.056       787.50          1212.22        2688.44         3779.28         5347.82  
    0.062       758.40          1212.17        2714.48         3780.95         5085.13  
    0.069       746.12          1215.23        2782.34         3794.90         4921.14  
    0.075       748.82          1287.98        2749.35         3824.44         4803.55  
    0.081       755.37          1402.13        2597.10         3901.75         4825.10  
    0.088       761.33          1430.16        2508.84         3933.23         4930.81  
    0.094       768.99          1393.09        2497.84         3875.52         4962.00  
    0.100       774.13          1369.22        2495.13         3811.90         4966.55  
    0.106       781.22          1397.83        2516.56         3815.11         4930.44  
    0.113       788.30          1466.95        2551.19         3883.10         4935.71  
    0.119       781.02          1472.79        2548.13         3881.05         4904.91  
    0.125       768.44          1426.05        2523.51         3829.06         4892.42  
    0.131       770.85          1415.83        2530.70         3854.22         5224.14  
    0.138       775.86          1413.22        2560.81         3879.78         5429.75  
    0.144       777.77          1409.85        2611.08         3932.57         5124.81  
    0.150       781.53          1411.58        2683.21         4016.40         4961.83  
    0.156       783.19          1398.37        2687.48         4010.07         5142.49  
    0.163       776.51          1372.76        2641.47         3978.31         5128.45  
    0.169       769.38          1360.47        2617.46         3974.66         5033.83  
    0.175       767.95          1359.61        2633.62         3968.93         5106.82  
    0.181       769.29          1362.79        2696.71         3996.72         5241.63  
    0.188       766.74          1372.35        2692.24         4011.27         5415.97  
    0.194       765.22          1384.44        2678.91         3995.41         5500.00  
    0.200       769.58          1403.44        2754.89         4010.67         5500.00  
    0.206       770.29          1413.29        2795.76         4018.41         5500.00  
    0.213       769.58          1405.38        2764.46         4006.08         5500.00  
    0.219       766.60          1392.14        2729.85         4011.16         5500.00  
    0.225       769.82          1418.22        2767.12         4018.26         5500.00  
    0.231       774.28          1460.25        2781.64         4016.73         5500.00  
    0.238       767.36          1461.45        2685.55         3993.61         5500.00  
    0.244       758.40          1435.73        2617.10         3972.42         5346.63  
    0.250       754.33          1411.76        2644.05         3962.77         5175.00  
    0.256       759.51          1410.99        2735.24         3939.00         5190.55  
    0.263       760.06          1414.29        2750.74         3919.11         5364.29  
    0.269       753.37          1410.81        2687.54         3934.43         5500.00  
    0.275       748.74          1412.36        2630.36         3955.84         5389.09  
    0.281       749.64          1431.42        2584.63         3963.27         5391.08  
    0.288       752.79          1457.21        2597.01         3972.89         5500.00  
    0.294       757.90          1497.55        2636.15         4006.75         5500.00  
    0.300       760.22          1493.49        2617.08         4028.79         5500.00  
    0.306       760.67          1479.26        2592.35         4004.72         5500.00  
    0.312       763.70          1493.86        2642.47         3953.72         5500.00  
    0.319       764.33          1453.44        2699.78         3902.59         5500.00  
    0.325       767.32          1432.76        2714.50         3933.70         5500.00  
    0.331       768.34          1447.75        2705.16         3996.28         5500.00  
    0.338       764.78          1474.38        2681.06         4023.52         5500.00  
    0.344       762.81          1548.70        2602.49         4044.46         5500.00  
    0.350       756.79          1598.44        2520.61         4045.06         5211.54  
    0.356       748.77          1604.71        2501.43         4006.54         4720.24  
    0.363       733.72          1626.87        2441.92         4067.27         4395.06  
    0.369       716.62          1609.65        2416.28         4225.39         4488.71  
    0.375       705.57          1434.48        2444.08         4088.62         4832.24  
    0.381       693.19          1268.00        2559.42         3944.16         5234.82  
    0.388       681.49          1233.89        2637.48         3906.58         5267.34  
    0.394       686.38          1222.84        2542.24         3762.69         5025.23  
    0.400       711.58          1199.73        2345.40         3745.04         5017.24  
    0.406       663.29          1225.53        2220.19         3755.90         5009.66  
    0.413       574.28          1262.66        2390.31         3695.50         5133.18  
    0.419       523.16          1265.33        2530.91         3653.54         5203.03  
    0.425       558.65          1287.50        2644.34         3603.70         5225.52  
    0.431       305.46          960.11        2059.01         3196.36         4741.05  
    0.438       333.52          962.09        1995.06         3468.19         4847.53  
    0.444       327.52          972.74        1958.28         3405.67         4808.82  
    0.450       331.69          983.59        1993.49         3286.68         4611.19  
    0.456       648.89          1266.98        2584.06         3929.94         5166.10  
    0.463       641.53          1247.57        2526.46         4108.61         5374.67  
    0.469       650.02          1316.16        2513.58         4038.50         5259.95  
    