0.025       502.08          1297.83        2494.03         3465.49         5500.00  
    0.031       175.33          1214.69        2551.68         3428.02         5500.00  
    0.038       0          1124.68        2611.71         3520.96         5500.00  
    0.044       652.90          1147.23        2841.10         3759.65         5500.00  
    0.050       350.34          1041.06        1897.95         3585.76         5138.50  
    0.056       0          949.62        1307.21         3451.86         5009.39  
    0.062       0          934.19        1318.20         3463.66         4985.99  
    0.069       0          925.45        1324.61         3475.93         4937.40  
    0.075       569.28          1161.11        2726.81         4262.35         4948.43  
    0.081       874.30          1283.27        3458.63         4263.31         4972.02  
    0.088       875.60          1282.26        3435.78         4057.09         4976.96  
    0.094       884.23          1277.16        3423.36         3916.63         5006.57  
    0.100       892.98          1262.49        3444.14         3621.27         4992.92  
    0.106       895.57          1249.44        3460.89         3519.23         5029.24  
    0.113       900.65          1253.04        3287.40         3500.61         5019.79  
    0.119       904.29          1279.51        3008.30         3479.05         4922.75  
    0.125       903.16          1334.77        3004.27         3461.70         4949.01  
    0.131       903.08          1365.59        3075.70         3446.90         4940.71  
    0.138       904.29          1382.01        3219.97         3439.11         4930.46  
    0.144       908.29          1446.76        3290.64         3443.93         5004.55  
    0.150       910.85          1524.61        3208.50         3468.65         4917.55  
    0.156       910.82          1514.39        3103.97         3484.79         4796.77  
    0.163       913.84          1495.56        3022.36         3492.74         4858.91  
    0.169       921.06          1491.76        3042.17         3494.22         4958.64  
    0.175       923.68          1507.77        3161.12         3501.37         5117.18  
    0.181       921.64          1661.54        3377.29         3783.13         5390.94  
    0.188       321.49          1201.68        2346.78         3624.79         4452.68  
    0.194       0          913.09        1863.42         3484.96         3982.26  
    0.200       0          911.10        1982.82         3495.69         4265.26  
    0.206       590.09          1342.37        2781.93         3502.72         4639.60  
    0.213       904.22          1497.91        3090.85         3508.54         4777.29  
    0.219       906.90          1455.02        2883.66         3525.35         4840.05  
    0.225       912.09          1512.68        2758.05         3545.59         4870.11  
    0.231       911.88          1605.24        3041.78         3540.94         5006.94  
    0.238       907.06          1501.84        3401.60         3602.19         5353.70  
    0.244       904.91          1438.28        3494.30         3593.52         5500.00  
    0.250       904.91          1384.52        3457.22         3513.17         5236.25  
    0.256       905.80          1321.14        3454.17         3599.16         5032.91  
    0.263       895.03          1296.39        3463.61         3539.60         4965.44  
    0.269       878.24          1287.15        3384.66         3485.28         4939.52  
    0.275       870.46          1298.36        3296.45         3495.35         4931.08  
    0.281       876.08          1287.97        3259.96         3487.83         4921.52  
    0.288       883.61          1289.59        3405.05         3550.58         4914.86  
    0.294       879.00          1280.55        3481.35         3630.54         4911.10  
    0.300       874.00          1291.80        3454.66         3537.66         4925.39  
    0.306       871.78          1319.98        3368.04         3477.21         4950.25  
    0.312       867.48          1336.37        3353.69         3488.88         5013.68  
    0.319       864.77          1351.07        3258.14         3531.45         4950.28  
    0.325       862.85          1352.72        3153.25         3544.26         4892.54  
    0.331       864.35          1345.48        3209.04         3519.38         4937.96  
    0.338       867.88          1349.64        3244.07         3524.57         4973.85  
    0.344       867.28          1348.73        3315.82         3542.80         4927.46  
    0.350       861.53          1326.20        3260.88         3539.71         4922.45  
    0.356       852.56          1299.52        3105.79         3544.54         4952.83  
    0.363       844.46          1303.01        3064.54         3543.71         4982.30  
    0.369       847.78          1308.18        2973.35         3514.42         4993.81  
    0.375       849.98          1300.22        2779.89         3503.04         4976.95  
    0.381       839.59          1304.45        2680.86         3499.89         4946.85  
    0.388       821.47          1329.45        2648.49         3492.85         4952.23  
    0.394       809.69          1352.64        2541.19         3488.91         4998.37  
    0.400       822.86          1378.56        2429.20         3488.74         5015.12  
    0.406       836.65          1413.32        2323.56         3469.05         5020.44  
    0.413       836.97          1414.19        2090.20         3453.14         5041.97  
    0.419       817.11          1390.33        2129.12         3462.41         5026.97  
    0.425       779.25          1372.24        2293.19         3466.49         5017.97  
    0.431       746.96          1385.33        2292.25         3445.69         5030.40  
    0.438       744.48          1400.12        2190.23         3462.58         5022.40  
    0.444       743.06          1378.67        2144.77         3493.72         5023.89  
    0.450       258.53          937.76        1662.07         3504.09         5018.69  
    0.456       0          642.18        1374.06         3493.79         5022.17  
    0.463       336.19          1056.31        1379.34         3522.49         5080.67  
    0.469       449.11          1373.22        1777.83         3537.52         5093.21  
    0.475       450.71          1416.71        1884.46         3541.74         5069.18  
    