0.025       894.45          923.85        2243.60         3676.65         5500.00  
    0.031       825.86          1136.43        2484.52         3768.26         5500.00  
    0.038       830.64          1205.04        2652.26         3896.80         5500.00  
    0.044       847.52          1191.27        2658.47         3950.73         5500.00  
    0.050       815.50          1207.86        2639.31         3940.94         5500.00  
    0.056       784.74          1299.64        2613.64         3936.38         5500.00  
    0.062       783.79          1526.19        2614.52         4050.79         5500.00  
    0.069       798.90          1559.23        2638.47         4167.18         5500.00  
    0.075       805.71          1464.53        2643.84         4184.69         5500.00  
    0.081       804.05          1422.26        2636.91         4179.03         5500.00  
    0.088       803.88          1412.94        2633.47         4147.92         5270.72  
    0.094       806.28          1404.79        2651.52         4111.81         5127.80  
    0.100       813.64          1405.12        2662.15         4160.58         5152.90  
    0.106       814.55          1440.85        2653.92         4197.78         5115.79  
    0.113       817.34          1427.31        2646.33         4169.06         4902.98  
    0.119       818.49          1402.68        2650.63         4129.62         5122.52  
    0.125       809.66          1386.63        2654.18         4011.68         5426.57  
    0.131       799.72          1383.58        2639.35         3968.53         5288.36  
    0.138       790.90          1373.48        2644.17         4001.65         5093.05  
    0.144       785.26          1363.79        2648.12         3975.68         4965.72  
    0.150       777.83          1358.08        2654.59         4009.70         5026.74  
    0.156       778.86          1354.54        2674.36         4054.70         5357.63  
    0.163       785.55          1363.93        2699.46         4063.26         5391.11  
    0.169       784.45          1358.00        2695.98         4040.12         5125.05  
    0.175       777.82          1365.32        2651.71         3972.21         5095.57  
    0.181       772.96          1374.66        2633.47         3944.32         5188.17  
    0.188       775.79          1386.56        2673.42         4012.78         5403.47  
    0.194       772.43          1398.12        2650.30         3995.85         5500.00  
    0.200       772.34          1400.42        2634.73         3949.78         5431.46  
    0.206       776.46          1414.38        2668.67         3931.20         5464.88  
    0.213       776.49          1424.13        2674.67         3972.71         5500.00  
    0.219       769.98          1422.29        2646.80         3991.30         5500.00  
    0.225       761.82          1432.15        2618.76         3963.41         5251.10  
    0.231       766.93          1469.71        2634.84         3931.58         4989.42  
    0.238       765.48          1468.18        2634.39         3933.34         5072.76  
    0.244       755.47          1444.12        2622.11         3957.22         5186.67  
    0.250       749.48          1432.50        2623.42         3955.22         5140.27  
    0.256       755.26          1449.98        2646.15         3927.88         4908.99  
    0.263       764.03          1486.88        2698.08         3886.77         4799.67  
    0.269       770.57          1529.13        2779.13         3856.59         4960.42  
    0.275       769.63          1549.54        2762.53         3883.56         5345.80  
    0.281       761.12          1516.55        2689.24         3936.81         5500.00  
    0.288       762.26          1512.42        2681.09         3950.06         5500.00  
    0.294       782.30          1700.28        2810.97         3962.98         5500.00  
    0.300       780.66          1799.70        2919.94         3970.96         5500.00  
    0.306       771.09          1715.62        2939.20         3951.90         5500.00  
    0.312       774.42          1615.96        2914.62         3941.61         5500.00  
    0.319       797.86          1589.47        2828.38         3952.79         5500.00  
    0.325       810.01          1514.44        2735.09         3964.21         5500.00  
    0.331       804.67          1458.79        2676.35         3969.90         5500.00  
    0.338       800.21          1465.46        2660.91         3965.11         5500.00  
    0.344       800.74          1453.46        2666.04         3963.24         5500.00  
    0.350       794.28          1423.83        2670.60         3969.50         5500.00  
    0.356       802.89          1450.97        2687.16         3973.59         5500.00  
    0.363       802.43          1465.98        2692.55         3964.41         5500.00  
    0.369       796.14          1462.77        2690.14         3977.75         5500.00  
    0.375       792.98          1462.11        2684.69         3986.17         5500.00  
    0.381       782.75          1462.46        2680.10         3985.19         5500.00  
    0.388       775.22          1464.69        2677.70         3987.89         5500.00  
    0.394       776.64          1461.18        2672.16         3987.52         5500.00  
    0.400       263.60          1016.37        1884.28         3120.69         4493.84  
    0.406       0          778.20        1478.62         2686.11         3982.22  
    0.413       495.19          1221.90        2290.20         3553.62         4986.48  
    0.419       738.38          1455.63        2708.74         3993.33         5500.00  
    0.425       248.32          981.79        1979.14         3121.24         4505.11  
    0.431       0          725.92        1601.16         2645.32         3994.95  
    0.438       0          706.12        1579.07         2655.48         3969.83  
    0.444       0          674.91        1465.68         2700.83         3933.44  
    0.450       0          685.84        1346.84         2735.91         3911.96  
    0.456       0          692.84        1250.27         2741.78         3896.52  
    0.463       439.88          1003.88        2222.53         3483.72         4954.94  
    0.469       659.24          1091.39        2722.82         3825.01         5500.00  
    0.475       615.12          992.63        2676.18         3762.38         5500.00  
    0.481       597.95          996.66        2651.33         3730.20         5500.00  
    0.488       536.36          1012.98        2672.27         3713.10         5500.00  
    0.494       464.08          1034.72        2740.22         3643.73         5500.00  
    0.500       545.86          1081.47        2787.63         3735.07         5500.00  
    0.506       648.68          1142.00        2757.25         3788.61         5500.00  
    0.513       652.93          1097.06        2735.56         3903.34         5500.00  
    