0.025       636.52          1619.53        2715.32         3679.32         4743.52  
    0.031       722.35          2130.90        2262.04         3559.67         4783.37  
    0.038       71.67          1109.03        2261.02         3515.37         4772.77  
    0.044       671.88          1872.81        2959.77         4080.27         5428.60  
    0.050       671.08          1826.40        2926.02         4103.76         5500.00  
    0.056       563.55          1690.38        2856.18         3923.05         5104.27  
    0.062       526.64          1622.86        2861.12         4003.66         5014.79  
    0.069       605.27          1658.06        2823.38         4074.40         5089.14  
    0.075       662.05          1776.67        2943.07         3919.78         5055.66  
    0.081       65.36          1124.18        2294.08         3263.06         4568.60  
    0.088       0          993.92        2344.43         3052.18         4450.65  
    0.094       738.20          2272.61        2562.43         3745.67         5396.51  
    0.100       880.70          1748.83        2595.33         3777.71         5100.75  
    0.106       86.94          1404.69        2483.40         3676.71         4920.78  
    0.113       0          1325.40        2315.85         3400.24         4424.87  
    0.119       0          1226.48        2382.12         3238.95         4459.05  
    0.125       0          1324.63        2259.39         2949.79         4478.79  
    0.131       0          1252.28        2124.73         3307.53         4442.35  
    0.138       0          1202.31        2211.37         3452.18         4369.24  
    0.144       0          1083.45        2226.97         3327.04         4456.00  
    0.150       512.58          1654.78        2932.10         4211.20         4928.44  
    0.156       517.26          1754.02        2965.72         4201.40         5448.93  
    0.163       50.13          954.35        2207.96         3433.23         4461.61  
    0.169       0          1379.33        2022.47         3315.49         4341.07  
    0.175       621.76          1366.82        2822.35         3945.42         4752.32  
    0.181       471.73          1364.98        2837.56         4011.09         4763.24  
    0.188       43.90          1365.02        2705.51         3865.20         4985.09  
    0.194       0          1418.81        2717.03         3714.37         5451.96  
    0.200       678.34          1702.10        3260.46         4309.09         5500.00  
    0.206       73.67          1313.92        1995.65         3475.97         4538.47  
    0.213       0          1270.35        2275.57         3431.33         4509.93  
    0.219       0          1281.48        2377.82         3350.98         4569.17  
    0.225       0          1410.65        2440.97         3338.56         4329.44  
    0.231       0          139.55        1636.97         2786.90         3892.72  
    0.238       464.44          1559.79        2832.58         3670.98         4952.01  
    0.244       50.44          1375.18        2039.66         3332.39         4337.44  
    0.250       0          1437.68        2089.54         3423.15         4393.03  
    0.256       0          1100.39        2076.62         3386.52         4410.87  
    0.263       0          996.32        2089.14         3096.21         4298.12  
    0.269       0          1058.13        2044.52         3141.15         4357.82  
    0.275       0          1542.66        1894.16         3189.15         4367.05  
    0.281       0          1503.13        2201.23         3335.05         4571.19  
    0.288       0          1335.91        2270.88         3313.43         4517.51  
    0.294       817.36          1672.12        2894.12         4295.16         5402.95  
    0.300       88.76          1215.98        2386.43         3211.69         4461.63  
    0.306       0          113.86        1780.56         2810.48         4022.08  
    0.312       0          0        1592.01         2517.06         3700.21  
    0.319       0          1132.59        2223.21         3549.40         4281.15  
    0.325       0          1378.50        2545.88         3886.73         3967.22  
    0.331       0          1400.97        1948.84         3261.03         4304.47  
    0.338       0          1077.88        1996.01         3253.55         4324.78  
    0.344       801.57          1915.01        3268.47         4490.96         5384.65  
    0.350       87.05          1067.10        2216.38         3539.79         4372.52  
    0.356       792.11          1851.34        3128.82         4009.59         5377.56  
    0.363       86.02          1220.90        2208.78         3353.58         4286.18  
    0.369       535.70          1201.90        2758.27         3780.44         4761.82  
    0.375       709.55          1237.57        2972.42         3844.28         4798.66  
    0.381       734.44          1259.49        2921.51         3845.30         4708.90  
    0.388       718.85          1266.28        2816.67         3846.06         4662.37  
    0.394       740.16          1271.63        3022.36         3882.69         4634.30  
    0.400       714.05          1280.04        2907.17         3912.01         4528.48  
    0.406       711.83          1281.60        3009.88         3936.01         4688.83  
    0.413       721.65          1283.76        3132.72         3936.85         4726.38  
    0.419       730.07          1288.59        3212.96         3993.79         5424.42  
    0.425       723.55          1282.00        2790.13         3994.61         5500.00  
    0.431       716.11          1281.62        2613.12         3956.38         4852.47  
    0.438       713.08          1285.19        2635.07         3907.33         4915.15  
    0.444       723.78          1285.89        2658.56         3887.76         4782.98  
    0.450       729.44          1289.44        2715.28         4053.16         4675.44  
    0.456       730.83          1284.52        2725.19         3977.89         4521.85  
    0.463       750.70          1298.77        2994.81         3909.54         4660.93  
    0.469       739.21          1297.77        3175.81         3938.15         5419.45  
    0.475       726.16          1288.80        3139.00         3940.42         4820.86  
    0.481       729.42          1290.43        3095.46         3927.59         4547.40  
    0.488       731.02          1290.70        3147.34         3945.51         4491.72  
    0.494       732.19          1311.89        3104.99         3960.92         4519.36  
    0.500       732.65          1312.57        3021.86         3956.33         4607.18  
    0.506       724.59          1287.27        3009.06         3960.71         4603.37  
    0.513       721.00          1293.22        2931.02         3946.69         4789.20  
    0.519       712.21          1306.56        2805.84         3931.54         4794.75  
    0.525       702.80          1290.52        2694.05         3965.12         4750.17  
    0.531       727.59          1289.61        2756.91         3996.34         4692.98  
    0.537       737.09          1315.58        2784.23         4147.92         5050.57  
    0.544       731.30          1282.33        2752.20         4064.00         5459.84  
    0.550       747.36          1535.04        2856.66         4012.51         5500.00  
    0.556       723.57          1523.86        2705.73         3986.35         5002.85  
    0.562       709.92          1473.43        2717.59         3967.82         5446.01  
    0.569       706.04          1377.21        2604.94         3968.24         5500.00  
    0.575       647.41          1356.24        2679.48         3956.70         5219.19  
    0.581       629.08          1251.99        2882.59         4004.31         5469.51  
    0.588       542.35          1212.29        2811.17         4100.21         5500.00  
    0.594       563.78          1261.83        2749.66         3975.62         5035.64  
    0.600       513.25          1243.43        2732.61         3939.42         5449.57  
    0.606       466.40          1235.43        2718.50         3978.16         5500.00  
    0.613       45.25          120.96        1281.07         2849.54         4065.71  
    0.619       0          849.54        2016.78         3243.51         4181.35  
    0.625       0          1070.79        1939.64         3392.34         4238.29  
    0.631       0          1193.75        2500.53         3827.99         4737.32  
    0.638       0          1223.21        2543.01         3912.40         4896.27  
    0.644       0          120.01        1207.85         2638.35         3876.73  
    0.650       0          0        1004.21         2592.23         3678.41  
    0.656       0          0        1144.76         2462.19         3640.31  
    0.663       0          1067.37        2094.02         3243.45         4436.02  
    0.669       0          1251.10        2363.00         3146.73         4395.17  
    0.675       0          1221.18        2184.63         3306.09         4371.08  
    0.681       0          1189.50        2209.40         3354.60         4422.65  
    0.688       0          1184.28        2351.36         3510.59         4611.73  
    0.694       0          1266.49        2396.91         3518.76         4298.13  
    0.700       0          1378.56        2209.23         3283.89         4354.02  
    0.706       0          1348.98        2141.63         3352.94         4361.83  
    0.713       0          131.71        1429.59         2676.69         3982.01  
    0.719       0          1266.17        2495.26         3625.43         4759.10  
    0.725       633.05          1652.11        2872.15         3787.91         4798.30  
    0.731       767.68          1689.61        2730.66         3963.04         4851.88  
    0.738       819.55          1627.62        2842.38         3798.89         5052.91  
    0.744       663.90          1499.83        2857.78         3647.54         5149.28  
    0.750       63.33          1436.43        2456.48         3336.43         4497.47  
    0.756       0          1258.41        2561.59         3750.42         4359.56  
    0.763       0          1255.55        2404.25         3612.99         4897.78  
    0.769       0          1345.11        2359.72         3580.84         4810.83  
    0.775       0          1389.86        2307.36         3550.58         4557.92  
    0.781       0          1517.32        2193.59         3515.26         4641.40  
    0.788       530.92          1757.99        2984.07         4261.08         5417.05  
    0.794       57.66          1238.88        2356.22         3498.57         4705.82  
    0.800       773.80          1738.33        2642.71         3803.39         4869.97  
    0.806       690.13          1717.85        2712.55         3926.42         4927.71  
    0.812       699.69          1822.29        2841.74         3854.31         4972.22  
    0.819       832.52          1903.70        2828.98         3704.18         5003.78  
    0.825       781.84          1766.00        2856.15         3837.32         5018.62  
    0.831       824.82          1857.39        2890.95         3881.54         5059.31  
    0.838       789.04          1926.32        3135.54         4043.06         5050.67  
    0.844       76.86          1097.52        1903.49         3372.27         4689.60  
    0.850       0          1284.08        2271.24         3270.24         4398.33  
    