0.025       872.82          1263.10        2072.40         3473.30         4381.11  
    0.031       854.79          1309.86        2114.43         3457.10         4509.70  
    0.038       854.29          1276.96        2236.43         3501.37         4549.27  
    0.044       830.82          1245.49        2223.34         3457.77         4599.17  
    0.050       27.29          40.92        922.41         1374.87         3522.98  
    0.056       326.53          980.13        1774.32         3353.88         4576.84  
    0.062       334.96          928.24        1787.88         3447.32         4607.80  
    0.069       359.51          943.35        1849.65         3729.75         4530.21  
    0.075       353.36          918.33        1948.02         4014.21         5066.54  
    0.081       351.39          926.66        2146.38         4114.59         5486.35  
    0.088       11.55          364.83        881.67         2488.77         4211.14  
    0.094       0          346.89        828.85         2471.50         4180.60  
    0.100       332.53          774.69        2241.86         4066.46         5385.82  
    0.106       346.19          776.31        2209.40         4083.48         4446.30  
    0.113       347.60          769.20        2253.29         4082.11         4414.92  
    0.119       344.34          747.93        2376.44         3975.54         4435.56  
    0.125       346.07          753.48        2450.58         3989.87         4426.51  
    0.131       348.32          763.43        2525.42         4065.84         4473.15  
    0.138       346.85          758.42        2550.10         4061.95         4457.49  
    0.144       349.74          769.17        2512.97         3974.12         4412.99  
    0.150       350.69          778.25        2503.53         3975.49         4413.46  
    0.156       352.85          784.48        2511.15         3967.27         4427.43  
    0.163       354.44          777.06        2532.42         3942.58         4425.75  
    0.169       357.50          787.66        2499.17         3938.86         4449.08  
    0.175       358.29          786.19        2403.84         3946.06         4475.25  
    0.181       359.30          783.89        2294.35         3965.52         4486.51  
    0.188       363.85          803.55        2273.14         3956.88         4465.93  
    0.194       365.83          800.71        2312.50         3946.87         4454.43  
    0.200       370.53          801.84        2373.20         3921.49         4449.90  
    0.206       377.32          792.19        2438.74         3925.97         4470.87  
    0.213       382.39          783.31        2423.37         3944.21         4491.32  
    0.219       386.90          779.03        2399.91         3929.08         4477.29  
    0.225       387.61          778.66        2380.91         3917.64         4445.94  
    0.231       385.15          765.91        2401.24         3916.08         4437.83  
    0.238       382.78          757.45        2455.30         3941.81         4431.77  
    0.244       381.36          757.47        2497.60         3944.43         4413.18  
    0.250       383.15          758.55        2507.73         3921.98         4454.57  
    0.256       387.61          762.22        2544.37         3926.08         4438.25  
    0.263       385.65          760.02        2611.88         3942.65         4410.36  
    0.269       381.21          754.25        2651.31         3940.02         4423.84  
    0.275       380.59          755.63        2602.85         3917.78         4418.17  
    0.281       377.38          756.40        2571.79         3901.97         4423.51  
    0.288       374.83          757.38        2617.58         3927.71         4449.02  
    0.294       378.48          764.95        2772.75         3959.41         4446.66  
    0.300       385.55          775.20        3103.74         3900.77         4401.43  
    0.306       386.31          784.93        3205.00         3884.56         4418.79  
    0.312       396.49          766.25        3040.24         3916.70         4420.38  
    0.319       215.71          439.66        2759.20         3948.59         4441.56  
    0.325       6.89          14.09        526.59         2649.78         3903.18  
    0.331       0          0        464.54         2446.53         3862.77  
    0.338       0          483.28        1790.26         3795.18         4331.31  
    0.344       0          524.29        2148.54         3847.00         4363.84  
    0.350       0          17.27        611.90         2523.48         3928.50  
    0.356       0          0        607.18         2842.53         3938.92  
    0.363       0          0        643.88         3181.46         3871.89  
    0.369       101.25          641.85        3012.78         3856.43         4389.68  
    0.375       3.44          21.82        746.33         2818.74         3908.78  
    0.381       103.98          640.53        2633.88         3819.30         4393.11  
    0.388       287.94          669.75        2695.39         3851.76         4379.81  
    0.394       305.99          705.42        2744.12         3889.89         4406.82  
    0.400       303.07          708.75        2980.16         3896.56         4466.58  
    0.406       313.55          724.79        3041.74         3879.91         4467.14  
    0.413       332.98          695.43        2815.07         3869.27         4431.15  
    0.419       310.03          731.49        2676.65         3830.87         4484.35  
    0.425       294.15          728.30        2768.37         3821.43         4524.34  
    0.431       288.01          881.10        2924.49         3899.87         4499.73  
    0.438       295.05          1025.66        3158.70         4109.59         5467.08  
    0.444       332.26          1003.20        3222.14         4161.14         5500.00  
    0.450       10.97          432.76        1112.34         3425.82         4490.84  
    0.456       0          796.85        1953.16         3470.80         4649.90  
    0.463       0          847.53        1924.41         3437.81         4514.00  
    0.469       0          27.91        966.42         3433.83         4291.26  
    0.475       352.16          1102.90        3053.52         3932.67         4964.20  
    0.481       251.58          1141.47        3118.40         3863.13         4857.14  
    0.488       8.15          37.53        1171.21         3364.24         4371.18  
    0.494       0          899.72        2005.62         3395.61         4352.44  
    0.500       0          920.17        2136.33         3433.61         4428.88  
    0.506       0          958.14        2311.33         3428.77         4387.59  
    0.513       0          31.55        1092.78         3233.27         3938.19  
    0.519       0          0        979.30         3192.23         4061.43  
    