0.025       307.24          648.23        2681.44         3166.38         5500.00  
    0.031       313.10          643.30        2789.58         3195.11         5500.00  
    0.038       319.84          615.85        2760.91         3677.42         5500.00  
    0.044       80.25          429.11        1099.91         2950.23         4401.83  
    0.050       0          359.11        1423.71         2621.10         3965.21  
    0.056       250.66          979.53        2255.64         3192.33         5110.91  
    0.062       326.98          1184.35        2370.09         3887.12         5500.00  
    0.069       320.02          1159.49        2284.38         4206.58         5500.00  
    0.075       324.13          1150.20        2249.08         4158.76         5500.00  
    0.081       339.38          1137.15        2230.28         4025.76         5500.00  
    0.088       336.62          1112.08        2249.86         3750.50         5332.37  
    0.094       329.54          1125.96        2316.18         3751.70         5232.72  
    0.100       334.06          1106.43        2315.04         4018.20         5000.20  
    0.106       348.45          1006.80        2272.69         3994.18         5357.12  
    0.113       88.02          564.15        1405.73         2857.73         4398.52  
    0.119       0          552.43        1506.98         2638.00         3994.82  
    0.125       0          619.57        1662.90         2699.78         3936.76  
    0.131       0          632.88        1756.65         2645.49         3918.84  
    0.138       0          637.99        1842.97         2710.46         3952.81  
    0.144       0          653.08        1861.07         2779.67         3962.18  
    0.150       0          667.69        1785.95         2813.69         3967.65  
    0.156       0          675.12        1861.89         2897.26         3907.08  
    0.163       0          664.38        1970.41         2996.93         3853.41  
    0.169       0          636.99        1962.94         2900.43         3860.99  
    0.175       0          630.28        1888.72         2867.63         3889.88  
    0.181       0          642.47        1866.15         2894.58         3906.52  
    0.188       0          649.74        1875.37         2993.84         4061.92  
    0.194       0          651.56        1900.22         3042.12         4342.69  
    0.200       0          660.31        1953.30         3067.76         5113.88  
    0.206       0          661.43        1979.93         3188.86         5127.43  
    0.213       0          656.11        1936.44         3207.06         4145.85  
    0.219       0          662.01        1899.37         3014.11         3847.96  
    0.225       0          683.79        2128.62         2806.16         3721.70  
    0.231       23.22          707.65        2200.12         3417.12         5045.41  
    0.238       174.59          714.84        2169.14         3601.76         5182.57  
    0.244       55.52          178.58        1060.93         2531.47         4050.37  
    0.250       0          0        697.68         2134.21         3690.04  
    0.256       245.74          598.78        1773.08         3301.77         4653.79  
    0.263       352.14          825.05        2123.67         3685.48         4873.88  
    0.269       356.33          955.44        2099.09         3705.03         4905.84  
    0.275       355.70          1033.69        2033.32         3657.15         4802.33  
    0.281       352.95          1014.19        2042.30         3670.04         4753.51  
    0.288       87.87          531.69        1923.50         3752.33         4135.69  
    0.294       0          377.23        1810.50         3230.93         3947.35  
    0.300       0          373.16        1844.20         2798.71         3995.36  
    0.306       0          405.41        1828.25         2728.67         4025.87  
    0.312       0          398.26        1841.39         3162.34         3936.37  
    0.319       252.39          1215.16        2105.00         3284.42         5101.74  
    0.325       83.98          615.96        1675.35         2814.40         4463.88  
    0.331       0          314.48        1519.36         2652.83         4093.16  
    0.338       0          300.13        1531.77         2633.46         4031.76  
    0.344       0          290.73        1509.55         2561.49         4008.65  
    0.350       0          288.41        1485.93         2520.90         4023.45  
    0.356       214.27          1128.07        2152.63         3597.83         5132.75  
    0.363       285.11          1381.67        2537.46         3958.87         5500.00  
    0.369       71.14          555.57        1701.43         3029.90         4358.07  
    0.375       207.74          1103.31        2217.68         3622.74         5120.05  
    0.381       271.80          1035.07        2436.13         3736.13         5195.43  
    0.388       270.70          936.28        2381.38         3505.29         4978.37  
    0.394       273.02          1226.94        2329.09         3432.97         4915.49  
    0.400       292.24          1188.63        2472.00         3479.61         5069.84  
    0.406       345.70          1343.87        2862.53         3713.90         5406.10  
    0.413       328.24          1403.92        2640.53         3472.38         5151.28  
    0.419       289.88          1430.12        2599.66         3437.62         5064.37  
    0.425       279.28          1401.47        2568.14         3491.47         4984.87  
    0.431       274.35          1395.82        2524.17         3501.79         4957.91  
    0.438       272.16          1265.89        2518.55         3628.87         5020.92  
    0.444       277.46          1254.69        2610.16         3604.21         4969.27  
    