0.025       66.65          999.55        2059.52         3124.91         3641.56  
    0.031       123.10          980.18        2050.49         3109.08         3643.05  
    0.038       261.80          1099.04        2056.43         3123.35         3628.16  
    0.044       328.74          1321.21        2150.39         3300.47         3688.72  
    0.050       369.82          1344.54        2327.36         3412.53         3807.47  
    0.056       392.88          1112.11        2371.84         3337.23         3834.69  
    0.062       338.02          806.34        2343.87         3229.11         3761.19  
    0.069       310.06          659.05        2423.77         3036.89         3645.80  
    0.075       309.41          644.71        2478.94         3083.66         3515.58  
    0.081       308.13          636.93        2473.49         3254.38         3930.48  
    0.088       309.27          630.16        2483.08         3294.24         4415.38  
    0.094       305.81          632.54        2496.93         3365.57         4443.00  
    0.100       306.99          632.10        2498.24         3421.98         4391.19  
    0.106       311.27          634.76        2501.08         3418.59         4358.45  
    0.113       312.20          650.69        2518.07         3478.92         4108.21  
    0.119       311.74          655.66        2538.93         3096.63         3704.96  
    0.125       310.59          651.80        2529.79         2748.72         3559.85  
    0.131       310.99          645.45        2505.81         2846.67         3576.45  
    0.138       311.88          642.38        2508.71         2764.95         3581.19  
    0.144       311.49          645.35        2531.50         2719.20         3604.30  
    0.150       307.89          643.42        2558.42         2774.62         3629.03  
    0.156       301.96          642.36        2499.99         2675.25         3619.33  
    0.163       296.98          646.29        2257.71         2584.37         3607.97  
    0.169       292.89          647.43        2092.83         2575.57         3605.04  
    0.175       288.97          643.11        2137.03         2574.42         3566.60  
    0.181       289.04          653.11        2211.59         2585.27         3499.92  
    0.188       290.07          674.02        2419.04         2588.78         3649.64  
    0.194       288.39          677.33        2575.11         2707.64         3826.27  
    0.200       287.81          668.16        2567.89         2906.89         3776.68  
    0.206       288.36          661.27        2566.37         3027.18         3737.07  
    0.213       288.57          663.68        2570.66         2975.14         3756.64  
    0.219       289.18          673.00        2572.51         2927.27         3860.92  
    0.225       288.26          670.54        2568.16         3138.03         3920.75  
    0.231       285.15          658.04        2560.40         3199.66         3823.40  
    0.238       283.54          652.95        2559.10         3026.26         3766.33  
    0.244       284.48          657.46        2576.00         2835.64         3685.82  
    0.250       285.40          658.42        2588.70         2681.35         3582.67  
    0.256       286.00          654.75        2580.59         2752.76         3598.45  
    0.263       286.11          654.79        2572.83         2992.80         3728.62  
    0.269       285.87          658.17        2570.78         3126.45         3855.43  
    0.275       286.87          664.25        2568.78         3400.64         4069.96  
    0.281       288.95          671.88        2562.24         3626.00         4247.92  
    0.288       290.22          676.58        2559.01         3544.21         4267.58  
    0.294       290.56          677.30        2563.78         3592.79         4174.51  
    0.300       290.06          678.65        2566.00         3445.69         4027.90  
    0.306       289.98          684.23        2566.48         2984.47         3865.48  
    0.312       289.94          686.87        2565.38         2745.34         3781.05  
    0.319       288.85          683.32        2544.61         2877.24         3786.75  
    0.325       287.58          673.43        2547.68         2919.72         3644.12  
    0.331       286.94          661.93        2528.07         2722.89         3537.37  
    0.338       286.80          655.47        2471.56         2652.81         3559.15  
    0.344       285.85          646.40        2465.15         2664.51         3544.02  
    0.350       285.32          635.72        2537.29         2699.69         3574.84  
    0.356       286.02          631.58        2549.86         2797.12         3669.17  
    0.363       286.88          630.11        2555.25         2757.58         3530.13  
    0.369       286.24          619.82        2391.72         2627.31         3271.48  
    0.375       287.33          616.64        2007.82         2578.35         3155.97  
    0.381       289.11          623.56        1937.22         2591.90         3159.64  
    0.388       289.83          632.36        1969.30         2633.10         3206.68  
    0.394       290.92          638.87        1840.81         2618.32         3163.42  
    0.400       293.36          647.96        1695.33         2560.31         3112.61  
    0.406       295.80          653.84        2097.22         2891.82         4361.26  
    0.413       295.18          652.29        2530.81         3207.83         5056.62  
    0.419       295.33          651.90        2523.32         3185.91         4675.05  
    0.425       298.34          646.21        2498.52         3155.21         4689.13  
    0.431       303.45          632.92        2534.90         3267.60         4668.93  
    0.438       310.44          587.68        2261.62         3091.81         4115.71  
    0.444       305.23          565.38        2178.88         2818.72         3643.42  
    0.450       292.43          593.93        2387.74         2808.05         3827.97  
    0.456       284.68          621.41        2386.20         2850.15         3965.71  
    0.463       283.08          593.25        2235.60         2876.91         3896.68  
    0.469       293.05          477.78        2008.03         2893.18         3762.78  
    0.475       143.70          367.30        1886.40         2630.59         3422.04  
    0.481       0          159.25        1048.33         2185.53         3155.84  
    0.488       0          170.88        1133.06         2537.62         3945.50  
    