0.025       549.16          1527.06        2490.33         3899.52         5126.35  
    0.031       525.57          838.75        2487.98         3891.06         5092.59  
    0.038       223.13          560.23        2517.58         3821.03         5078.06  
    0.044       29.73          106.10        989.61         2823.36         4099.70  
    0.050       267.15          608.79        2394.84         3672.94         4949.79  
    0.056       344.11          757.96        2844.01         3968.44         5069.11  
    0.062       348.09          753.83        2710.42         4021.69         5020.14  
    0.069       330.54          748.56        2734.60         3895.31         4918.78  
    0.075       305.02          752.30        2837.71         3670.14         4791.01  
    0.081       299.33          768.84        2690.89         3623.21         4738.31  
    0.088       302.29          780.57        2650.04         3669.39         4650.37  
    0.094       300.13          778.05        2732.17         3610.84         4822.03  
    0.100       292.95          774.19        2787.09         3551.43         4872.37  
    0.106       289.46          769.78        2784.00         3570.34         4787.66  
    0.113       286.15          761.80        2763.15         3572.99         4852.00  
    0.119       283.15          742.25        2660.28         3568.60         4864.60  
    0.125       281.48          722.65        2642.25         3507.96         4764.02  
    0.131       281.95          715.72        2688.02         3490.28         4775.02  
    0.138       279.86          712.71        2655.97         3480.07         4769.59  
    0.144       278.96          691.03        2616.26         3483.98         4738.12  
    0.150       275.91          664.00        2593.62         3541.18         4721.27  
    0.156       274.84          662.33        2570.22         3580.41         4695.43  
    0.163       275.47          667.62        2581.17         3666.07         4708.33  
    0.169       276.77          674.66        2631.15         3618.58         4732.23  
    0.175       277.46          677.20        2601.77         3558.88         4720.97  
    0.181       278.96          668.61        2562.86         3525.63         4712.65  
    0.188       277.69          668.53        2589.36         3585.38         4682.95  
    0.194       277.01          663.67        2620.57         3629.60         4685.36  
    0.200       276.34          657.81        2620.22         3684.11         4745.45  
    0.206       276.59          647.78        2629.99         3676.92         4785.13  
    0.213       277.90          648.94        2695.57         3750.27         4731.03  
    0.219       278.75          646.77        2842.90         3726.21         4752.84  
    0.225       280.99          653.31        2968.17         3740.37         4742.65  
    0.231       275.25          656.60        2911.69         3685.38         4656.83  
    0.238       272.24          664.11        2993.09         3424.74         4614.28  
    0.244       276.70          679.21        2893.22         3354.67         4639.55  
    0.250       280.39          695.09        3215.67         3365.51         4639.53  
    0.256       278.34          704.65        3045.70         3900.99         4543.36  
    0.263       279.19          707.47        2809.10         3516.45         4557.85  
    0.269       281.36          705.51        2653.27         3365.51         4609.01  
    0.275       278.38          695.90        2711.78         3463.33         4693.30  
    0.281       277.63          626.86        2824.81         3662.77         4722.58  
    0.288       265.41          612.81        2737.12         3665.11         4623.37  
    0.294       242.51          639.37        2695.51         3684.73         4644.21  
    0.300       201.86          649.82        2695.89         3726.96         4787.84  
    0.306       197.23          732.18        2701.16         3818.88         4931.05  
    0.312       208.23          718.23        2813.17         3898.65         4940.85  
    0.319       188.20          798.33        2684.21         3756.86         4820.84  
    0.325       170.04          881.65        2547.83         3764.05         4752.28  
    0.331       160.75          873.62        2557.59         3758.06         4693.41  
    0.338       175.81          978.40        2291.33         3726.53         4792.12  
    0.344       193.24          1182.37        2232.52         3634.72         5364.70  
    0.350       184.93          1251.54        2242.92         3634.96         5500.00  
    0.356       179.13          1397.02        2160.52         3810.57         5500.00  
    0.363       322.80          1448.31        1813.75         2428.27         4453.11  
    0.369       380.28          1406.26        1915.60         2087.25         4715.01  
    0.375       76.69          595.11        1474.18         2076.04         4197.42  
    0.381       0          339.69        1335.44         2051.62         3983.92  
    0.388       125.44          1016.52        1820.46         3572.67         4665.57  
    0.394       148.56          1493.23        1997.87         3926.62         4662.46  
    