0.025       352.16          870.01        2717.80         3846.81         4874.46  
    0.031       347.23          620.50        2719.55         3817.64         4955.59  
    0.038       334.77          519.99        2704.69         3728.42         5021.09  
    0.044       349.58          510.78        2724.09         3693.90         5046.11  
    0.050       357.30          469.53        2732.28         3679.96         5056.58  
    0.056       357.01          469.80        2714.02         3671.09         5011.30  
    0.062       357.94          479.82        2714.47         3730.71         4999.19  
    0.069       359.32          464.39        2744.42         3746.15         5033.91  
    0.075       362.50          443.36        2764.07         3742.14         5060.68  
    0.081       370.23          398.14        2765.31         3817.51         5060.53  
    0.088       368.30          395.18        2768.60         3956.71         5048.25  
    0.094       357.42          454.54        2772.85         3938.19         5043.26  
    0.100       349.17          503.11        2770.92         3824.74         5057.77  
    0.106       356.13          478.56        2776.75         3752.69         5063.10  
    0.113       362.00          457.31        2786.11         3720.07         5060.57  
    0.119       364.26          470.76        2792.29         3759.21         5052.66  
    0.125       364.95          473.55        2796.42         3769.33         5081.70  
    0.131       362.64          463.98        2783.25         3679.10         5120.76  
    0.138       364.27          459.74        2774.91         3667.14         5129.11  
    0.144       369.53          457.57        2796.22         3752.60         5117.18  
    0.150       369.86          468.16        2806.33         3818.76         5148.28  
    0.156       370.32          482.42        2809.50         3831.69         5162.08  
    0.163       375.92          475.93        2828.96         3761.86         5115.30  
    0.169       379.23          477.09        2861.28         3807.82         5102.42  
    0.175       384.48          481.87        2891.71         3929.56         5094.35  
    0.181       379.50          502.95        2913.89         3977.57         5114.36  
    0.188       371.89          515.83        2954.41         3856.21         5155.52  
    0.194       370.80          511.66        2968.49         3603.38         5167.41  
    0.200       373.49          497.02        2914.29         3500.14         5175.51  
    0.206       380.97          461.93        2847.60         3567.19         5177.08  
    0.213       385.88          440.37        2824.76         3656.60         5145.91  
    0.219       373.12          448.99        2767.79         3564.98         5099.32  
    0.225       346.60          461.54        2677.37         3444.11         5243.54  
    0.231       316.95          491.86        2638.46         3400.00         5314.22  
    0.238       297.29          534.68        2648.28         3405.22         5259.08  
    0.244       292.91          564.20        2671.86         3383.06         5282.47  
    0.250       306.32          577.47        2675.79         3352.89         5364.50  
    0.256       327.21          583.57        2631.91         3349.13         5366.95  
    0.263       326.74          591.57        2574.79         3391.26         5328.90  
    0.269       303.53          602.42        2552.77         3417.44         5296.66  
    0.275       294.48          596.60        2534.00         3373.06         5294.34  
    0.281       300.63          600.91        2504.83         3382.82         5285.63  
    0.288       305.48          628.20        2495.24         3487.67         5280.56  
    0.294       298.88          657.84        2518.63         3540.80         5270.53  
    0.300       274.00          678.25        2516.10         3557.38         5250.76  
    0.306       248.75          690.66        2489.08         3540.97         5250.98  
    0.312       238.00          700.04        2469.43         3532.47         5260.08  
    0.319       243.39          686.18        2462.73         3598.75         5178.67  
    0.325       256.93          646.03        2520.95         3598.95         5064.95  
    0.331       265.08          647.50        2628.53         3555.72         5033.45  
    0.338       252.11          645.56        2665.64         3583.18         4994.40  
    0.344       82.57          215.95        1301.94         2936.71         4210.59  
    0.350       0          0        573.18         2647.36         3849.23  
    0.356       0          0        452.33         2646.49         3794.16  
    0.363       0          0        315.41         2620.69         3849.77  
    0.369       0          176.82        1740.01         3432.44         4495.75  
    0.375       0          90.04        1025.14         2963.84         4108.66  
    0.381       0          189.51        1723.18         2971.49         4176.07  
    0.388       0          268.81        2473.84         3178.70         4300.98  
    0.394       0          291.51        2534.76         3094.11         4141.79  
    0.400       0          333.77        2343.02         3273.35         4706.66  
    