0.025       0          0        487.83         2129.27         3818.02  
    0.031       263.55          569.27        1940.04         3240.70         4311.85  
    0.038       392.32          824.27        2840.37         3796.75         4508.98  
    0.044       360.52          771.88        2717.61         3783.76         4632.04  
    0.050       336.11          772.19        2653.47         3767.68         4631.54  
    0.056       329.45          780.16        2661.41         3769.31         4520.02  
    0.062       333.09          764.35        2749.18         3798.10         4389.70  
    0.069       338.92          726.97        2728.18         3795.34         4285.08  
    0.075       343.73          719.93        2691.42         3752.37         4263.26  
    0.081       349.76          726.65        2723.07         3757.03         4263.25  
    0.088       356.67          735.63        2725.63         3730.58         4253.61  
    0.094       362.72          744.10        2682.17         3695.70         4267.77  
    0.100       365.76          747.53        2674.93         3658.97         4291.74  
    0.106       366.09          749.39        2692.31         3639.35         4296.98  
    0.113       365.07          750.93        2680.41         3636.80         4301.74  
    0.119       364.57          751.98        2666.46         3636.48         4292.97  
    0.125       364.63          750.87        2664.83         3679.25         4323.74  
    0.131       363.74          745.69        2727.15         3723.00         4448.10  
    0.138       361.96          741.72        2733.45         3765.78         4515.22  
    0.144       362.29          734.50        2641.16         3710.66         4399.07  
    0.150       363.75          714.43        2587.39         3675.79         4287.66  
    0.156       362.98          707.61        2653.11         3667.61         4278.55  
    0.163       360.90          718.02        2660.92         3659.26         4259.62  
    0.169       359.19          720.30        2634.37         3691.08         4234.10  
    0.175       356.99          719.21        2700.15         3714.74         4305.72  
    0.181       354.73          715.54        2725.97         3690.93         4421.38  
    0.188       352.31          715.60        2688.57         3685.53         4407.97  
    0.194       349.57          717.47        2652.13         3665.45         4293.78  
    0.200       347.38          716.43        2615.88         3628.99         4193.06  
    0.206       347.12          714.66        2581.73         3646.79         4193.66  
    0.213       347.93          712.08        2546.36         3655.85         4201.05  
    0.219       347.72          704.76        2579.62         3634.64         4211.64  
    0.225       346.66          697.52        2631.96         3611.03         4207.98  
    0.231       343.81          693.43        2634.23         3628.98         4248.68  
    0.238       338.48          683.65        2622.47         3680.45         4301.92  
    0.244       331.76          672.35        2633.85         3719.70         4300.16  
    0.250       326.72          665.69        2651.70         3728.54         4370.34  
    0.256       325.75          661.24        2659.39         3694.13         4462.92  
    0.263       328.24          669.36        2705.99         3700.95         4418.55  
    0.269       329.69          671.77        2597.35         3713.57         4276.68  
    0.275       327.15          660.29        2505.44         3694.59         4085.49  
    0.281       334.78          634.44        2526.19         3715.13         4076.66  
    0.288       344.12          626.54        2553.36         3777.17         4130.31  
    0.294       355.89          631.17        2553.91         3828.53         4026.72  
    0.300       360.17          640.99        2556.17         3765.40         3974.67  
    0.306       366.36          626.77        2544.60         3700.53         4032.87  
    0.312       355.99          612.40        2534.50         3764.52         4094.31  
    0.319       342.64          628.49        2491.27         3840.63         4361.55  
    0.325       339.10          666.73        2479.98         3863.97         4604.96  
    