0.025       0          696.19        2106.85         3355.41         4373.71  
    0.031       493.18          1736.60        2084.57         3881.34         4744.48  
    0.038       155.66          983.22        2150.64         3980.87         4296.19  
    0.044       0          153.97        825.51         2800.18         4029.87  
    0.050       0          0        384.51         2630.35         4162.37  
    0.056       228.93          543.78        2156.14         3768.98         4763.81  
    0.062       303.62          763.86        2771.98         4083.50         4785.78  
    0.069       309.63          788.12        3086.32         3557.84         4654.78  
    0.075       314.69          780.22        2795.57         3457.62         4625.57  
    0.081       317.48          790.77        3047.23         4195.91         4632.65  
    0.088       76.30          432.98        1366.87         3461.14         4653.59  
    0.094       0          317.33        800.52         3028.13         4592.86  
    0.100       241.59          677.17        2345.63         4328.41         5277.33  
    0.106       76.25          429.28        1274.57         3240.04         4539.46  
    0.113       0          313.30        780.01         2788.86         4568.07  
    0.119       0          311.71        776.96         2861.41         4705.97  
    0.125       0          311.16        775.96         2846.60         4486.37  
    0.131       0          312.25        773.77         2795.24         4277.14  
    0.138       0          312.09        769.53         2842.68         4177.99  
    0.144       0          311.42        767.07         2958.44         4236.27  
    0.150       0          309.32        765.02         2997.43         4289.21  
    0.156       233.67          651.77        2399.38         3880.44         5211.71  
    0.163       73.75          415.90        1276.54         3121.00         4595.40  
    0.169       231.64          650.33        2273.89         3913.15         5214.48  
    0.175       300.46          756.29        2736.96         3927.62         5500.00  
    0.181       294.42          754.04        2804.36         4039.71         5500.00  
    0.188       70.28          400.68        1249.37         3034.65         4583.63  
    0.194       0          290.41        750.69         2791.21         4298.14  
    0.200       0          295.81        749.22         2970.79         4307.11  
    0.206       0          299.49        748.49         3081.43         4327.83  
    0.213       0          291.71        746.52         3107.08         4344.98  
    0.219       0          291.93        745.44         3036.16         4352.59  
    0.225       0          293.11        745.11         2943.00         4334.05  
    0.231       0          294.84        748.06         2860.48         4304.17  
    0.238       0          298.10        748.20         2866.51         4281.15  
    0.244       0          293.09        745.57         2932.21         4283.46  
    0.250       0          294.33        744.73         2988.52         4326.25  
    0.256       0          298.72        744.17         2952.96         4340.84  
    0.263       0          301.33        741.17         2983.66         4338.03  
    0.269       0          295.71        741.19         3029.42         4359.35  
    0.275       231.75          634.49        2455.32         4159.92         5228.04  
    0.281       73.15          404.53        1284.70         3446.72         4689.51  
    0.288       0          290.88        740.51         3027.48         4364.20  
    0.294       0          293.53        737.31         2910.10         4341.73  
    0.300       0          298.03        741.88         2953.12         4350.63  
    0.306       0          299.67        741.47         2990.26         4391.02  
    0.312       230.84          633.68        2257.80         3987.98         5236.79  
    0.319       72.86          410.50        1217.17         3152.72         4572.66  
    0.325       0          309.45        739.64         2851.57         4292.16  
    0.331       0          304.85        742.90         2969.18         4333.25  
    0.338       0          303.84        741.12         3004.64         4397.05  
    0.344       0          312.18        741.25         3026.77         4411.66  
    0.350       0          318.00        740.75         2968.97         4401.13  
    0.356       0          316.85        736.22         3047.45         4404.31  
    0.363       0          317.52        737.78         3102.82         4421.46  
    0.369       0          315.86        735.23         2999.09         4416.76  
    0.375       0          316.60        741.07         2924.60         4406.37  
    0.381       0          316.09        744.27         2934.28         4403.71  
    0.388       0          316.91        739.89         2895.03         4404.80  
    0.394       0          317.40        738.18         2925.62         4405.41  
    0.400       241.46          636.87        2418.11         4054.91         5237.41  
    0.406       76.21          416.09        1267.88         3289.05         4671.63  
    0.413       0          313.59        740.80         2933.21         4425.60  
    0.419       0          312.03        741.51         2987.20         4426.40  
    0.425       0          311.92        744.74         3005.33         4418.27  
    0.431       0          311.63        744.24         2978.59         4402.53  
    0.438       0          309.71        746.93         2957.64         4351.54  
    0.444       0          305.60        742.91         2932.55         4346.01  
    0.450       0          300.25        739.96         2999.53         4381.98  
    0.456       224.46          627.65        2290.98         4067.19         5234.28  
    0.463       275.88          713.18        2728.71         4372.76         5500.00  
    0.469       261.27          713.96        2760.91         4326.89         5500.00  
    0.475       248.34          696.14        2717.81         4206.18         4619.49  
    0.481       235.16          692.88        2665.82         4207.27         4374.14  
    0.488       223.64          705.25        2757.90         4373.73         5232.36  
    0.494       227.28          654.25        2732.96         4359.44         5500.00  
    0.500       225.67          463.57        2558.48         4074.15         4706.85  
    0.506       206.51          669.92        2445.32         3912.17         4484.77  
    0.513       197.44          747.14        2414.19         3933.30         4465.61  
    0.519       47.11          178.85        887.07         2592.38         3893.80  
    0.525       0          0        523.18         2312.24         3729.18  
    0.531       0          0        633.74         2440.23         3702.75  
    0.537       0          0        599.44         2427.48         3662.63  
    0.544       0          0        612.61         2442.01         3766.62  
    0.550       307.41          878.39        2010.61         3508.78         4588.88  
    0.556       394.51          1009.46        2441.37         3734.36         4777.06  
    0.562       93.90          231.11        1023.22         2705.75         3979.34  
    0.569       0          0        463.79         2403.98         3838.32  
    0.575       127.30          795.27        1942.19         3584.12         4609.43  
    0.581       183.90          997.68        2417.07         3951.21         4783.34  
    0.588       244.75          818.09        2555.98         3913.01         4738.78  
    