0.025       0          645.84        2506.55         4048.25         4539.53  
    0.031       0          93.73        883.19         2755.24         4086.88  
    0.038       328.84          463.35        2213.56         3778.27         4481.83  
    0.044       343.63          699.76        2497.20         4214.87         4552.54  
    0.050       338.78          759.60        2498.66         4137.84         4525.99  
    0.056       332.27          762.66        2486.31         4153.32         4534.28  
    0.062       346.31          714.26        2509.40         4135.38         4535.63  
    0.069       346.03          652.09        2483.32         4361.91         4526.18  
    0.075       340.23          679.51        2467.10         4357.29         4519.94  
    0.081       341.21          720.14        2492.80         4178.37         4519.36  
    0.088       343.35          714.36        2585.52         4145.53         4510.38  
    0.094       344.40          702.09        2492.28         3820.68         4548.11  
    0.100       347.90          709.11        2442.98         3674.54         4535.97  
    0.106       352.04          730.73        2439.09         3664.19         4543.40  
    0.113       352.30          745.68        2445.51         3681.22         4548.81  
    0.119       350.31          751.66        2441.23         3688.30         4539.75  
    0.125       347.96          754.54        2447.01         3673.55         4584.04  
    0.131       347.67          756.91        2456.35         3674.21         4628.80  
    0.138       345.20          762.90        2460.04         3662.57         4656.85  
    0.144       339.42          769.19        2457.40         3641.14         4594.41  
    0.150       334.65          772.48        2461.21         3644.15         4551.05  
    0.156       332.68          773.82        2468.06         3647.77         4571.95  
    0.163       332.28          774.79        2471.42         3651.26         4625.75  
    0.169       332.97          777.19        2473.43         3654.56         4618.43  
    0.175       335.92          778.45        2473.04         3661.39         4616.93  
    0.181       340.23          771.64        2477.56         3664.45         4624.07  
    0.188       341.29          783.79        2474.62         3630.46         4619.10  
    0.194       343.35          790.54        2465.45         3620.52         4618.57  
    0.200       346.63          788.08        2452.61         3613.29         4610.08  
    0.206       346.92          780.76        2441.45         3619.38         4643.96  
    0.213       338.80          775.27        2444.23         3623.62         4755.50  
    0.219       336.55          781.99        2450.52         3635.21         4817.49  
    0.225       342.31          789.84        2445.63         3647.79         4813.94  
    0.231       348.87          795.64        2443.10         3645.23         4849.78  
    0.238       347.17          788.88        2456.40         3651.81         4808.67  
    0.244       350.43          792.32        2452.28         3644.61         4789.56  
    0.250       355.26          800.31        2443.58         3640.82         4703.61  
    0.256       357.33          803.07        2452.78         3624.23         4618.13  
    0.263       359.69          802.62        2450.88         3642.82         4647.66  
    0.269       362.84          802.72        2461.77         3649.87         4764.62  
    0.275       364.76          802.87        2451.38         3640.14         4682.69  
    0.281       365.32          803.07        2441.13         3638.54         4605.88  
    0.288       366.87          804.21        2444.79         3649.39         4657.86  
    0.294       367.05          806.19        2440.74         3659.68         4672.70  
    0.300       367.70          806.02        2438.99         3685.07         4733.86  
    0.306       367.83          807.67        2444.08         3785.41         4707.94  
    0.312       369.02          809.50        2455.19         3782.77         4567.07  
    0.319       369.26          810.43        2457.36         3662.60         4518.95  
    0.325       369.93          810.46        2461.10         3649.66         4532.87  
    0.331       369.93          808.72        2468.44         3678.85         4553.52  
    0.338       370.11          800.90        2467.75         3723.29         4539.17  
    0.344       372.28          759.57        2460.67         3702.83         4540.73  
    0.350       372.20          723.77        2459.26         3734.11         4576.14  
    0.356       369.27          748.82        2460.82         4055.73         4561.72  
    0.363       367.17          761.19        2435.63         4207.56         4543.23  
    0.369       360.74          720.48        2441.81         4256.23         4519.91  
    0.375       339.39          736.09        2459.84         4152.79         4521.34  
    0.381       323.82          703.64        2459.18         3750.42         4528.73  
    0.388       293.50          771.94        2547.61         3659.20         4627.25  
    0.394       261.01          801.16        2570.76         3626.36         4808.53  
    0.400       304.74          700.37        2571.59         3567.03         4715.98  
    