0.025       434.76          767.71        2855.25         3524.50         4636.96  
    0.031       436.70          768.48        2870.97         3521.49         4632.50  
    0.038       445.28          769.35        2888.68         3528.86         4613.86  
    0.044       449.59          765.02        2887.91         3548.91         4599.17  
    0.050       449.15          764.08        2864.76         3564.00         4600.93  
    0.056       445.61          765.09        2848.64         3551.22         4604.41  
    0.062       443.82          763.44        2844.80         3537.36         4615.97  
    0.069       439.98          762.54        2850.58         3535.31         4631.77  
    0.075       437.78          759.23        2850.21         3538.12         4638.83  
    0.081       436.70          756.68        2835.12         3536.80         4633.26  
    0.088       437.06          754.93        2852.74         3533.45         4633.30  
    0.094       437.50          754.73        2903.04         3540.61         4640.87  
    0.100       431.54          758.43        2925.70         3566.44         4636.71  
    0.106       423.57          757.65        2911.30         3578.65         4630.67  
    