0.025       270.94          1823.01        2917.62         3877.67         4909.35  
    0.031       353.69          1794.31        2888.46         3899.64         4894.78  
    0.038       419.07          1040.56        2854.59         3942.19         4817.81  
    0.044       394.45          545.21        2759.30         4018.54         4625.98  
    0.050       378.00          580.66        2695.10         4270.55         4483.51  
    0.056       379.86          564.43        2698.05         4440.45         4578.28  
    0.062       375.52          570.15        2682.29         4451.12         4606.92  
    0.069       372.05          597.33        2605.49         4400.12         4533.21  
    0.075       372.53          625.89        2532.98         4350.27         4518.61  
    0.081       374.62          653.38        2583.71         4350.36         4528.28  
    0.088       377.17          677.41        2679.82         4347.24         4501.49  
    0.094       379.27          682.74        2719.30         4325.25         4487.98  
    0.100       380.11          681.41        2730.23         4303.38         4493.54  
    0.106       382.82          676.79        2729.61         4277.69         4474.22  
    0.113       390.36          646.24        2706.92         4257.15         4452.16  
    0.119       394.68          617.51        2679.14         4255.66         4449.67  
    0.125       388.96          614.08        2663.56         4264.44         4454.28  
    0.131       387.59          601.33        2661.52         4255.71         4442.27  
    0.138       387.48          582.85        2685.29         4222.72         4411.02  
    0.144       384.84          593.91        2729.57         4205.41         4403.81  
    0.150       393.07          617.50        2811.95         4175.62         4379.60  
    0.156       396.84          634.52        2826.78         4176.95         4369.26  
    0.163       378.64          646.33        2787.14         4203.92         4394.19  
    0.169       353.49          655.03        2756.85         4200.31         4412.15  
    0.175       339.06          659.96        2739.34         4173.97         4373.34  
    0.181       343.46          662.89        2734.69         4140.11         4330.49  
    0.188       355.61          666.49        2749.23         4129.40         4333.26  
    0.194       352.69          670.54        2787.18         4139.30         4345.87  
    0.200       326.03          675.83        2881.37         4134.65         4357.10  
    0.206       295.49          681.76        2877.18         4140.23         4367.96  
    0.213       282.71          685.35        2806.98         4142.98         4375.47  
    0.219       285.64          684.95        2772.16         4139.11         4376.46  
    0.225       290.56          683.22        2718.49         4147.52         4373.06  
    0.231       289.13          681.27        2698.42         4144.04         4367.79  
    0.238       285.64          678.84        2719.15         4134.85         4352.93  
    0.244       288.96          676.27        2763.36         4127.78         4331.47  
    0.250       294.65          673.64        2767.81         4118.06         4317.27  
    0.256       299.21          669.42        2733.00         4155.79         4323.35  
    0.263       302.18          664.52        2688.21         4191.19         4351.78  
    0.269       301.22          660.07        2645.20         4178.99         4353.76  
    0.275       302.29          654.38        2626.80         4156.20         4355.02  
    0.281       310.03          646.07        2621.34         4100.80         4358.49  
    0.288       320.92          637.30        2610.02         4048.50         4339.14  
    0.294       330.31          629.84        2595.76         4067.52         4318.17  
    0.300       332.85          627.53        2597.17         4143.47         4305.48  
    0.306       327.78          627.91        2602.75         4197.83         4301.09  
    0.312       318.62          622.53        2614.85         4197.99         4321.28  
    0.319       315.11          605.14        2620.63         4165.99         4353.73  
    0.325       325.41          593.31        2610.37         4169.43         4336.66  
    0.331       336.37          590.66        2596.21         4211.09         4297.43  
    0.338       335.33          592.07        2578.70         4220.72         4262.49  
    0.344       327.62          596.51        2559.36         4193.93         4248.32  
    0.350       326.88          606.90        2544.70         4161.07         4245.04  
    0.356       335.53          624.71        2550.80         4171.61         4226.49  
    0.363       343.33          653.65        2560.52         4179.19         4224.01  
    0.369       336.07          677.98        2545.48         4188.21         4226.95  
    0.375       314.77          683.14        2515.77         4201.95         4218.94  
    0.381       306.58          682.79        2511.75         4158.11         4225.71  
    0.388       314.14          677.85        2524.78         4116.71         4236.22  
    0.394       310.41          666.52        2538.07         4104.40         4233.07  
    0.400       298.69          653.02        2540.63         4123.85         4231.66  
    0.406       298.00          639.62        2525.79         4184.88         4351.40  
    0.413       307.59          630.97        2511.61         4230.52         4531.60  
    0.419       309.78          619.74        2513.50         4243.99         4684.94  
    0.425       299.87          607.71        2523.88         4239.08         4725.74  
    0.431       294.08          600.47        2533.20         4232.34         4600.14  
    0.438       292.48          593.00        2540.48         4230.15         4446.53  
    0.444       289.36          586.75        2541.65         4240.39         4471.25  
    0.450       286.65          586.42        2528.20         4249.15         4592.64  
    0.456       288.01          589.71        2514.70         4242.17         4603.56  
    0.463       285.89          590.12        2508.62         4270.68         4504.04  
    0.469       283.78          591.36        2504.13         4125.20         4452.99  
    0.475       283.52          593.57        2505.06         3814.93         4430.06  
    0.481       281.76          595.78        2500.65         3639.84         4355.53  
    0.488       282.64          594.09        2487.90         3826.38         4328.24  
    0.494       285.03          594.97        2475.76         3966.26         4615.82  
    0.500       285.37          606.90        2478.93         3891.82         4819.46  
    0.506       286.45          620.40        2499.75         3840.43         4788.85  
    0.513       287.70          635.54        2503.28         3839.07         4699.96  
    0.519       291.12          643.45        2503.82         3892.64         4619.98  
    0.525       297.70          640.08        2502.98         3941.99         4636.43  
    0.531       307.30          629.22        2494.95         3948.07         4723.13  
    0.537       326.69          614.87        2497.68         3872.78         4798.25  
    0.544       340.33          624.29        2494.17         3710.18         4868.18  
    0.550       334.32          627.97        2494.54         3721.18         4858.89  
    0.556       329.67          625.59        2431.27         3765.44         4803.45  
    0.562       343.96          635.53        2364.26         3695.01         4810.76  
    0.569       356.51          621.58        2417.36         3675.69         5009.61  
    0.575       340.59          580.06        2261.03         3067.75         5347.75  
    0.581       140.78          416.65        1280.02         2529.24         4508.94  
    0.588       176.86          467.51        1705.81         3107.07         4407.29  
    