0.025       834.55          1609.72        2880.07         4088.56         5076.00  
    0.031       807.68          1801.82        2450.70         4029.82         5033.57  
    0.038       42.78          1134.73        2425.38         3223.41         4475.08  
    0.044       0          1010.84        2297.40         3186.62         4394.10  
    0.050       0          819.76        2077.47         3175.98         4317.63  
    0.056       0          1023.35        2247.51         3264.87         4372.17  
    0.062       0          886.31        2000.40         3229.92         4305.42  
    0.069       666.53          1710.53        3041.84         4075.81         5358.90  
    0.075       848.75          1648.67        2753.70         3820.81         5118.89  
    0.081       45.47          1073.77        2281.09         3587.20         4850.50  
    0.088       0          1009.01        2167.96         3548.63         4696.38  
    0.094       0          1112.58        2182.17         3245.07         4685.09  
    0.100       0          1125.54        2453.84         3192.42         4401.24  
    0.106       0          1248.51        2576.37         3735.97         4662.61  
    0.113       577.07          1518.20        2807.74         3761.46         4868.39  
    0.119       685.83          1751.99        2863.95         3672.61         4893.93  
    0.125       36.62          893.23        2150.01         3357.62         4572.51  
    0.131       0          781.89        1948.44         3154.35         4271.19  
    0.138       759.76          1435.45        2628.44         3749.87         4870.15  
    0.144       860.24          1423.72        2591.93         3690.72         4819.92  
    0.150       45.82          75.40        1274.20         2521.51         3702.14  
    0.156       992.08          1077.11        2385.74         3609.81         4965.40  
    0.163       553.71          1719.18        2918.31         3963.69         5475.58  
    0.169       27.91          703.19        1979.83         3236.61         4401.35  
    0.175       772.73          1914.56        3152.32         4070.66         5438.44  
    0.181       43.30          1165.43        2327.55         3487.10         4510.10  
    0.188       0          1165.03        2265.12         3341.79         4370.83  
    0.194       0          1401.43        2154.72         2894.18         4290.83  
    0.200       0          1262.81        2656.71         2783.41         4349.18  
    0.206       527.80          1894.10        3062.23         3718.67         4869.61  
    0.213       602.65          1839.27        3020.79         3901.30         5468.09  
    0.219       32.11          895.25        2080.21         3411.44         4557.24  
    0.225       0          1279.89        2485.07         3687.10         4802.98  
    0.231       0          1263.29        2487.74         3746.81         4834.98  
    0.238       0          1109.40        2381.24         3634.40         4808.38  
    0.244       713.91          1843.05        2931.06         3873.91         5049.19  
    0.250       679.89          1818.51        3083.33         4213.67         5476.80  
    0.256       725.05          1725.75        2927.94         3825.63         4771.22  
    0.263       698.83          1623.24        2943.35         3696.50         4839.99  
    0.269       36.99          1588.23        2154.54         3553.60         3842.90  
    0.275       0          1156.52        1967.79         3384.05         4183.94  
    0.281       889.40          1695.22        2991.58         4262.33         5431.35  
    0.288       734.47          1661.46        2972.88         4167.61         5500.00  
    0.294       38.36          87.97        1590.56         3035.00         4100.25  
    0.300       745.30          1532.91        2708.47         3746.36         4932.31  
    0.306       858.09          1110.85        2456.63         3791.29         4982.12  
    0.312       45.74          1123.27        2412.62         3562.94         4866.29  
    0.319       785.52          2140.07        2293.94         3413.60         4989.14  
    0.325       44.02          1257.99        2403.06         3520.08         4834.43  
    0.331       648.55          1524.66        2681.90         3781.77         5008.07  
    0.338       670.39          1650.30        2798.73         3803.48         4838.68  
    0.344       745.75          1818.57        2929.17         3689.13         4778.36  
    0.350       764.74          1829.42        2914.80         3858.00         4875.26  
    0.356       727.51          1941.04        2860.06         4137.27         4908.16  
    0.363       38.49          1409.56        2640.92         3274.62         4483.98  
    0.369       0          1274.11        2357.50         3418.38         4386.00  
    0.375       0          1314.22        2385.50         3439.27         4458.18  
    0.381       0          1518.00        2504.32         3836.13         4888.62  
    0.388       171.38          1624.87        2710.55         3998.04         5332.18  
    0.394       866.98          1476.62        2983.55         3992.82         5492.34  
    0.400       48.04          1158.88        2383.06         3351.37         4436.28  
    0.406       579.68          1811.63        2787.23         4007.70         4981.93  
    0.413       692.92          1844.11        3071.05         3623.76         4902.94  
    0.419       37.01          1318.52        2301.49         3380.26         4391.14  
    0.425       0          1347.00        2368.50         3371.89         4223.01  
    0.431       0          1646.22        2023.85         3379.98         4334.49  
    0.438       608.34          1790.31        3115.86         4159.88         5438.51  
    0.444       34.09          1115.81        2185.26         3236.94         4271.74  
    0.450       0          1143.12        2304.45         3273.37         4276.89  
    0.456       476.94          1489.60        2681.04         3849.15         4797.05  
    0.463       820.43          1534.66        2761.73         3900.34         4908.40  
    0.469       44.48          1064.77        2270.13         3120.13         4257.53  
    0.475       0          1141.06        2259.81         3765.15         4118.63  
    0.481       0          1102.75        2259.39         3557.72         4381.75  
    0.488       0          954.67        2270.93         3323.68         4227.89  
    0.494       0          989.46        2216.75         3206.10         4242.30  
    0.500       0          942.33        2162.22         3245.75         4280.81  
    0.506       0          988.60        2256.40         3071.82         4417.03  
    0.513       491.00          1535.50        2804.43         4040.02         5442.94  
    0.519       570.26          1609.79        2975.93         4124.20         5500.00  
    0.525       596.23          1627.45        2877.36         3884.45         4999.05  
    0.531       285.73          1581.23        2792.61         3807.49         4895.75  
    0.537       14.23          83.76        1674.75         2846.73         3875.36  
    0.544       0          252.41        1964.73         3341.73         4356.82  
    0.550       283.43          1612.66        2649.51         4078.95         5440.94  
    0.556       295.99          1635.91        2617.93         3933.24         4918.71  
    0.562       312.60          1107.69        2525.69         3957.37         5467.43  
    0.569       16.64          432.50        2625.65         2820.97         4162.77  
    0.575       336.07          552.96        2632.93         4083.33         5055.17  
    0.581       346.98          620.87        2581.76         4096.30         4939.24  
    0.588       18.39          376.54        2267.54         3140.93         4138.25  
    0.594       0          332.64        2092.35         3281.77         4077.50  
    0.600       0          411.10        2452.15         4005.04         4775.56  
    0.606       0          22.05        586.48         2822.08         4105.97  
    0.613       325.18          623.52        2661.09         3943.75         4892.79  
    0.619       366.86          526.52        2715.74         3993.01         4910.07  
    0.625       19.54          27.55        565.78         2714.01         4075.20  
    0.631       345.87          517.87        2547.22         3959.33         4623.69  
    0.638       241.08          469.95        2641.25         4036.89         4696.39  
    0.644       337.03          684.08        2843.34         4043.88         4845.19  
    0.650       346.97          726.80        2968.36         4086.75         5465.69  
    0.656       18.42          38.66        635.51         2928.37         4118.16  
    0.663       0          0        510.46         2632.45         4034.11  
    0.669       316.10          779.44        2599.10         3951.52         4713.25  
    0.675       339.16          771.80        2698.32         3991.84         4982.78  
    0.681       334.95          673.38        2663.20         4010.22         5473.24  
    0.688       17.76          343.66        2521.55         2764.06         4140.16  
    0.694       0          313.41        2157.65         3432.21         4063.70  
    0.700       300.82          1223.09        2633.76         4064.26         4803.76  
    0.706       321.59          1471.55        2716.48         4129.72         5124.64  
    0.713       17.08          415.66        2192.72         3710.92         4163.69  
    0.719       0          18.88        467.90         2377.45         4082.42  
    0.725       354.55          776.63        2840.93         4046.91         4768.89  
    0.731       19.87          589.14        2058.43         3374.65         4183.54  
    0.738       0          554.80        2234.05         2900.84         4119.95  
    0.744       310.18          1023.65        2683.80         4036.09         5195.91  
    0.750       294.38          1620.85        2958.90         4155.58         5487.07  
    0.756       286.02          1617.16        2952.31         4178.36         4998.19  
    0.763       291.93          1631.67        2683.21         4033.35         4842.97  
    0.769       270.26          1611.14        2648.70         4014.11         4872.41  
    0.775       243.02          1611.49        2730.17         4015.66         4832.32  
    0.781       232.67          1548.06        2698.55         3881.57         4914.50  
    0.788       239.05          1552.28        2739.91         3810.25         4901.44  
    0.794       219.20          1694.18        2752.78         3769.18         4919.02  
    0.800       11.57          90.32        1784.09         2981.14         3925.34  
    0.806       155.55          1554.80        2718.00         4005.02         4862.32  
    0.812       8.72          87.12        1745.35         2761.45         4008.80  
    0.819       0          0        1578.86         2711.65         4031.62  
    0.825       0          1277.33        2686.15         3835.71         4409.84  
    0.831       0          1204.12        2541.42         3631.31         4993.94  
    0.838       0          1339.64        2393.47         3651.05         4914.35  
    