0.025       297.59          1597.89        2469.52         3568.07         4646.93  
    0.031       85.23          722.94        2047.78         3251.13         4534.25  
    0.038       224.74          630.52        2222.70         3283.90         4408.54  
    0.044       310.08          732.37        2369.45         3520.04         4442.05  
    0.050       324.75          727.64        2328.20         3554.47         4524.84  
    0.056       331.79          723.64        2289.22         3576.65         4553.10  
    0.062       330.99          716.87        2356.72         3572.36         4555.63  
    0.069       329.06          701.01        2359.62         3573.26         4558.64  
    0.075       325.74          683.56        2239.13         3620.78         4541.85  
    0.081       325.42          674.56        2178.43         3579.12         4502.32  
    0.088       325.92          674.70        2342.80         3585.81         4456.58  
    0.094       328.16          690.42        2440.09         3616.14         4367.67  
    0.100       330.12          708.16        2465.53         3624.78         4326.22  
    0.106       331.94          716.73        2472.71         3622.20         4262.96  
    0.113       335.08          718.58        2471.18         3610.90         4306.95  
    0.119       345.02          706.14        2473.21         3609.04         4533.00  
    0.125       379.16          568.41        2482.13         3615.02         4602.18  
    0.131       112.10          147.54        1008.37         2811.33         3898.70  
    0.138       0          0        421.21         2486.44         3609.78  
    0.144       0          0        417.65         2481.33         3594.13  
    0.150       0          0        406.85         2475.63         3590.50  
    0.156       161.47          287.80        1882.53         3277.01         4423.76  
    0.163       323.03          408.05        2483.07         3603.47         4736.13  
    0.169       201.96          419.86        2478.68         3602.78         4698.43  
    0.175       39.46          121.38        1021.04         2788.49         3897.62  
    0.181       0          0        447.52         2461.65         3569.31  
    0.188       302.50          363.56        1885.36         3234.50         4386.84  
    0.194       392.29          615.95        2460.98         3537.93         4701.82  
    0.200       380.00          662.67        2464.05         3533.05         4679.99  
    0.206       397.74          612.24        2466.28         3536.23         4677.13  
    0.213       400.84          606.75        2466.61         3546.19         4674.87  
    0.219       398.52          630.11        2468.69         3542.05         4664.66  
    0.225       422.08          551.98        2471.58         3540.85         4677.32  
    0.231       437.77          491.37        2479.20         3539.02         4661.14  
    0.238       425.11          554.28        2480.30         3539.11         4628.52  
    0.244       402.61          630.27        2478.96         3551.82         4587.05  
    0.250       426.95          553.03        2478.65         3561.21         4560.69  
    0.256       435.36          542.00        2488.14         3549.40         4558.97  
    0.263       445.41          482.89        2497.69         3532.52         4582.74  
    0.269       444.81          463.82        2490.99         3518.72         4624.35  
    0.275       411.46          595.54        2488.01         3511.03         4599.14  
    0.281       390.56          669.70        2489.64         3511.40         4572.33  
    0.288       390.16          651.72        2483.87         3509.72         4563.71  
    0.294       400.39          579.23        2488.14         3515.97         4584.48  
    0.300       416.07          479.27        2491.62         3513.59         4586.67  
    0.306       367.21          435.94        2493.78         3538.27         4604.44  
    0.312       391.75          477.71        2492.89         3576.05         4583.74  
    0.319       372.12          584.10        2492.52         3605.05         4555.14  
    0.325       350.69          633.37        2493.54         3581.72         4563.82  
    0.331       348.79          645.62        2478.40         3572.17         4588.08  
    0.338       347.85          656.77        2482.68         3563.22         4615.58  
    0.344       340.48          652.84        2511.02         3574.09         4627.47  
    0.350       322.42          691.13        2509.56         3572.87         4612.77  
    0.356       305.71          741.76        2530.22         3554.53         4619.98  
    0.363       298.54          760.51        2520.20         3584.17         4617.00  
    0.369       286.13          778.13        2548.03         3610.92         4696.17  
    0.375       288.38          814.62        2524.01         3529.10         4760.45  
    0.381       311.69          850.42        2521.59         3382.17         4728.06  
    