0.025       393.14          1280.22        2832.76         3237.82         5068.85  
    0.031       101.54          591.17        2174.38         3231.27         4830.72  
    0.038       0          300.51        1042.93         3225.22         4615.78  
    0.044       0          309.43        803.63         3216.14         4529.77  
    0.050       0          337.15        850.69         3184.71         4509.71  
    0.056       0          344.42        834.01         3095.36         4494.81  
    0.062       254.16          680.83        2446.59         4071.96         5239.23  
    0.069       339.23          795.52        2996.14         4417.62         5500.00  
    0.075       336.83          795.74        3028.04         4460.98         5500.00  
    0.081       335.66          792.58        3011.07         4509.32         5500.00  
    0.088       333.94          788.83        2917.86         4497.14         5500.00  
    0.094       331.79          788.05        2780.97         4478.08         5500.00  
    0.100       329.86          793.16        2826.55         4592.74         5500.00  
    0.106       327.47          799.41        2948.48         4519.63         5500.00  
    0.113       326.65          810.03        2969.19         4341.40         5287.52  
    0.119       327.14          816.07        2926.58         4269.02         5062.85  
    0.125       326.64          820.27        2872.51         4231.71         4989.11  
    0.131       326.17          826.33        2833.80         4142.26         5020.40  
    0.138       327.34          826.80        2772.38         4184.47         5041.72  
    0.144       326.10          819.70        2745.49         4253.36         5054.41  
    0.150       323.52          814.01        2714.81         4258.78         5029.71  
    0.156       321.52          808.42        2694.80         4251.85         5049.52  
    0.163       321.19          807.25        2735.62         4211.10         5055.45  
    0.169       318.68          800.02        2802.95         4143.22         5079.60  
    0.175       314.76          792.30        2781.18         4137.34         5086.39  
    0.181       310.01          786.69        2830.05         4198.28         5093.63  
    0.188       308.25          787.01        2969.90         4192.72         5108.80  
    0.194       308.23          796.54        3007.41         4161.93         5117.97  
    0.200       308.60          805.86        2966.19         4127.65         5122.63  
    0.206       309.27          807.87        2846.39         4047.38         5148.74  
    0.213       308.78          806.30        2830.43         4111.34         5181.09  
    0.219       309.04          807.91        2957.94         4236.15         5218.42  
    0.225       310.30          809.63        3030.20         4279.63         5211.22  
    0.231       310.65          808.24        2982.97         4232.43         5180.89  
    0.238       310.67          806.99        2881.57         4228.24         5167.95  
    0.244       311.92          806.54        2885.21         4366.27         5413.84  
    0.250       313.56          807.55        2900.39         4471.42         5500.00  
    0.256       314.85          808.03        2856.21         4486.63         5085.11  
    0.263       316.79          806.76        2830.51         4480.29         4988.46  
    0.269       318.26          804.73        2810.60         4413.10         5035.78  
    0.275       320.72          803.32        2834.92         4395.32         5382.86  
    0.281       324.20          803.08        2964.68         4436.97         5500.00  
    0.288       327.70          803.16        3025.18         4485.92         5500.00  
    0.294       329.12          801.35        2920.19         4434.02         5150.18  
    0.300       328.30          799.26        2748.20         4352.97         5062.06  
    0.306       328.86          801.22        2676.96         4345.33         5084.68  
    0.312       333.40          804.59        2726.75         4357.11         5079.69  
    0.319       334.34          804.50        2823.26         4379.67         4982.12  
    0.325       334.41          803.03        2894.29         4333.36         4976.98  
    0.331       335.39          802.26        2922.83         4276.60         4945.18  
    0.338       336.49          804.83        2932.98         4557.49         4791.45  
    0.344       335.63          811.84        2988.32         4589.97         4785.08  
    0.350       334.54          818.06        3082.05         4535.84         4818.11  
    0.356       335.93          819.53        3104.26         4670.65         5325.54  
    0.363       339.30          821.66        3110.07         4742.65         5500.00  
    0.369       342.98          816.49        3106.79         4711.42         5007.90  
    0.375       348.80          791.82        3102.98         4754.97         5165.34  
    0.381       355.73          762.77        3131.75         4747.48         5237.42  
    0.388       367.66          756.90        3106.08         4287.25         4952.44  
    0.394       372.02          762.73        2947.31         4251.75         4823.71  
    0.400       369.05          765.76        2788.76         4615.95         5322.21  
    0.406       364.36          769.11        2770.21         4790.79         5174.84  
    0.413       350.85          768.72        2787.35         4819.48         5386.78  
    0.419       324.57          759.78        2782.47         4724.51         5500.00  
    0.425       285.46          741.38        2781.08         4545.04         5083.74  
    0.431       249.34          704.80        2808.34         4464.78         4881.26  
    0.438       241.15          670.77        2863.46         4474.86         4897.46  
    0.444       240.13          706.93        2912.48         4519.63         5347.64  
    0.450       232.68          754.66        2939.59         4500.07         5321.46  
    0.456       233.74          739.21        2965.79         4540.22         4744.28  
    0.463       235.81          691.72        3020.59         3983.25         4676.80  
    0.469       60.98          345.51        1919.31         3262.52         4743.25  
    0.475       0          231.55        1630.48         3127.13         4727.13  
    0.481       0          235.07        1327.99         3151.41         4785.42  
    0.488       0          237.04        1979.73         3124.89         4738.45  
    0.494       0          239.38        2116.65         3120.92         4678.44  
    0.500       0          247.63        2050.75         3138.73         4659.20  
    0.506       0          275.28        2030.62         3136.37         4648.30  
    