0.025       0          869.34        1327.88         2898.13         3613.85  
    0.031       309.76          1012.28        1786.17         3419.35         4793.25  
    0.038       338.30          944.57        1821.20         3496.23         4662.28  
    0.044       355.48          941.84        1850.24         3698.67         4538.93  
    0.050       350.02          918.97        1941.37         3989.96         4974.42  
    0.056       346.02          923.99        2136.87         4112.01         5457.93  
    0.062       30.10          391.84        951.74         2584.15         4282.70  
    0.069       0          341.33        827.99         2471.28         4180.28  
    0.075       309.89          747.43        2160.34         3974.90         5385.20  
    0.081       340.78          774.79        2210.32         4089.34         4498.43  
    0.088       341.76          767.25        2245.39         4082.38         4411.46  
    0.094       340.57          746.50        2360.27         3980.06         4432.57  
    0.100       342.05          750.72        2439.66         3989.28         4425.56  
    0.106       343.40          759.87        2513.49         4060.18         4462.48  
    0.113       342.80          755.23        2542.24         4060.96         4453.22  
    0.119       344.37          765.38        2513.89         3981.75         4419.06  
    0.125       345.20          774.49        2496.90         3974.39         4411.82  
    0.131       346.63          780.93        2505.93         3967.00         4425.77  
    0.138       348.13          774.81        2526.87         3943.24         4425.47  
    0.144       350.00          784.80        2495.56         3938.83         4447.90  
    0.150       350.59          783.62        2400.40         3945.64         4473.45  
    0.156       351.52          782.33        2289.74         3962.77         4483.07  
    0.163       353.92          801.16        2270.42         3956.93         4465.88  
    0.169       355.23          800.29        2311.00         3947.73         4456.28  
    0.175       357.92          802.20        2367.03         3920.85         4447.92  
    0.181       362.13          794.96        2433.09         3924.71         4466.79  
    0.188       366.05          787.70        2434.98         3944.08         4492.67  
    0.194       369.12          782.79        2412.11         3931.24         4482.34  
    0.200       369.69          780.68        2390.20         3919.22         4450.62  
    0.206       368.53          767.79        2406.97         3916.89         4439.51  
    0.213       367.87          757.72        2461.48         3942.13         4435.14  
    0.219       368.00          753.31        2500.56         3945.61         4416.49  
    0.225       370.07          750.37        2517.77         3925.38         4456.97  
    0.231       372.42          749.72        2548.58         3927.31         4439.64  
    0.238       370.87          746.09        2590.35         3938.66         4406.95  
    0.244       368.41          742.46        2633.60         3936.38         4417.63  
    0.250       368.73          744.71        2593.56         3914.89         4414.15  
    0.256       367.68          746.14        2561.46         3900.76         4420.64  
    0.263       367.25          748.51        2608.90         3925.65         4446.86  
    0.269       370.45          755.75        2784.08         3960.71         4451.04  
    0.275       374.72          765.31        3071.70         3904.46         4404.95  
    0.281       376.78          773.36        3226.62         3886.53         4420.02  
    0.288       380.82          765.00        3036.11         3916.40         4420.56  
    0.294       403.60          567.73        2839.47         3953.55         4446.06  
    0.300       35.33          47.80        632.97         2772.64         3936.06  
    0.306       0          0        432.96         2655.37         3868.31  
    0.312       0          422.04        1580.06         3737.16         4305.01  
    0.319       0          489.42        1930.60         3839.56         4352.30  
    0.325       0          42.84        660.31         2806.32         3956.41  
    0.331       0          0        598.79         2925.21         3941.17  
    0.338       208.60          595.90        2990.93         3791.43         4395.29  
    0.344       213.61          667.91        3206.26         3879.06         4412.56  
    0.350       138.96          672.18        2848.47         3893.68         4433.87  
    0.356       241.50          680.76        2704.54         3853.44         4397.87  
    0.363       278.51          689.59        2698.24         3851.88         4379.97  
    0.369       285.84          713.90        2743.25         3887.82         4404.72  
    0.375       286.83          721.44        2972.68         3895.99         4463.60  
    0.381       293.36          736.87        3050.13         3882.17         4467.88  
    0.388       306.45          723.76        2842.16         3870.05         4435.65  
    0.394       295.01          744.43        2703.21         3834.74         4493.79  
    0.400       284.13          738.50        2782.48         3825.58         4533.45  
    0.406       281.18          880.13        2925.86         3902.72         4499.43  
    0.413       289.20          1016.18        3146.87         4101.45         5412.57  
    0.419       320.67          1005.45        3217.95         4158.63         5500.00  
    0.425       383.47          1059.98        3380.33         4417.43         5500.00  
    0.431       33.89          814.39        2079.85         3556.44         4746.49  
    0.438       0          834.55        1867.39         3438.74         4522.85  
    0.444       0          73.03        1028.45         3424.48         4175.92  
    0.450       317.76          1054.07        2933.95         3900.82         4908.15  
    