0.025       317.46          613.39        2669.97         3596.50         5500.00  
    0.031       350.44          574.49        2698.79         3644.04         5500.00  
    0.038       48.80          394.63        2558.29         2906.31         3911.45  
    0.044       0          363.92        2621.06         2996.92         3707.04  
    0.050       0          352.08        2579.64         3131.19         3737.98  
    0.056       0          351.71        2562.32         3186.97         3767.53  
    0.062       0          348.07        2578.68         3270.45         4032.48  
    0.069       0          339.98        2587.87         3292.75         3992.44  
    0.075       0          46.48        653.07         2728.75         3404.86  
    0.081       286.92          443.63        2373.58         3267.91         3952.29  
    0.088       337.79          448.80        2733.12         3363.22         4071.48  
    0.094       331.47          542.05        2731.77         3397.09         4146.36  
    0.100       323.88          601.83        2765.41         3398.80         4076.01  
    0.106       340.50          491.43        3024.51         3591.09         4137.43  
    0.113       47.10          373.55        2090.05         2986.91         3902.90  
    0.119       0          363.23        2573.09         2719.19         3829.11  
    0.125       0          375.01        2650.13         2794.54         3681.94  
    0.131       0          51.69        692.66         2701.20         3616.45  
    0.138       0          0        381.33         2721.44         3595.60  
    0.144       0          0        384.91         2780.31         3669.05  
    0.150       321.81          418.86        2507.37         3549.63         5250.47  
    0.156       365.01          519.01        2876.85         3712.50         5500.00  
    0.163       354.60          579.93        3052.31         3688.99         5500.00  
    0.169       355.38          582.60        3128.06         3460.18         5500.00  
    0.175       371.92          403.77        2945.95         3360.77         5500.00  
    0.181       51.38          51.51        735.32         2976.75         3666.01  
    0.188       0          351.37        1996.13         3216.82         3538.65  
    0.194       0          410.17        2383.10         3308.47         3654.82  
    0.200       0          415.00        2459.50         3343.25         3661.60  
    0.206       0          425.32        2498.78         3343.98         4350.13  
    0.213       0          441.42        2463.54         3359.65         3880.38  
    0.219       0          452.00        2374.82         3273.38         3869.02  
    0.225       0          461.35        2378.68         3273.10         3852.08  
    0.231       0          472.36        2291.34         3171.50         3938.34  
    0.238       0          478.31        2151.64         3136.76         3973.76  
    0.244       0          484.03        2023.07         3067.51         3967.09  
    0.250       0          492.86        1942.34         3055.47         3949.73  
    0.256       0          496.96        1980.40         3117.33         3967.53  
    0.263       0          504.07        1943.20         3117.50         3940.13  
    0.269       0          514.47        1063.39         2956.96         3801.09  
    0.275       303.96          563.72        2551.88         3508.81         5264.00  
    0.281       338.48          637.84        2765.50         3508.78         5500.00  
    0.288       335.84          655.19        2768.98         3465.34         5500.00  
    0.294       354.26          627.42        2993.39         3522.10         5500.00  
    0.300       374.40          586.49        3072.14         3640.50         5500.00  
    0.306       51.74          364.20        859.73         3164.76         3994.74  
    0.312       0          439.93        503.98         3096.35         3772.53  
    0.319       0          62.76        69.08         836.49         3066.98  
    0.325       0          410.51        1705.08         2686.55         3667.66  
    0.331       0          452.01        2408.50         3315.89         3588.54  
    0.338       0          416.10        2498.77         3482.90         3650.88  
    0.344       0          408.06        2483.70         3454.97         3789.96  
    0.350       0          403.85        2468.56         3335.74         3907.30  
    0.356       0          411.33        2376.57         3182.45         3849.29  
    0.363       0          406.51        2441.73         3211.14         3824.63  
    0.369       0          403.51        2456.17         3412.38         3784.90  
    0.375       0          415.39        2076.10         3170.74         3746.91  
    0.381       0          411.07        1924.82         3245.86         3814.07  
    0.388       0          398.78        1777.74         3330.96         3849.20  
    0.394       0          404.91        1445.60         3364.86         3819.09  
    0.400       319.93          506.19        2789.79         3647.44         5268.66  
    0.406       296.75          550.45        2751.25         3713.88         5500.00  
    0.413       268.69          633.59        2613.60         3706.04         5500.00  
    0.419       264.61          716.65        2571.71         3710.09         5123.43  
    0.425       254.23          735.25        2509.16         3802.93         5080.91  
    0.431       34.66          318.49        2510.22         3409.22         4020.30  
    0.438       0          248.21        2539.85         3308.11         3887.87  
    0.444       199.75          713.08        2610.40         3812.59         5279.63  
    0.450       221.74          817.59        2678.56         3782.45         5500.00  
    0.456       213.83          898.02        2666.12         3734.25         5500.00  
    0.463       210.67          1100.63        2609.24         3733.21         5500.00  
    0.469       210.02          1195.65        2604.81         3772.60         5500.00  
    0.475       211.58          1257.13        2590.37         3807.69         5500.00  
    0.481       223.57          1130.23        2632.77         3807.03         5500.00  
    0.488       222.31          1049.96        2700.44         3814.10         5500.00  
    0.494       226.39          1170.34        2707.94         3787.01         5500.00  
    