0.025       349.31          814.30        2529.86         3762.51         4719.94  
    0.031       48.71          546.65        2499.44         3893.48         4168.97  
    0.038       0          70.18        801.17         2664.22         3831.52  
    0.044       0          0        465.77         2442.50         3709.36  
    0.050       326.16          615.89        2269.37         3438.47         4667.54  
    0.056       378.26          735.94        2486.34         3471.88         4872.50  
    0.062       366.82          620.18        2473.71         3309.70         4846.79  
    0.069       346.18          652.68        2458.49         3232.70         4818.19  
    0.075       366.92          663.42        2511.62         3132.26         4763.63  
    0.081       340.31          664.79        2467.13         3104.18         4880.61  
    0.088       312.88          670.08        2539.24         3181.62         5253.50  
    0.094       310.71          676.04        2604.00         3389.76         5301.50  
    0.100       307.32          693.76        2853.64         3548.43         5472.11  
    0.106       306.49          693.81        2937.77         3678.13         5500.00  
    0.113       308.01          673.33        2831.86         3608.06         5500.00  
    0.119       306.19          679.23        2856.12         3496.29         5500.00  
    0.125       306.24          683.70        2733.44         3506.20         5500.00  
    0.131       305.23          710.32        2650.05         3535.49         5500.00  
    0.138       305.10          708.90        2659.01         3515.79         5500.00  
    0.144       304.33          728.43        2650.61         3479.09         5500.00  
    0.150       302.29          761.85        2615.32         3466.83         5500.00  
    0.156       301.91          761.26        2597.22         3470.08         5500.00  
    0.163       300.95          793.96        2593.61         3457.61         5500.00  
    0.169       303.13          807.15        2615.12         3445.11         5500.00  
    0.175       307.87          765.44        2667.02         3445.21         5500.00  
    0.181       310.54          732.51        2760.70         3438.84         5329.07  
    0.188       317.03          692.60        2761.78         3449.41         5308.49  
    0.194       320.11          671.95        2687.20         3493.35         5328.82  
    0.200       325.56          673.75        2681.68         3489.18         5245.12  
    0.206       334.81          673.62        2697.16         3465.39         5462.49  
    0.213       335.31          672.63        2633.79         3434.35         5500.00  
    0.219       335.11          669.17        2744.08         3458.58         5462.67  
    0.225       333.56          680.34        2764.79         3485.75         5493.95  
    0.231       330.42          672.50        2682.64         3489.52         5099.32  
    0.238       330.09          660.25        2625.02         3490.35         4955.59  
    0.244       332.69          647.98        2594.44         3484.83         5036.72  
    0.250       333.79          647.88        2549.52         3510.57         5041.30  
    0.256       333.72          641.59        2543.47         3569.66         4968.00  
    0.263       334.43          634.99        2572.47         3557.94         4919.96  
    0.269       334.72          634.75        2594.21         3528.62         4932.54  
    0.275       345.11          602.56        2616.08         3550.05         4850.43  
    0.281       342.19          610.55        2700.19         3558.93         4860.31  
    0.288       335.09          640.53        2680.81         3563.25         5036.31  
    0.294       331.21          635.96        2927.18         3556.50         5184.08  
    0.300       323.84          641.45        2853.43         3545.32         5000.11  
    0.306       320.55          643.75        2862.86         3545.51         4906.43  
    0.312       320.33          642.08        2904.08         3562.81         4867.72  
    0.319       319.82          640.98        2937.35         3541.30         4855.15  
    0.325       324.86          635.51        2920.82         3516.53         4786.33  
    0.331       329.09          618.20        2878.36         3499.24         4737.08  
    0.338       331.11          613.09        3084.11         3518.64         4743.53  
    0.344       334.17          591.20        3114.26         3501.14         4747.62  
    0.350       337.37          576.40        2908.74         3508.81         4832.57  
    0.356       342.07          548.76        2806.81         3525.94         4833.00  
    0.363       348.89          527.73        2822.40         3523.79         4870.71  
    0.369       48.79          73.21        721.14         2948.62         3752.31  
    0.375       0          0        380.96         2836.06         3523.79  
    0.381       0          0        388.51         2527.99         3441.18  
    0.388       0          0        392.66         2631.47         3432.50  
    0.394       0          0        400.59         2516.19         3442.05  
    0.400       0          339.30        1948.13         3313.21         4549.07  
    0.406       0          54.99        636.46         2752.27         3627.84  
    0.413       0          0        384.11         2745.12         3466.45  
    0.419       0          0        384.02         2653.05         3467.48  
    0.425       0          0        385.11         2641.39         3473.14  
    0.431       0          0        386.65         2531.60         3481.50  
    0.438       0          0        392.32         2483.51         3484.94  
    0.444       250.58          318.58        2361.51         3338.82         4809.99  
    0.450       350.13          395.48        2743.04         3466.86         5021.62  
    0.456       271.70          385.79        2697.76         3472.79         4807.09  
    0.463       209.63          377.38        3099.87         3486.82         4440.99  
    0.469       28.15          374.93        1531.26         3496.91         4002.15  
    0.475       290.65          452.89        3200.99         3911.25         5282.41  
    0.481       349.27          406.36        3012.54         3584.17         4604.69  
    0.488       349.22          460.32        3445.64         3901.45         5354.91  
    0.494       48.66          393.05        2373.93         3597.14         4413.71  
    0.500       292.77          593.30        2363.71         3529.33         4724.88  
    0.506       328.36          704.93        2443.41         3587.99         4848.16  
    0.513       165.85          581.90        2490.91         3647.50         4931.64  
    0.519       206.63          442.49        2599.49         3687.32         5023.99  
    0.525       252.61          840.82        2661.75         3858.44         4938.50  
    0.531       232.47          846.94        2664.35         3900.20         4913.10  
    0.537       217.84          1118.72        2541.62         3902.70         4965.36  
    0.544       209.16          1212.18        2559.08         3884.99         4912.88  
    0.550       207.90          1155.15        2392.89         3774.58         4907.48  
    0.556       203.72          1276.05        2379.48         3744.42         4890.85  
    0.562       211.67          1513.18        2449.80         3750.14         5023.29  
    0.569       220.18          1616.49        2433.90         3722.96         5214.34  
    0.575       30.87          226.97        1253.09         2757.35         3952.28  
    0.581       723.91          1023.80        2348.72         3599.92         5255.02  
    