0.025       546.63          1511.05        2370.65         2899.88         3927.46  
    0.031       583.28          1846.49        2494.54         2890.27         3915.70  
    0.038       541.95          1821.60        2618.21         2898.52         3899.22  
    0.044       444.55          1741.10        2412.79         2897.73         3951.90  
    0.050       402.57          1770.39        2510.02         2924.51         3975.12  
    0.056       343.09          1229.38        2128.06         2970.48         3978.24  
    0.062       362.20          526.22        2153.84         2907.98         3916.00  
    0.069       360.99          619.70        2063.29         2871.01         3823.76  
    0.075       322.73          701.78        1989.80         2890.39         3819.07  
    0.081       301.73          678.71        2327.28         3088.07         4019.61  
    0.088       312.13          655.85        2574.28         3080.89         4135.76  
    0.094       316.47          628.27        2621.52         2850.77         4178.10  
    0.100       329.09          646.74        2820.52         2883.56         4130.61  
    0.106       328.93          667.89        2869.39         3042.32         3946.86  
    0.113       325.45          683.05        2852.55         2947.84         3947.42  
    0.119       322.15          674.10        2801.30         3636.44         3994.88  
    0.125       318.87          658.01        2666.57         3903.77         4084.40  
    0.131       316.16          652.44        2655.11         4009.85         4086.66  
    0.138       315.24          661.52        2739.11         3980.18         4094.29  
    0.144       315.38          682.52        2484.84         4017.95         4230.39  
    0.150       315.90          721.53        2570.11         4026.86         4216.17  
    0.156       313.33          744.87        2559.58         4070.54         4145.96  
    0.163       311.06          746.00        2535.38         4014.45         4292.19  
    0.169       310.29          735.06        2618.35         3947.46         4331.09  
    0.175       310.99          748.70        2579.99         3929.13         4387.89  
    0.181       312.31          772.40        2534.55         3912.76         4290.19  
    0.188       312.37          772.93        2362.55         3953.29         4083.72  
    0.194       312.33          775.36        2342.01         4009.17         4066.60  
    0.200       310.29          765.10        2342.97         3940.80         4181.41  
    0.206       311.63          777.01        2379.36         3932.55         4220.07  
    0.213       312.94          788.54        2553.66         4008.56         4115.04  
    0.219       312.96          809.39        2512.83         4003.95         4140.54  
    0.225       313.70          819.44        2560.44         3983.17         4100.41  
    0.231       313.77          798.53        2676.41         3763.40         4142.43  
    0.238       314.11          776.92        2610.16         3969.09         4109.67  
    0.244       313.92          770.85        2565.38         3876.29         4123.52  
    0.250       313.52          802.62        2666.11         3701.58         4118.20  
    0.256       314.00          823.90        2743.99         3611.22         4160.01  
    0.263       313.95          835.70        2636.38         3658.79         4158.03  
    0.269       312.36          812.59        2606.92         3659.09         4163.25  
    0.275       311.40          802.79        2575.70         3727.18         4111.61  
    0.281       313.08          802.42        2446.61         3719.83         4156.65  
    0.288       312.82          794.81        2477.70         3850.11         4102.72  
    0.294       314.73          802.42        3087.14         3210.84         4075.30  
    0.300       315.27          807.14        2850.98         3287.55         4107.36  
    0.306       315.48          813.33        2866.43         3817.66         4034.49  
    0.312       315.74          815.15        2878.03         3602.41         4074.39  
    0.319       314.59          785.85        2796.09         3779.89         4122.93  
    0.325       314.75          747.40        2740.57         3612.24         4173.71  
    0.331       314.89          698.17        2549.94         3469.48         4135.09  
    0.338       318.73          704.30        2508.94         3481.60         4163.72  
    0.344       321.23          695.20        2519.44         3660.15         4278.49  
    0.350       325.14          684.80        2550.69         3767.44         4226.81  
    0.356       332.11          695.80        2721.70         3880.87         4155.34  
    0.363       335.82          705.51        2753.82         4146.18         4233.12  
    0.369       337.31          717.94        2690.35         4099.78         4337.85  
    0.375       335.46          725.94        2650.78         4124.15         4189.12  
    0.381       343.27          728.74        2783.10         4138.87         5164.54  
    0.388       357.34          692.72        2733.91         4035.64         4617.48  
    0.394       359.03          585.47        2797.02         4014.16         4436.80  
    0.400       341.85          556.32        2876.32         4054.70         4520.27  
    0.406       311.27          579.18        2859.94         4046.19         4303.40  
    0.413       286.69          596.94        2853.55         4041.27         4218.00  
    0.419       3.96          265.42        636.14         2869.49         4020.75  
    0.425       0          262.74        642.39         2847.54         4063.34  
    0.431       266.59          663.22        2813.25         4097.96         5324.59  
    0.438       268.68          681.24        2820.21         4052.06         4236.46  
    0.444       263.89          694.52        2820.53         3758.69         4262.66  
    0.450       274.89          715.37        2783.69         3782.80         4253.04  
    0.456       273.54          734.75        2695.08         3885.03         4344.51  
    0.463       278.85          733.96        2766.04         3949.81         4203.40  
    0.469       293.47          713.47        2841.64         3709.11         4325.86  
    0.475       299.78          797.38        2832.24         3763.06         4382.17  
    0.481       341.99          748.25        2757.14         4080.76         4263.84  
    0.488       348.44          777.52        2671.28         3842.08         4281.11  
    0.494       359.95          809.61        2770.25         3439.11         4501.86  
    0.500       363.88          859.18        2757.43         3455.89         4432.69  
    0.506       380.20          1108.74        2646.47         3405.92         4493.83  
    0.513       401.48          1485.11        2781.58         3437.12         4446.52  
    0.519       5.56          429.78        1616.11         2843.45         4194.15  
    0.525       0          433.44        1887.05         2852.64         4389.05  
    0.531       0          6.00        586.60         2356.33         2907.46  
    0.537       273.87          1387.48        2820.20         3661.12         4479.79  
    0.544       3.84          307.39        1469.75         2885.03         4152.79  
    