0.025       490.56          1537.56        2769.60         3463.43         5111.93  
    0.031       361.84          1556.15        2833.16         3564.36         5473.69  
    0.038       23.90          421.17        1386.40         3101.13         3511.48  
    0.044       322.54          746.73        2467.81         3340.28         5355.37  
    0.050       364.59          1047.20        2417.87         3358.05         5500.00  
    0.056       359.88          1478.38        2737.39         3381.40         4757.24  
    0.062       364.72          1539.65        3115.63         3357.13         4476.64  
    0.069       363.78          1586.13        3292.43         3684.77         5429.50  
    0.075       362.99          1550.18        3152.86         3420.15         4768.95  
    0.081       24.61          447.89        1738.14         3317.68         3975.80  
    0.088       0          364.71        1596.33         3328.90         3913.18  
    0.094       339.17          1467.25        3179.31         3361.40         4525.09  
    0.100       367.41          1465.15        2820.55         3388.98         4607.75  
    0.106       365.14          1529.10        2726.75         3398.87         4584.93  
    0.113       365.54          1536.89        2966.49         3378.02         4482.15  
    0.119       363.55          1555.68        2780.19         3398.72         4364.68  
    0.125       367.21          1579.79        2889.15         3441.02         4224.83  
    0.131       371.95          1571.10        3042.96         3414.59         4252.86  
    0.138       367.31          1563.65        3061.57         3349.17         4289.71  
    0.144       371.01          1588.24        2580.17         3387.15         4442.54  
    0.150       373.04          1644.61        2373.37         3416.57         4461.06  
    0.156       362.47          1518.35        2387.14         3420.15         4523.89  
    0.163       365.62          1477.56        2319.14         3422.11         4500.69  
    0.169       364.26          1582.39        2156.39         3421.49         4536.34  
    0.175       353.91          1504.76        2389.55         3439.48         4679.46  
    0.181       354.62          1418.38        2523.58         3437.27         4678.27  
    0.188       365.66          1348.46        2312.89         3417.30         4519.84  
    0.194       381.01          1461.64        2058.45         3404.07         4544.25  
    0.200       376.83          1612.06        2426.95         3426.37         4804.92  
    0.206       358.82          1397.23        2429.34         3420.93         4772.07  
    0.213       372.12          1617.60        2121.62         3408.08         4754.16  
    0.219       373.62          1692.79        2184.16         3391.12         4665.36  
    0.225       372.32          1454.06        2287.75         3408.38         4615.08  
    0.231       394.31          1172.93        1912.40         3424.17         4454.45  
    0.238       382.01          1325.37        1888.57         3427.93         4495.83  
    0.244       379.50          1549.60        1754.89         3404.38         4546.09  
    0.250       369.45          1180.41        2313.61         3406.83         4477.46  
    0.256       375.88          1096.87        2309.90         3416.41         4514.75  
    0.263       385.73          1397.27        2000.36         3399.21         4563.38  
    0.269       26.20          439.17        1623.38         3393.48         4413.58  
    0.275       340.89          1303.47        2358.96         3415.66         4748.60  
    0.281       396.06          1149.60        2405.66         3425.70         4595.89  
    0.288       408.43          1130.42        2241.58         3401.11         4443.59  
    0.294       411.36          1407.11        1859.15         3398.35         4521.06  
    0.300       423.14          1160.03        2181.50         3418.39         4580.73  
    0.306       441.51          1015.94        2237.08         3434.14         4625.74  
    0.312       464.89          875.37        2227.58         3451.98         4583.36  
    0.319       490.91          690.96        2157.68         3451.56         4473.37  
    0.325       458.95          968.37        2349.15         3434.10         4516.99  
    0.331       471.35          896.29        2301.06         3438.20         4486.84  
    0.338       118.12          532.50        2068.73         3403.51         4402.81  
    0.344       427.65          1021.07        2233.73         3395.50         4567.00  
    0.350       438.07          1111.44        2335.28         3413.67         4561.13  
    0.356       425.83          1077.15        2340.56         3407.03         4502.88  
    0.363       423.10          1062.34        2306.01         3411.14         4724.94  
    0.369       411.51          1013.67        2370.74         3403.88         4684.06  
    0.375       396.37          938.08        2391.77         3412.54         4456.62  
    0.381       385.76          921.60        2373.75         3427.06         4436.95  
    0.388       383.50          913.71        2432.22         3440.40         4560.88  
    0.394       396.77          918.50        2430.08         3412.62         4755.01  
    0.400       393.06          893.16        2564.60         3376.62         4813.41  
    0.406       362.60          766.65        2967.17         3360.75         4990.73  
    0.413       354.16          767.62        2910.47         3388.17         5466.33  
    0.419       366.25          792.78        3072.95         3338.60         5500.00  
    0.425       383.43          796.24        3011.00         3324.73         4953.37  
    0.431       374.91          931.11        2881.59         3502.24         4856.28  
    0.438       25.37          506.61        1528.48         3266.15         4163.40  
    0.444       0          568.30        1449.86         3316.23         4824.72  
    0.450       365.90          659.33        2408.60         3340.62         4877.44  
    0.456       26.61          325.99        1354.81         3005.45         4410.77  
    0.463       0          250.88        1497.25         2957.79         4275.21  
    0.469       233.05          1311.63        2811.23         4069.63         5416.46  
    0.475       16.95          388.69        1844.37         3072.52         4452.03  
    0.481       0          306.97        1743.04         3021.56         4267.50  
    0.488       0          273.97        1619.58         2969.16         4255.84  
    0.494       0          270.20        1687.40         3063.91         4376.56  
    0.500       0          282.39        1617.84         3091.91         4437.84  
    0.506       0          283.99        1680.96         2987.21         4291.20  
    