0.025       0          306.29        1731.94         2744.62         3984.02  
    0.031       0          300.16        1080.56         2517.69         3277.20  
    0.038       0          295.95        877.13         2395.86         3352.58  
    0.044       224.80          738.68        2057.25         3274.73         4871.40  
    0.050       266.10          822.94        2364.04         3485.83         5446.86  
    0.056       267.84          842.47        2367.84         3587.84         5500.00  
    0.062       289.55          829.17        2368.50         3599.08         4982.91  
    0.069       316.02          805.06        2375.34         3568.10         4306.60  
    0.075       330.04          866.48        2403.09         3595.40         5235.95  
    0.081       343.30          889.40        2396.05         3591.36         5500.00  
    0.088       353.44          879.16        2390.99         3584.83         5500.00  
    0.094       354.01          891.88        2420.39         3600.71         5500.00  
    0.100       356.15          902.02        2431.18         3608.11         5500.00  
    0.106       358.71          898.84        2397.30         3632.80         5500.00  
    0.113       358.84          883.32        2377.54         3634.07         5500.00  
    0.119       360.55          861.98        2401.82         3608.03         5500.00  
    0.125       365.26          824.80        2428.22         3598.98         5500.00  
    0.131       365.06          803.49        2422.48         3616.68         5500.00  
    0.138       363.87          813.80        2417.96         3621.10         5500.00  
    0.144       368.03          822.23        2425.18         3582.86         5178.28  
    0.150       368.63          808.46        2430.63         3532.32         5384.35  
    0.156       367.78          795.51        2413.15         3519.99         5491.10  
    0.163       365.79          784.59        2382.47         3546.39         5500.00  
    0.169       360.56          780.88        2370.74         3555.22         5500.00  
    0.175       348.73          775.90        2371.83         3537.72         5500.00  
    0.181       330.17          776.71        2390.20         3531.14         5500.00  
    0.188       326.63          784.03        2425.88         3520.44         5500.00  
    0.194       330.89          790.20        2430.80         3534.64         5500.00  
    0.200       327.26          791.73        2412.18         3563.77         5500.00  
    0.206       314.72          792.53        2397.17         3583.13         5500.00  
    0.213       308.15          793.55        2398.12         3576.60         5500.00  
    0.219       312.76          792.50        2416.25         3560.65         5500.00  
    0.225       320.41          790.88        2424.78         3544.50         5500.00  
    0.231       325.11          786.76        2417.52         3487.05         5500.00  
    0.238       324.74          778.59        2422.46         3493.15         5500.00  
    0.244       321.10          771.06        2440.53         3507.90         5500.00  
    0.250       316.56          765.45        2460.39         3487.26         5500.00  
    0.256       312.03          762.54        2468.57         3461.92         5500.00  
    0.263       309.37          758.76        2465.26         3444.14         5500.00  
    0.269       307.93          752.17        2460.32         3427.65         5500.00  
    0.275       308.77          748.17        2450.87         3431.46         5500.00  
    0.281       313.71          747.65        2438.21         3428.36         5500.00  
    0.288       320.27          743.96        2428.62         3439.13         5223.21  
    0.294       326.81          733.41        2412.18         3439.89         5164.36  
    0.300       334.67          728.42        2413.29         3471.96         5235.98  
    0.306       340.98          732.68        2425.61         3493.48         5265.79  
    0.312       349.78          727.91        2427.54         3481.13         5211.52  
    0.319       354.00          725.20        2456.94         3456.48         5099.29  
    0.325       348.68          722.03        2464.26         3456.83         4943.95  
    0.331       344.65          707.75        2455.96         3484.68         4766.30  
    0.338       349.09          655.89        2428.01         3501.87         4622.40  
    0.344       341.32          661.58        2444.19         3560.16         4516.11  
    0.350       334.25          669.12        2464.16         3582.40         4484.84  
    0.356       332.66          663.19        2452.54         3590.66         4392.99  
    0.363       323.62          670.52        2419.56         3606.42         4325.49  
    0.369       311.41          713.06        2410.13         3582.86         4247.59  
    0.375       307.34          747.48        2418.87         3513.58         4320.96  
    0.381       306.75          760.26        2440.31         3541.89         4390.15  
    0.388       301.72          758.58        2473.02         3494.84         4480.04  
    0.394       295.37          754.01        2502.79         3449.62         4602.99  
    0.400       292.19          749.96        2491.92         3442.87         4405.10  
    0.406       291.91          741.15        2498.69         3475.74         4297.22  
    0.413       292.24          736.73        2499.01         3510.27         4197.32  
    0.419       291.07          732.51        2495.68         3513.41         4270.96  
    0.425       293.80          729.33        2460.09         3507.22         4576.95  
    0.431       289.99          733.69        2454.78         3505.88         4726.89  
    0.438       254.64          718.68        2462.12         3492.35         4732.26  
    0.444       227.06          709.16        2479.54         3526.10         4719.91  
    0.450       44.16          140.60        711.72         2706.93         3748.37  
    0.456       229.37          659.52        2057.01         3332.78         4330.27  
    0.463       299.06          1312.38        2484.69         3589.64         4520.35  
    0.469       285.03          1414.43        2523.79         3580.88         4651.02  
    0.475       278.60          1324.88        2550.47         3523.24         4865.41  
    