0.025       0          0        2285.15         2664.19         4087.96  
    0.031       0          0        2118.70         2677.09         4111.62  
    0.038       196.83          300.88        2510.68         3985.56         4848.40  
    0.044       292.57          696.12        2887.66         4178.40         4608.62  
    0.050       292.83          823.07        2819.21         4333.20         4542.99  
    0.056       37.34          410.25        1145.81         3154.32         4514.14  
    0.062       313.62          824.92        2126.66         4292.06         4640.17  
    0.069       374.59          898.59        1905.69         4327.94         4499.86  
    0.075       420.28          937.03        2117.48         4319.63         4379.33  
    0.081       460.08          956.47        2481.04         4268.08         4504.61  
    0.088       464.37          950.70        2517.19         4234.23         4459.69  
    0.094       481.91          968.08        2514.02         4231.04         4443.95  
    0.100       500.56          1000.65        2538.33         4214.71         4480.96  
    0.106       506.48          1009.55        2519.25         4191.52         4434.28  
    0.113       506.63          1031.42        2344.22         4198.81         4330.07  
    0.119       520.89          1045.74        2515.97         4200.78         4891.81  
    0.125       505.90          972.91        2371.69         4176.63         5432.92  
    0.131       517.37          920.03        2279.37         4081.75         4956.83  
    0.138       66.55          767.05        1568.06         2538.00         4090.17  
    0.144       0          763.07        1882.73         2203.81         3997.83  
    0.150       0          771.07        1855.36         2130.35         4050.31  
    0.156       0          779.71        2025.49         2068.24         4050.70  
    0.163       0          786.48        1982.47         2237.71         4049.62  
    0.169       0          787.25        1966.05         2229.77         4022.49  
    0.175       0          787.90        1981.15         2185.43         3970.26  
    0.181       677.08          997.01        2039.58         3700.16         4081.27  
    0.188       768.36          1025.41        2059.50         3877.54         4145.69  
    0.194       777.58          1072.81        2062.61         3862.26         4838.57  
    0.200       754.51          1115.03        2058.10         3889.06         4334.24  
    0.206       730.96          1156.95        2032.38         3736.98         4317.07  
    0.213       744.46          1103.23        2023.13         3701.76         4403.02  
    0.219       766.15          1086.87        2053.15         3660.00         4417.49  
    0.225       780.29          1042.91        2053.38         3691.07         4425.60  
    0.231       759.38          1083.35        2039.87         3769.99         4424.54  
    0.238       746.12          1128.43        2079.66         3841.67         4389.53  
    0.244       741.31          1212.80        2096.66         3891.55         4388.92  
    0.250       756.75          1239.77        2068.39         4018.15         4403.14  
    0.256       786.40          1117.01        1991.77         3982.79         4628.81  
    0.263       774.63          1205.32        1992.19         3947.31         4915.21  
    0.269       747.78          1297.94        2032.45         3962.69         4911.24  
    0.275       738.31          1292.05        2053.05         3970.26         4876.56  
    0.281       740.20          1255.40        2045.67         3956.10         4854.00  
    0.288       752.58          1277.56        2029.32         3997.88         4902.85  
    0.294       763.96          1295.23        2025.43         4055.85         5424.47  
    0.300       767.09          1240.10        1996.24         3962.17         5500.00  
    0.306       765.82          1235.69        2001.72         3947.28         5409.59  
    0.312       767.01          1324.05        2029.50         4051.62         5486.71  
    0.319       770.14          1311.58        2022.17         4010.51         5500.00  
    0.325       762.78          1281.34        2016.02         3917.85         5500.00  
    0.331       758.16          1396.88        1956.18         3982.39         5500.00  
    0.338       763.47          1360.79        1929.53         3966.44         5500.00  
    0.344       760.80          1328.05        1923.59         3942.39         5372.34  
    0.350       759.90          1348.56        1937.13         3916.78         5481.24  
    0.356       769.66          1371.22        1970.86         3923.52         5500.00  
    0.363       770.35          1374.68        1983.93         3941.98         5500.00  
    0.369       777.81          1300.24        2007.31         3934.25         5317.07  
    0.375       782.85          1300.95        2032.14         3971.79         5309.77  
    0.381       789.64          1288.80        1980.71         4001.72         5363.41  
    0.388       796.49          1108.11        1946.73         3957.32         4962.93  
    0.394       778.11          1200.39        1969.01         3979.47         5010.88  
    0.400       773.21          1200.22        1972.47         4119.72         5439.37  
    0.406       769.92          1268.16        1978.47         4149.58         5500.00  
    0.413       769.13          1160.14        2066.44         4085.81         4934.06  
    0.419       783.78          986.20        2117.07         3993.08         4582.04  
    0.425       809.64          852.69        2096.68         3908.10         4679.26  
    0.431       788.00          830.12        2092.19         3925.24         4569.85  
    0.438       696.22          858.62        2088.59         3940.32         4335.22  
    0.444       616.53          906.13        2067.81         3909.99         4436.83  
    0.450       556.25          934.59        2081.35         3894.30         4483.05  
    0.456       521.54          947.98        2097.09         3943.11         4536.86  
    0.463       520.73          996.50        2060.02         3969.07         4532.82  
    0.469       531.75          1108.54        2054.64         4009.83         4462.34  
    0.475       553.05          1057.11        2075.95         4013.06         4651.59  
    0.481       578.61          946.23        2090.61         3938.90         4666.62  
    0.488       613.89          717.00        2100.45         3963.36         4724.17  
    0.494       532.26          649.67        2135.77         3961.85         4899.80  
    0.500       430.22          685.28        2151.63         3946.35         4709.85  
    0.506       314.16          716.93        2091.12         3988.78         4681.88  
    0.513       270.73          744.45        1970.53         4016.16         5067.87  
    0.519       279.60          776.04        2060.66         4049.97         5085.55  
    0.525       295.40          810.71        2173.83         4220.69         4683.99  
    0.531       346.05          842.97        1993.38         4029.46         4591.75  
    0.537       468.55          849.85        1632.18         3969.88         4545.73  
    0.544       62.20          612.94        816.63         2343.78         4171.32  
    0.550       468.36          655.59        2101.36         3976.34         5168.11  
    0.556       515.28          657.32        2201.49         4151.97         4814.67  
    0.562       386.39          653.38        2292.95         4060.09         4738.11  
    0.569       47.14          83.66        857.15         2490.59         4180.49  
    0.575       0          0        653.74         2089.27         4100.49  
    0.581       0          0        753.52         1744.84         3989.21  
    0.588       0          0        841.13         2247.51         3942.96  
    0.594       0          0        797.07         2343.70         3963.80  
    