0.025       567.04          1194.55        1904.03         3036.40         4819.72  
    0.031       98.24          675.44        1660.33         3024.04         4562.59  
    0.038       0          614.91        1643.90         3048.92         4375.17  
    0.044       0          613.97        1582.04         3038.18         4219.38  
    0.050       0          642.15        1535.30         3042.40         4087.60  
    0.056       0          672.80        1528.22         3012.39         4086.86  
    0.062       0          117.44        687.39         1794.89         3229.51  
    0.069       0          358.30        747.07         1733.08         3093.26  
    0.075       0          425.37        884.38         2368.66         3371.73  
    0.081       0          418.94        864.35         2612.88         3594.86  
    0.088       0          410.80        793.89         2711.87         3669.33  
    0.094       340.11          701.18        1947.51         2728.78         3813.12  
    0.100       395.39          769.68        2338.37         2971.98         3868.77  
    0.106       399.94          815.73        2403.98         3111.41         3810.34  
    0.113       407.45          830.47        2391.83         3152.27         3747.43  
    0.119       402.56          818.56        2374.49         3181.22         3688.06  
    0.125       404.32          820.97        2393.07         3199.09         3695.76  
    0.131       406.53          819.62        2406.94         3202.18         3740.36  
    0.138       407.86          824.34        2407.04         3203.23         3765.96  
    0.144       407.87          824.93        2407.07         3217.31         3780.70  
    0.150       418.45          806.71        2429.51         3278.39         3888.03  
    0.156       424.47          800.13        2453.96         3318.98         4052.39  
    0.163       435.80          786.68        2506.18         3339.37         4224.32  
    0.169       433.74          788.61        2557.71         3348.11         4522.95  
    0.175       440.19          801.15        2588.81         3349.23         4709.08  
    0.181       464.76          820.71        2568.21         3332.87         4795.39  
    0.188       466.45          865.02        2570.53         3315.57         4751.61  
    0.194       464.58          910.82        2556.80         3276.39         4762.91  
    0.200       464.01          894.71        2534.98         3314.77         4745.77  
    0.206       476.23          855.50        2508.84         3366.13         4735.31  
    0.213       479.13          859.67        2450.32         3367.02         4813.22  
    0.219       463.10          908.31        2401.76         3363.45         4886.45  
    0.225       456.65          933.51        2414.75         3334.68         4861.82  
    0.231       465.04          930.70        2428.84         3341.60         4807.81  
    0.238       490.72          863.36        2409.47         3379.63         4674.77  
    0.244       499.26          816.30        2369.49         3381.03         4629.14  
    0.250       479.32          849.88        2393.52         3347.39         4716.55  
    0.256       462.52          880.76        2438.25         3330.08         4744.20  
    0.263       469.80          861.95        2466.08         3389.49         4712.99  
    0.269       495.67          758.11        2500.50         3432.54         4741.45  
    0.275       508.20          675.41        2518.91         3424.29         4703.55  
    0.281       451.38          747.55        2504.28         3351.92         4669.28  
    0.288       427.47          755.19        2491.54         3314.78         4255.22  
    0.294       394.79          778.10        2457.06         3236.04         3835.40  
    0.300       385.67          776.38        2441.97         3203.44         3701.56  
    0.306       387.65          774.59        2446.95         3214.73         3733.71  
    0.312       392.63          770.44        2453.90         3239.05         3787.67  
    0.319       401.26          751.88        2463.98         3255.51         3853.50  
    0.325       399.97          749.57        2461.38         3252.17         3827.10  
    0.331       388.73          760.91        2442.41         3220.32         3753.17  
    0.338       380.72          763.28        2440.53         3212.14         3734.28  
    0.344       379.08          761.08        2446.42         3217.96         3762.03  
    0.350       380.52          758.16        2430.88         3210.38         3713.47  
    0.356       378.82          755.12        2419.11         3193.25         3680.23  
    0.363       374.74          757.88        2433.10         3190.84         3708.78  
    0.369       374.85          757.08        2426.65         3194.48         3717.86  
    0.375       374.43          757.78        2434.58         3184.81         3697.37  
    0.381       370.39          759.72        2439.30         3182.42         3678.18  
    0.388       368.81          753.53        2444.11         3198.64         3702.04  
    0.394       371.79          742.52        2460.76         3215.75         3738.00  
    0.400       371.33          740.58        2458.00         3181.09         3728.88  
    0.406       366.14          746.20        2453.87         3162.89         3736.36  
    0.413       367.51          748.24        2457.16         3138.44         3728.73  
    0.419       367.75          747.60        2463.00         3077.41         3687.86  
    0.425       365.06          744.19        2467.19         3120.01         3687.44  
    0.431       358.27          742.08        2462.88         3151.51         3685.03  
    0.438       355.37          743.37        2459.47         3130.69         3538.63  
    0.444       354.12          741.57        2405.43         3050.75         3551.59  
    0.450       352.58          737.24        2387.06         3002.14         3561.56  
    0.456       351.93          733.30        2359.20         3069.58         3582.67  
    0.463       353.90          728.01        2351.25         3125.81         3679.72  
    0.469       349.75          719.71        2351.75         3192.91         3842.78  
    0.475       343.77          708.67        2254.44         3304.97         3855.01  
    0.481       344.49          706.55        2203.85         3317.93         3786.62  
    0.488       352.47          716.34        2198.69         3309.00         3756.10  
    0.494       355.35          710.15        2336.70         3313.50         3784.85  
    0.500       355.14          690.64        2414.99         3323.83         3757.46  
    0.506       343.77          660.41        2497.09         3403.50         3719.36  
    0.513       362.38          591.58        2589.23         3536.85         5190.39  
    0.519       299.62          545.43        2598.53         3621.04         5500.00  
    0.525       49.47          250.12        877.19         2811.04         4075.60  
    0.531       0          32.86        89.53         881.73         2836.76  
    0.537       0          0        423.01         1688.97         3206.89  
    0.544       0          422.35        1506.14         3029.80         4348.62  
    0.550       0          88.50        718.83         2521.22         3685.80  
    0.556       0          0        499.27         2167.98         3358.57  
    0.562       0          0        506.58         2379.85         3250.24  
    0.569       92.12          491.45        2291.48         3485.19         4391.86  
    0.575       196.53          643.18        2526.19         3387.94         4382.52  
    0.581       198.35          680.53        2151.10         3129.94         3978.48  
    0.588       33.78          118.88        828.23         2296.62         3125.34  
    0.594       0          0        543.18         2051.62         3078.73  
    0.600       0          0        533.75         2029.59         3118.58  
    0.606       81.88          444.99        1891.05         2985.57         3797.06  
    0.613       17.16          93.24        832.97         2385.69         3360.41  
    0.619       0          0        540.42         2162.85         3073.17  
    0.625       0          0        528.27         2154.28         3008.38  
    0.631       0          432.77        1784.37         2713.12         3757.17  
    0.638       0          538.74        2137.40         2924.35         3938.05  
    0.644       0          93.89        808.44         2175.01         3272.56  
    0.650       0          416.26        1665.64         2852.42         3724.36  
    0.656       304.41          503.22        2080.87         3235.24         3836.31  
    0.663       494.35          1200.41        2247.31         3283.03         3840.74  
    0.669       90.22          672.21        2023.39         3116.93         3842.60  
    0.675       0          538.03        2010.98         3405.40         4526.02  
    