0.025       308.06          1438.22        3143.85         4095.51         4961.89  
    0.031       284.12          1403.11        2940.91         3951.60         4940.75  
    0.038       62.23          312.70        1679.87         2919.68         4048.99  
    0.044       0          0        1313.93         2624.98         3718.67  
    0.050       0          0        1315.68         2678.28         3662.90  
    0.056       209.10          1217.81        1999.09         3582.63         4649.92  
    0.062       259.02          1676.96        2179.38         3826.64         4900.52  
    0.069       57.46          597.28        1892.75         3441.55         4366.34  
    0.075       0          314.73        1880.30         3504.91         4382.72  
    0.081       0          351.54        1897.97         3826.17         4546.46  
    0.088       0          374.10        2015.41         4037.21         4834.80  
    0.094       0          383.20        1706.88         4015.26         4787.77  
    0.100       225.83          383.49        1978.78         4021.30         4872.99  
    0.106       360.80          398.58        2414.65         4052.56         4989.42  
    0.113       374.67          527.07        2753.89         4063.94         4959.70  
    0.119       367.65          608.62        2867.94         4101.31         5063.91  
    0.125       365.58          637.24        2899.10         4128.09         5175.06  
    0.131       366.65          659.85        2906.94         4088.31         5071.92  
    0.138       370.49          695.27        2924.36         4063.39         4991.00  
    0.144       372.90          710.66        3033.21         4055.42         5111.93  
    0.150       375.81          713.02        2838.96         4042.25         5060.39  
    0.156       384.16          565.80        2406.37         4019.70         5152.69  
    0.163       86.74          419.05        2187.12         2780.02         4267.44  
    0.169       0          386.22        1936.23         2197.60         4005.58  
    0.175       0          384.89        1580.74         2150.19         4004.71  
    0.181       298.91          1239.81        2005.58         3605.56         5164.18  
    0.188       387.05          1434.95        2168.21         4011.98         5500.00  
    0.194       86.99          622.88        1642.73         2620.50         4353.14  
    0.200       304.14          1183.24        1997.43         3644.62         5109.79  
    0.206       393.58          1419.51        2070.17         4050.43         4780.44  
    0.213       395.45          1437.18        2020.17         4045.78         4671.23  
    0.219       397.09          1433.22        2001.34         4041.27         5022.07  
    0.225       398.47          1378.68        2015.34         4013.14         4566.68  
    0.231       402.28          1369.01        2030.92         3968.79         4440.10  
    0.238       405.43          1353.68        2050.29         3945.56         4503.86  
    0.244       406.95          1337.93        2054.48         3976.60         4495.13  
    0.250       406.78          1294.27        2039.70         4000.01         4519.06  
    0.256       404.02          1306.44        2026.23         4014.77         4542.96  
    0.263       400.70          1351.71        2072.19         4004.08         4526.96  
    0.269       398.40          1331.51        2086.32         4025.10         4564.55  
    0.275       396.25          1338.74        2108.46         4049.60         4599.10  
    0.281       396.51          1365.93        2128.99         4128.37         4667.12  
    0.288       398.86          1420.07        2115.30         4206.78         4656.46  
    0.294       401.21          1471.05        2091.53         4218.99         4645.30  
    0.300       403.21          1426.01        2049.26         4214.71         4752.75  
    0.306       406.29          1168.10        2032.86         4170.83         4765.65  
    0.312       91.38          567.28        2038.18         3970.99         4790.21  
    0.319       0          417.96        2054.18         3905.56         4895.99  
    0.325       0          94.11        792.07         2549.04         4132.88  
    0.331       322.73          512.99        2064.09         3546.23         4722.57  
    0.338       416.23          652.75        2611.50         3972.12         4937.25  
    0.344       182.61          478.74        2407.03         4031.54         4916.13  
    0.350       25.81          96.33        860.74         2608.82         4325.21  
    0.356       0          0        437.23         2164.38         4200.40  
    0.363       0          347.75        1721.17         3667.02         4589.11  
    0.369       0          100.67        830.34         2631.34         4147.84  
    0.375       263.56          383.07        2046.27         3519.96         4725.36  
    0.381       76.29          110.89        979.05         2314.82         4208.02  
    0.388       356.96          601.82        1696.43         3539.89         4769.52  
    0.394       446.19          862.32        2049.87         4034.21         4930.20  
    0.400       490.46          620.70        2036.05         4172.36         4898.37  
    0.406       318.44          569.78        2039.85         4241.64         4924.39  
    0.413       59.40          129.61        963.43         2436.53         4450.57  
    0.419       0          0        688.10         1988.53         4278.68  
    0.425       0          0        728.19         2027.61         4069.25  
    0.431       0          0        762.17         2014.57         4012.02  
    0.438       0          0        791.00         2000.06         4092.74  
    0.444       0          624.20        1668.19         2338.43         4182.24  
    0.450       0          819.98        1854.92         2733.04         4255.38  
    0.456       0          834.79        1810.84         3021.61         4225.01  
    0.463       0          850.74        1767.82         3160.71         4128.55  
    0.469       0          858.20        1721.51         3066.41         4110.45  
    0.475       0          866.44        1828.35         3875.04         5188.45  
    0.481       204.83          891.20        2110.05         3979.33         5121.28  
    0.488       314.00          1034.54        2378.00         3897.38         5182.07  
    0.494       322.33          1270.24        2461.52         3994.90         5200.06  
    0.500       323.88          1303.96        2481.85         4250.88         4925.79  
    0.506       331.66          1027.75        2530.96         4220.27         4830.92  
    0.513       333.13          855.52        2537.73         4152.26         4983.93  
    0.519       336.56          816.35        2450.80         4144.60         5129.30  
    0.525       344.95          786.32        2396.13         4197.24         5044.42  
    0.531       354.91          765.85        2379.83         4125.61         5023.55  
    0.537       396.26          720.65        2336.63         4166.62         5393.83  
    0.544       91.50          484.55        1872.37         3423.36         4662.48  
    0.550       280.36          1187.67        2193.62         4075.55         5257.56  
    0.556       331.58          1450.15        2306.87         4228.86         5500.00  
    0.562       72.49          586.03        1849.09         3275.23         4556.79  
    