0.025       0          1230.55        2078.00         2761.81         3706.48  
    0.031       0          1213.78        2021.90         2760.01         3583.23  
    0.038       272.40          1349.72        2310.94         3130.94         4717.82  
    0.044       429.17          1175.29        2550.90         3446.04         5293.44  
    0.050       411.20          865.10        2547.43         3532.32         5151.49  
    0.056       399.20          759.94        2463.58         3455.05         5114.74  
    0.062       396.85          754.44        2385.12         3351.76         4559.00  
    0.069       415.96          759.62        2356.49         3359.42         4098.85  
    0.075       426.93          765.74        2367.19         3309.52         3921.99  
    0.081       425.64          780.88        2387.45         3260.97         3836.00  
    0.088       426.02          789.74        2398.94         3280.72         3825.52  
    0.094       430.04          778.97        2401.56         3320.60         3835.74  
    0.100       435.22          766.14        2400.11         3351.03         3844.66  
    0.106       438.48          746.79        2402.79         3367.50         3850.53  
    0.113       454.15          688.21        2407.51         3397.82         3854.42  
    0.119       463.72          636.55        2414.93         3436.42         3877.39  
    0.125       456.20          649.95        2430.87         3462.85         3906.76  
    0.131       430.59          730.12        2480.37         3499.24         3915.94  
    0.138       401.26          822.55        2526.94         3489.25         3908.49  
    0.144       390.28          866.10        2551.75         3475.36         3908.49  
    0.150       388.67          878.66        2529.23         3456.76         3894.15  
    0.156       385.97          877.15        2473.27         3413.24         3878.04  
    0.163       382.56          862.13        2442.16         3394.57         3868.87  
    0.169       385.39          847.70        2437.57         3423.20         3857.80  
    0.175       391.91          846.35        2442.54         3447.80         3856.15  
    0.181       389.47          859.11        2448.18         3464.63         3839.77  
    0.188       386.45          858.47        2460.00         3481.07         3810.61  
    0.194       388.29          842.07        2468.69         3483.09         3804.68  
    0.200       387.26          838.58        2471.57         3507.91         3824.75  
    0.206       383.34          845.53        2469.56         3534.92         3849.67  
    0.213       384.39          848.93        2456.23         3505.63         3878.82  
    0.219       389.04          842.12        2442.77         3440.05         3879.74  
    0.225       393.67          827.83        2455.37         3416.38         3865.06  
    0.231       395.08          821.39        2466.27         3431.19         3877.38  
    0.238       391.88          825.40        2458.66         3408.35         3877.29  
    0.244       386.85          822.05        2458.96         3359.01         3847.42  
    0.250       384.91          814.37        2466.61         3370.63         3821.14  
    0.256       381.38          802.88        2473.43         3395.89         3826.89  
    0.263       375.86          791.57        2479.02         3397.84         3865.41  
    0.269       369.48          783.93        2477.99         3417.37         3904.46  
    0.275       361.53          776.89        2488.11         3602.45         3889.69  
    0.281       356.88          769.27        2499.61         3770.80         3843.26  
    0.288       347.51          758.95        2466.48         3660.20         3861.39  
    0.294       337.01          746.94        2431.52         3521.26         3903.31  
    0.300       333.78          733.62        2389.30         3495.59         3918.74  
    0.306       333.36          721.14        2348.77         3468.51         3911.81  
    0.312       330.67          711.84        2381.64         3438.61         3867.71  
    0.319       323.27          701.71        2357.74         3425.91         3734.25  
    0.325       312.92          705.35        2352.66         3456.59         3769.19  
    0.331       307.78          741.19        2401.44         3504.26         3870.89  
    0.338       304.27          768.68        2415.86         3486.60         3895.74  
    0.344       301.73          765.96        2306.89         3431.84         3916.11  
    0.350       292.69          756.11        2451.60         3411.01         3891.10  
    0.356       280.04          742.39        2606.32         3510.80         3932.59  
    0.363       273.42          728.30        2603.12         3583.24         4083.92  
    0.369       272.50          706.59        2683.35         3502.41         4221.97  
    0.375       255.50          682.85        2787.37         3522.63         4436.56  
    0.381       238.65          677.14        2742.70         3592.25         4532.45  
    0.388       229.78          702.90        2640.39         3621.10         4486.75  
    0.394       204.69          744.79        2590.09         3614.75         4327.07  
    0.400       182.06          845.97        2488.67         3430.79         4020.15  
    