0.025       390.82          1550.85        2365.79         3617.37         4794.90  
    0.031       359.51          1282.50        2494.28         3649.90         4798.82  
    0.038       346.68          926.39        2544.39         3730.39         4752.20  
    0.044       128.41          616.08        2507.96         3743.71         4213.89  
    0.050       0          184.85        1249.46         2927.54         3839.95  
    0.056       0          0        482.13         2447.59         3732.91  
    0.062       239.98          452.74        1789.92         3175.01         4411.62  
    0.069       378.57          730.38        2507.01         3506.63         4860.98  
    0.075       369.87          651.24        2474.06         3347.26         4856.55  
    0.081       351.20          638.73        2462.75         3247.06         4824.87  
    0.088       360.67          662.73        2497.19         3156.52         4777.34  
    0.094       348.39          664.50        2481.40         3107.66         4847.56  
    0.100       318.83          668.73        2517.87         3160.56         5160.22  
    0.106       310.32          674.69        2590.33         3338.11         5303.98  
    0.113       308.28          689.30        2789.81         3514.81         5426.62  
    0.119       306.55          694.52        2925.84         3649.24         5500.00  
    0.125       307.59          678.63        2861.80         3631.26         5500.00  
    0.131       306.74          676.81        2844.84         3522.10         5500.00  
    0.138       306.13          682.91        2767.72         3499.40         5500.00  
    0.144       305.51          703.40        2666.56         3528.85         5500.00  
    0.150       305.09          710.39        2653.97         3522.08         5500.00  
    0.156       304.54          723.02        2653.65         3487.78         5500.00  
    0.163       302.79          753.88        2624.17         3468.67         5500.00  
    0.169       301.92          762.71        2600.58         3468.93         5500.00  
    0.175       301.20          785.08        2594.02         3461.10         5500.00  
    0.181       302.51          805.10        2609.37         3447.85         5500.00  
    0.188       306.72          776.81        2654.23         3444.74         5500.00  
    0.194       310.02          739.38        2738.01         3440.61         5374.70  
    0.200       315.40          702.04        2765.20         3446.33         5307.24  
    0.206       319.56          675.88        2706.38         3482.23         5323.77  
    0.213       324.21          672.64        2680.03         3492.09         5267.90  
    0.219       332.58          673.83        2693.33         3471.21         5401.23  
    0.225       335.54          672.86        2651.18         3441.62         5500.00  
    0.231       335.12          670.05        2712.07         3450.99         5471.14  
    0.238       333.97          677.24        2764.46         3479.79         5483.26  
    0.244       331.18          675.08        2704.37         3489.49         5204.75  
    0.250       330.05          663.08        2636.66         3490.12         4975.49  
    0.256       332.00          650.78        2600.58         3486.31         5011.15  
    0.263       333.60          647.47        2560.38         3503.51         5043.61  
    0.269       333.76          643.34        2543.29         3555.16         4986.49  
    0.275       334.23          636.47        2564.81         3563.38         4929.34  
    0.281       334.67          634.59        2589.68         3535.49         4927.49  
    0.288       342.36          611.11        2611.02         3543.26         4872.86  
    0.294       343.40          607.06        2678.75         3557.68         4853.98  
    0.300       336.80          633.28        2689.42         3562.31         4990.74  
    0.306       332.20          639.23        2860.68         3558.45         5151.74  
    0.312       326.62          641.91        2884.23         3548.00         5053.38  
    0.319       323.34          647.66        2856.53         3545.16         4922.35  
    0.325       324.07          649.77        2896.23         3558.69         4875.39  
    0.331       325.21          651.15        2933.14         3548.79         4857.53  
    0.338       329.40          649.11        2929.99         3523.42         4804.75  
    0.344       333.89          638.12        2891.91         3503.84         4747.81  
    0.350       336.21          632.74        3028.03         3513.62         4739.49  
    0.356       339.01          619.46        3116.12         3507.19         4747.03  
    0.363       342.77          602.27        2965.51         3506.14         4810.58  
    0.369       347.06          579.06        2826.68         3522.06         4836.71  
    0.375       353.36          557.51        2816.19         3525.17         4860.25  
    0.381       130.72          202.27        1279.90         3100.83         4049.95  
    0.388       0          0        383.37         2841.61         3536.02  
    0.394       0          0        390.23         2601.85         3460.94  
    0.400       0          0        396.53         2583.28         3431.41  
    0.406       0          0        404.21         2539.17         3439.44  
    0.413       0          253.45        1536.88         3089.22         4252.25  
    0.419       0          147.02        1051.30         2930.92         3916.36  
    0.425       0          0        390.41         2711.85         3461.77  
    0.431       0          0        390.31         2678.38         3467.83  
    0.438       0          0        391.14         2637.02         3471.52  
    0.444       0          0        393.27         2556.05         3479.49  
    0.450       0          0        397.96         2484.48         3484.30  
    0.456       199.36          238.72        1841.99         3108.50         4460.11  
    0.463       350.19          401.33        2725.25         3469.85         5023.93  
    0.469       303.53          400.95        2709.27         3470.71         4864.76  
    0.475       230.97          388.94        2992.56         3483.40         4524.51  
    0.481       77.63          385.72        1983.34         3494.73         4101.71  
    0.488       217.64          458.84        2699.40         3802.26         4927.32  
    0.494       349.94          476.22        3132.11         3688.49         4860.91  
    0.500       349.62          511.28        3302.23         3854.79         4341.34  
    0.506       127.54          198.31        1542.08         3221.47         3799.95  
    0.513       215.71          429.02        1667.80         3237.43         4342.08  
    0.519       338.41          711.83        2443.49         3565.93         4840.15  
    0.525       123.72          268.55        1290.15         2898.18         4078.91  
    0.531       0          0        588.09         2568.21         3620.32  
    0.537       172.36          522.33        1902.16         3411.08         4433.62  
    0.544       228.61          785.83        2674.66         3900.60         4913.58  
    0.550       215.44          959.13        2605.28         3900.91         4943.36  
    0.556       216.45          1138.34        2579.83         3846.42         4914.40  
    0.562       212.73          1135.88        2472.27         3756.78         4903.24  
    0.569       206.90          1186.15        2409.46         3711.45         4897.97  
    0.575       211.61          1324.99        2450.22         3691.71         4951.93  
    0.581       224.40          1407.15        2453.26         3682.72         5085.72  
    0.588       232.27          1180.61        2552.39         3713.44         5138.33  
    0.594       607.36          1270.73        2611.50         3745.81         5222.30  
    0.600       854.95          1163.47        2571.43         3743.71         5416.45  
    0.606       320.48          375.83        1516.62         2899.64         4377.85  
    