0.025       285.78          1756.73        2698.14         3472.51         4186.09  
    0.031       227.34          1723.70        2703.73         3846.08         4296.77  
    0.038       302.53          1739.94        2791.00         4010.09         4490.33  
    0.044       389.63          1007.14        2626.00         3813.82         4511.77  
    0.050       401.38          680.16        2509.71         3762.42         4438.20  
    0.056       401.37          799.43        2500.95         3789.47         4357.23  
    0.062       405.15          859.89        2471.81         3723.95         4226.27  
    0.069       408.78          862.34        2466.05         3703.81         4129.54  
    0.075       408.13          843.80        2448.57         3655.25         4103.03  
    0.081       400.53          837.06        2379.54         3571.50         4084.56  
    0.088       392.61          833.18        2348.99         3532.86         4035.65  
    0.094       389.85          834.72        2384.67         3486.70         3975.80  
    0.100       393.83          857.66        2414.51         3521.82         3972.59  
    0.106       395.47          878.08        2427.68         3533.15         3988.28  
    0.113       394.91          887.70        2454.37         3512.68         3978.55  
    0.119       397.58          897.91        2488.09         3498.01         3995.24  
    0.125       402.18          901.38        2509.38         3496.25         4051.04  
    0.131       405.51          898.17        2506.88         3500.04         4062.43  
    0.138       407.96          892.21        2492.44         3505.28         4022.01  
    0.144       409.18          890.21        2483.27         3500.10         3967.15  
    0.150       412.45          887.82        2476.19         3481.44         3971.71  
    0.156       418.53          876.39        2475.03         3483.31         4006.41  
    0.163       419.42          869.61        2482.00         3509.18         4046.96  
    0.169       419.87          868.29        2493.29         3502.85         4074.37  
    0.175       417.78          879.98        2476.62         3479.88         4012.85  
    0.181       419.33          884.26        2459.18         3505.23         3973.81  
    0.188       431.23          866.21        2473.87         3543.28         4061.82  
    0.194       447.96          839.29        2505.07         3555.69         4288.88  
    0.200       450.40          838.17        2526.27         3553.56         4395.57  
    0.206       451.19          841.61        2528.09         3577.98         4269.66  
    0.213       464.54          820.11        2530.10         3625.67         4173.05  
    0.219       484.94          778.12        2541.08         3662.74         4189.79  
    0.225       506.11          727.56        2544.92         3669.76         4261.25  
    0.231       512.29          715.50        2553.31         3673.45         4224.60  
    0.238       511.26          728.78        2590.23         3670.61         4286.45  
    0.244       522.93          617.27        2570.55         3664.64         4297.10  
    0.250       183.37          192.41        1257.94         2903.99         3879.25  
    0.256       226.04          374.26        1828.87         3252.02         4000.40  
    0.263       486.46          579.06        2503.31         3641.50         4172.45  
    0.269       556.94          611.19        2528.51         3645.61         4258.21  
    0.275       560.74          613.47        2545.51         3636.69         4341.29  
    0.281       545.27          579.63        2538.21         3629.97         4248.92  
    0.288       497.80          563.39        2534.08         3641.16         4195.15  
    0.294       533.17          584.43        2554.10         3654.64         4177.27  
    0.300       574.00          585.87        2559.72         3659.66         4127.73  
    0.306       492.66          596.99        2572.91         3670.66         4207.41  
    0.312       418.05          601.08        2580.06         3668.16         4257.66  
    0.319       472.12          584.08        2575.02         3649.06         4112.31  
    0.325       531.49          624.68        2545.85         3631.64         4041.34  
    0.331       488.05          754.61        2526.83         3595.67         4064.18  
    0.338       440.86          832.03        2509.18         3522.90         4003.35  
    0.344       437.14          838.58        2493.03         3502.93         3984.19  
    0.350       459.76          797.86        2495.99         3498.83         4010.01  
    0.356       475.38          768.25        2497.78         3484.92         4017.48  
    0.363       477.06          779.74        2506.53         3526.80         4047.73  
    0.369       471.44          789.68        2518.57         3499.27         4016.19  
    0.375       445.05          827.64        2503.99         3450.10         3957.13  
    0.381       426.94          860.68        2468.62         3434.85         3962.11  
    0.388       422.61          879.27        2462.05         3482.90         4011.50  
    0.394       414.78          889.75        2466.35         3542.71         4051.67  
    0.400       405.94          877.80        2459.48         3497.11         4051.13  
    0.406       399.20          866.89        2439.25         3445.86         3986.48  
    0.413       391.60          858.80        2413.89         3430.09         3956.43  
    0.419       378.84          851.98        2383.79         3504.77         3968.92  
    0.425       373.23          838.26        2418.20         3589.16         4022.19  
    0.431       369.90          827.91        2520.00         3571.23         4005.63  
    0.438       355.27          837.84        2580.52         3491.00         3960.71  
    0.444       344.53          849.79        2562.09         3501.96         3956.61  
    0.450       342.58          841.06        2535.11         3597.55         4055.40  
    0.456       346.30          820.20        2500.77         3600.02         4193.10  
    0.463       387.74          620.49        2468.39         3548.27         4227.94  
    0.469       141.60          179.73        1154.47         2782.65         3770.78  
    0.475       0          0        478.76         2271.30         3521.92  
    0.481       0          0        497.96         2245.69         3540.10  
    0.488       0          0        526.18         2287.83         3581.15  
    0.494       92.57          655.58        1727.96         3058.98         4209.04  
    0.500       95.85          913.09        2503.33         3569.76         4524.87  
    0.506       94.92          897.41        2489.10         3637.90         4527.76  
    0.513       37.18          544.95        2383.31         3602.92         4464.53  
    0.519       0          355.29        2318.13         3478.31         4584.84  
    0.525       0          337.62        2273.98         3345.94         4571.39  
    0.531       169.66          1384.87        2560.24         3228.38         4470.22  
    0.537       272.61          1715.05        2601.75         3466.77         4413.04  
    0.544       294.78          1445.20        2519.64         3686.86         4408.34  
    0.550       317.26          1394.47        2585.81         3719.42         4381.33  
    