0.025       0          904.36        2049.60         2880.68         3961.87  
    0.031       508.27          1301.07        2268.97         3179.91         3945.74  
    0.038       656.55          1714.32        1994.20         3082.72         3898.75  
    0.044       133.23          959.39        1835.22         2730.17         3654.75  
    0.050       0          800.93        1617.23         2241.26         3617.47  
    0.056       0          958.42        1674.30         2147.15         3622.74  
    0.062       0          920.09        1603.88         2339.06         3609.03  
    0.069       0          845.43        1741.74         2733.28         3608.07  
    0.075       0          873.06        1819.12         2886.78         3622.85  
    0.081       0          840.82        1799.45         2890.74         3556.47  
    0.088       0          810.49        1762.42         2832.10         3512.97  
    0.094       0          810.56        1714.19         2805.94         3553.23  
    0.100       233.39          1217.82        2502.09         3381.10         5110.37  
    0.106       278.65          884.62        2300.89         3567.06         5059.98  
    0.113       282.03          743.12        2091.85         3730.24         4891.21  
    0.119       313.71          745.44        2255.62         3845.35         4831.22  
    0.125       322.82          779.29        2567.11         3673.77         4833.52  
    0.131       320.54          801.08        2663.99         3583.56         4816.49  
    0.138       319.44          797.14        2470.59         3607.08         4716.29  
    0.144       318.68          780.99        2428.20         3872.10         4640.31  
    0.150       317.22          766.65        2332.45         4038.95         4847.23  
    0.156       317.54          778.41        2134.12         4102.37         4767.01  
    0.163       321.30          830.69        1541.17         3940.52         4676.07  
    0.169       329.38          892.82        1020.43         3962.53         4665.11  
    0.175       66.69          451.58        942.06         4043.46         4379.46  
    0.181       0          340.29        1001.41         3943.80         4589.23  
    0.188       0          344.41        1034.94         3822.30         4299.44  
    0.194       0          341.82        983.98         3205.99         4319.23  
    0.200       0          339.70        932.77         2953.27         4421.12  
    0.206       0          341.34        912.51         2951.11         4310.01  
    0.213       0          336.60        848.09         2859.83         4214.55  
    0.219       0          334.86        823.44         2773.48         4117.96  
    0.225       265.84          723.47        1922.71         3729.62         5217.61  
    0.231       334.59          874.79        2021.30         3964.12         5500.00  
    0.238       335.68          930.45        1679.03         3990.35         4878.47  
    0.244       67.63          452.40        1058.20         3258.89         4308.92  
    0.250       0          323.09        887.63         2926.66         4293.04  
    0.256       254.08          737.72        2023.46         3898.61         5261.44  
    0.263       317.18          829.33        2560.73         4073.66         5500.00  
    0.269       315.81          805.85        2399.31         3812.46         5500.00  
    0.275       63.53          419.69        1219.02         3148.43         4447.98  
    0.281       0          321.18        889.98         2934.08         4210.68  
    0.288       0          322.02        863.36         2818.13         4182.36  
    0.294       0          322.68        825.54         2897.65         4172.20  
    0.300       254.21          691.75        2358.75         3918.51         5232.57  
    0.306       315.88          763.53        2580.44         4167.14         5500.00  
    0.312       317.63          745.01        2533.98         4189.32         5500.00  
    0.319       318.65          729.10        2425.30         4072.03         5500.00  
    0.325       64.19          407.23        1078.08         2881.77         4425.77  
    0.331       261.34          642.68        2129.86         3672.02         5229.15  
    0.338       325.80          689.29        2166.41         3925.21         5154.20  
    0.344       328.83          680.55        2205.31         3876.76         5412.81  
    0.350       66.39          403.30        996.40         2791.77         4304.90  
    0.356       0          329.84        657.49         2667.26         4080.43  
    0.363       260.36          560.65        2154.47         3811.02         5218.06  
    0.369       315.61          594.45        2255.18         3952.52         5057.95  
    0.375       301.37          602.35        2161.25         3913.38         4807.43  
    0.381       293.67          611.16        2467.66         3998.44         4955.02  
    0.388       290.38          594.15        2654.20         4080.55         5399.54  
    0.394       294.99          576.38        3078.66         4109.04         5500.00  
    0.400       59.66          348.86        1097.63         3959.95         4430.58  
    0.406       208.22          518.06        1934.21         3910.21         4192.55  
    0.413       251.70          581.23        2340.15         3905.99         4159.29  
    0.419       242.60          598.71        2805.50         4013.91         4096.26  
    0.425       233.11          631.00        3316.93         4074.69         5214.67  
    0.431       229.00          635.24        3418.44         4076.27         4566.87  
    0.438       229.07          642.92        3026.39         3960.39         4249.49  
    0.444       230.21          652.80        2468.97         3904.24         4199.91  
    0.450       231.95          663.92        2310.95         3912.32         4195.61  
    0.456       232.34          667.21        2404.96         3909.42         4218.17  
    0.463       237.41          665.13        2453.87         3930.96         4214.87  
    0.469       249.07          660.23        2456.56         3968.57         4161.84  
    0.475       261.52          618.35        2466.46         3841.46         4146.95  
    0.481       275.55          553.07        2487.23         3568.82         4144.70  
    0.488       288.16          428.29        2299.07         3391.12         4106.13  
    0.494       303.10          750.89        2396.17         3427.75         4033.56  
    0.500       301.87          890.04        2383.65         3523.20         4133.85  
    0.506       60.56          406.17        1874.05         3276.32         4198.20  
    0.513       0          281.43        1655.58         3197.43         4164.89  
    0.519       241.81          1360.57        2670.04         3909.37         5229.02  
    0.525       373.52          1367.86        2512.65         4014.69         5500.00  
    0.531       349.85          1294.12        2510.95         3907.48         5028.97  
    0.537       323.33          1590.82        2575.80         3842.28         4790.53  
    0.544       318.23          1663.48        2810.91         3977.77         5351.06  
    0.550       64.02          592.41        1974.79         3145.55         4295.16  
    