0.025       401.91          735.91        2887.26         3361.14         4921.07  
    0.031       401.94          739.30        2978.11         3341.48         4903.50  
    0.038       409.22          729.20        3046.88         3350.85         4882.55  
    0.044       423.68          714.92        3081.34         3422.85         4868.04  
    0.050       418.52          734.56        3116.40         3431.45         4863.39  
    0.056       422.57          720.79        3035.21         3388.48         4873.91  
    0.062       515.19          577.51        2893.38         3390.68         4869.74  
    0.069       500.92          555.52        2799.41         3377.74         4865.17  
    0.075       449.52          649.70        2742.06         3417.04         4880.90  
    0.081       411.86          717.20        2681.91         3473.18         4886.37  
    0.088       406.13          727.35        2662.60         3546.50         4885.97  
    0.094       413.60          692.37        2649.34         3483.10         4909.49  
    0.100       391.87          715.44        2625.81         3388.20         4923.24  
    0.106       382.51          723.01        2662.66         3462.93         4917.76  
    0.113       373.60          705.72        2678.86         3469.10         4913.82  
    