0.025       443.49          603.31        2494.82         3378.92         4739.68  
    0.031       484.51          572.35        2383.78         3370.34         4751.63  
    0.038       395.42          540.83        2280.14         3394.95         4752.42  
    0.044       324.76          525.55        2319.74         3421.95         4809.47  
    0.050       448.01          618.87        2487.19         3425.68         4712.50  
    0.056       283.03          563.70        2320.81         3416.80         4640.54  
    0.062       203.01          555.57        2189.69         3462.92         4740.64  
    0.069       463.44          575.19        2377.70         3424.75         4795.49  
    0.075       361.33          564.20        2441.09         3410.89         4946.04  
    0.081       406.89          561.95        2435.09         3455.68         4893.89  
    0.088       456.88          593.68        2440.58         3437.48         4831.59  
    0.094       443.35          576.34        2357.01         3399.63         4782.04  
    0.100       509.07          546.78        2323.34         3436.64         4778.09  
    0.106       485.91          587.28        2422.89         3468.58         4771.86  
    0.113       421.24          582.27        2512.15         3452.79         4846.40  
    0.119       404.48          570.51        2507.94         3418.14         4804.20  
    0.125       411.98          547.14        2434.92         3345.36         4733.56  
    0.131       405.36          548.10        2223.80         3352.34         4552.13  
    0.138       520.91          553.22        2299.47         3355.52         4540.94  
    0.144       486.37          567.08        2468.46         3349.16         4708.00  
    0.150       426.08          597.05        2323.76         3354.97         4682.39  
    0.156       76.89          111.61        948.14         2527.95         3633.06  
    0.163       0          0        643.68         2301.77         3389.12  
    0.169       0          0        628.31         2213.32         3423.53  
    0.175       236.72          506.84        2025.03         3156.42         4493.08  
    0.181       422.26          634.27        2267.71         3377.83         4826.62  
    0.188       394.58          634.78        2209.21         3409.78         4776.04  
    0.194       167.00          638.80        2167.39         3406.17         4692.67  
    0.200       340.82          666.33        2220.79         3367.44         4720.24  
    0.206       377.55          663.32        2301.73         3371.46         4687.56  
    0.213       69.28          122.36        946.17         2387.08         3615.76  
    0.219       0          0        633.17         2190.74         3390.54  
    0.225       0          0        621.56         2215.84         3445.83  
    0.231       0          506.79        1905.06         3229.90         3594.38  
    0.238       0          115.06        924.26         2563.66         3442.50  
    0.244       343.91          531.27        2061.30         3242.99         4625.68  
    0.250       433.00          634.53        2400.38         3413.71         4865.44  
    0.256       452.54          741.78        2454.23         3407.59         4816.69  
    0.263       378.25          661.63        2301.98         3452.06         4851.20  
    0.269       66.70          118.00        934.54         2432.33         3756.40  
    0.275       0          0        628.00         2230.48         3401.28  
    0.281       351.44          499.23        1979.92         3156.58         4570.25  
    0.288       319.61          588.03        2170.19         3334.34         4867.62  
    0.294       498.51          585.06        2292.95         3289.73         4914.05  
    0.300       534.68          576.72        2341.15         3379.49         5059.50  
    