0.025       0          388.82        1942.04         2842.06         3905.08  
    0.031       0          330.83        1878.63         2781.05         3949.35  
    0.038       0          307.35        1750.52         2727.34         3941.85  
    0.044       0          314.08        1276.68         2600.90         3461.00  
    0.050       0          300.10        903.63         2465.11         3249.38  
    0.056       0          292.05        869.22         2410.66         3445.37  
    0.062       146.35          583.16        1706.46         2981.22         4585.54  
    0.069       122.91          527.96        1574.96         2925.04         4464.86  
    0.075       159.11          587.77        1691.40         3074.10         4630.69  
    0.081       306.26          838.26        2386.03         3562.81         5500.00  
    0.088       325.40          860.97        2419.97         3552.10         5500.00  
    0.094       340.52          890.43        2443.10         3553.84         5347.48  
    0.100       352.85          875.61        2439.88         3540.87         5371.91  
    0.106       354.95          875.62        2467.34         3563.90         5500.00  
    0.113       354.00          892.03        2491.57         3585.42         5500.00  
    0.119       355.81          896.62        2469.79         3597.45         5500.00  
    0.125       358.07          892.53        2439.00         3612.93         5500.00  
    0.131       359.67          882.31        2446.71         3595.34         5500.00  
    0.138       363.30          864.25        2489.20         3559.80         5500.00  
    0.144       366.15          842.18        2507.47         3551.60         5500.00  
    0.150       365.21          842.38        2509.12         3559.70         5500.00  
    0.156       367.53          857.60        2517.03         3529.37         5333.81  
    0.163       369.40          850.94        2497.14         3481.59         5157.61  
    0.169       364.74          830.34        2458.77         3464.05         5049.05  
    0.175       363.17          812.84        2450.17         3486.26         5264.34  
    0.181       362.48          806.38        2456.16         3512.00         5500.00  
    0.188       359.93          790.01        2463.98         3504.98         5500.00  
    0.194       339.24          770.70        2501.82         3489.83         5500.00  
    0.200       318.63          779.12        2552.63         3482.47         5500.00  
    0.206       317.87          792.30        2553.85         3496.11         5500.00  
    0.213       317.49          795.17        2518.36         3537.16         5500.00  
    0.219       306.54          795.51        2495.70         3569.89         5500.00  
    0.225       295.52          796.22        2502.41         3574.56         5500.00  
    0.231       295.36          796.13        2543.97         3564.19         5500.00  
    0.238       301.26          794.64        2567.92         3550.05         5500.00  
    0.244       307.26          791.67        2541.34         3508.56         5500.00  
    0.250       310.64          785.12        2516.50         3489.07         5469.69  
    0.256       309.91          777.67        2510.17         3507.55         5474.55  
    0.263       307.36          772.83        2511.74         3499.88         5462.28  
    0.269       304.38          769.48        2501.66         3472.67         5286.63  
    0.275       301.75          764.81        2481.48         3452.02         5199.33  
    0.281       301.05          758.62        2469.74         3436.25         5195.21  
    0.288       302.29          751.62        2462.41         3435.03         5266.76  
    0.294       306.42          746.17        2453.99         3436.27         5322.80  
    0.300       314.49          741.45        2449.43         3440.17         5200.71  
    0.306       328.63          726.66        2470.49         3443.81         5141.59  
    0.312       346.75          705.69        2527.74         3464.23         5345.78  
    0.319       353.64          716.82        2567.65         3494.50         5370.15  
    0.325       357.95          740.36        2548.12         3493.89         5182.71  
    0.331       363.71          748.96        2522.40         3470.10         5052.06  
    0.338       360.66          751.50        2508.41         3459.12         5000.10  
    0.344       355.56          736.60        2509.63         3479.61         4897.63  
    0.350       356.69          686.67        2534.91         3504.02         4716.14  
    0.356       352.98          655.95        2536.12         3545.13         4583.85  
    0.363       342.99          660.36        2508.39         3580.55         4523.55  
    0.369       336.15          660.56        2486.39         3589.12         4480.61  
    0.375       331.11          658.47        2484.72         3601.72         4394.47  
    0.381       324.25          672.55        2508.80         3601.54         4322.17  
    0.388       316.39          708.63        2539.13         3547.22         4346.34  
    0.394       311.57          740.25        2549.22         3537.54         4428.86  
    0.400       306.91          751.21        2547.05         3528.50         4489.46  
    0.406       300.32          749.93        2547.66         3472.14         4583.75  
    0.413       295.98          747.56        2543.41         3446.30         4501.86  
    0.419       294.36          742.43        2546.35         3465.05         4337.87  
    0.425       293.84          737.15        2547.19         3500.62         4229.75  
    0.431       293.32          733.21        2557.53         3516.22         4209.80  
    0.438       295.46          729.67        2546.97         3509.41         4447.89  
    0.444       298.19          730.62        2496.97         3506.74         4680.47  
    0.450       289.08          680.26        2479.39         3494.83         4722.25  
    0.456       256.32          641.34        2502.02         3504.08         4708.38  
    0.463       107.54          294.52        1291.22         2991.34         4050.34  
    0.469       154.37          525.86        1503.32         3083.17         4062.99  
    0.475       292.79          1241.42        2525.23         3567.18         4508.34  
    0.481       287.77          1492.23        2533.42         3589.32         4583.33  
    0.488       273.85          1482.25        2567.64         3546.57         4776.87  
    0.494       298.13          1132.09        2625.80         3540.75         4930.10  
    