0.025       0          186.10        1625.29         3060.61         4249.53  
    0.031       0          922.11        2155.22         3448.04         4160.93  
    0.038       0          748.94        2087.72         3313.39         4159.14  
    0.044       0          589.75        1860.00         3203.01         4161.86  
    0.050       524.21          1725.21        2839.95         3772.12         4840.02  
    0.056       87.37          273.93        1987.11         3262.86         3628.44  
    0.062       359.21          1460.11        2733.42         3855.41         4692.22  
    0.069       473.21          1714.66        3045.05         4075.37         4745.41  
    0.075       68.89          1602.83        2979.83         3882.34         4696.58  
    0.081       0          226.27        1788.15         3097.64         4141.01  
    0.088       575.08          1490.51        2846.50         3963.14         5292.72  
    0.094       710.36          1965.51        3150.04         4050.08         4708.24  
    0.100       774.14          1534.13        2628.59         3830.23         4804.13  
    0.106       111.95          1296.33        2411.79         3622.31         4739.43  
    0.113       0          1181.04        2255.50         3705.54         4396.93  
    0.119       0          1316.74        2190.15         3581.82         4047.81  
    0.125       0          1311.62        2280.06         3385.09         4157.87  
    0.131       0          1202.10        2136.61         3296.94         4332.16  
    0.138       987.95          1385.94        2788.71         3999.30         5336.68  
    0.144       800.44          1614.68        2792.26         3864.09         5047.21  
    0.150       105.96          1086.02        2188.95         3540.01         4394.52  
    0.156       0          1089.50        2109.19         3348.54         4236.95  
    0.163       0          1186.51        2107.68         3341.83         4191.67  
    0.169       654.52          1743.89        3091.54         4066.35         5312.26  
    0.175       109.09          1222.74        2420.45         3502.79         4696.87  
    0.181       0          1019.37        2356.65         3318.78         4404.82  
    0.188       592.72          1498.72        2740.86         3905.11         4884.92  
    0.194       327.20          1535.24        2856.66         3800.72         4809.29  
    0.200       38.07          1404.24        2375.09         3621.83         4856.02  
    0.206       605.89          1721.53        2582.91         3842.24         5033.49  
    0.213       100.98          1077.89        2098.66         3198.01         4442.75  
    0.219       0          1385.23        1891.57         3120.40         4281.42  
    0.225       526.01          1629.54        2817.09         3892.62         4663.50  
    0.231       620.16          1826.95        3122.28         3612.78         4844.25  
    0.238       467.14          1699.66        2840.23         3756.96         4777.14  
    0.244       63.07          1559.93        2115.17         3360.74         4817.42  
    0.250       0          1219.51        2045.30         3234.02         4457.50  
    0.256       0          1236.00        2419.07         3110.62         4266.87  
    0.263       391.69          1598.01        2738.60         3750.88         4749.37  
    0.269       586.21          1730.88        2907.57         3860.06         4771.55  
    0.275       644.46          1639.47        2900.92         3915.93         4876.06  
    0.281       92.94          1304.17        2520.14         3436.85         4813.95  
    0.288       0          1181.02        2784.45         3280.77         4805.65  
    0.294       0          1223.60        2355.67         3307.12         4617.49  
    0.300       0          1272.67        2067.16         3378.11         4421.00  
    0.306       0          952.20        1987.41         3493.73         4667.39  
    0.312       0          917.43        1763.96         3398.82         4337.74  
    0.319       0          989.44        1809.64         3276.64         4277.31  
    0.325       0          796.28        2025.31         3287.00         4425.86  
    0.331       440.37          1707.35        2929.66         3903.60         4716.41  
    0.338       410.42          1730.71        3078.36         3967.39         4702.09  
    0.344       56.17          244.05        1651.28         3005.22         4208.04  
    0.350       0          1132.57        2403.39         3140.95         4156.95  
    0.356       0          1527.72        2137.36         3126.05         4266.26  
    0.363       0          1192.79        2127.85         3142.30         4411.53  
    0.369       0          1150.09        2214.88         3392.00         4383.68  
    0.375       0          1143.81        2349.07         3537.57         4192.59  
    0.381       0          1318.08        2827.52         3097.21         3982.56  
    0.388       0          1452.48        2169.46         3440.20         4724.62  
    0.394       0          606.45        1844.65         3479.97         4666.37  
    0.400       0          66.08        800.79         2553.46         4116.97  
    0.406       0          542.24        2005.54         3499.45         4175.01  
    0.413       0          616.74        2198.63         3533.36         4125.97  
    0.419       0          558.74        2180.93         3497.55         4162.66  
    0.425       0          78.50        765.81         2394.00         3680.47  
    0.431       0          449.46        1952.84         3440.94         4082.51  
    0.438       0          74.91        769.19         2396.30         3694.66  
    0.444       0          0        548.29         2178.07         3611.80  
    0.450       0          479.08        1863.89         3313.99         4026.03  
    0.456       0          554.21        2079.30         3449.68         4119.06  
    0.463       0          539.23        2100.42         3446.78         4143.45  
    0.469       0          533.60        2087.58         3417.14         4093.07  
    0.475       0          525.06        2054.29         3343.60         4016.29  
    0.481       0          519.02        2075.02         3337.85         3961.04  
    0.488       0          515.12        2109.46         3429.56         3845.40  
    0.494       0          515.13        2112.76         3370.64         3948.13  
    0.500       0          536.91        2099.90         3554.95         3933.72  
    0.506       0          567.69        2112.66         3559.47         4060.28  
    0.513       0          577.67        2071.76         3408.96         4059.94  
    0.519       0          579.42        2056.42         3484.27         3942.84  
    0.525       0          578.35        2104.25         3506.15         4681.03  
    0.531       0          578.72        2118.50         3391.10         4315.30  
    0.537       0          582.53        2145.42         3281.34         4213.87  
    0.544       0          572.18        2173.97         3299.04         4185.25  
    0.550       0          551.11        2162.92         3373.07         4179.43  
    0.556       0          535.17        2175.46         3397.17         4499.54  
    0.562       0          549.49        2188.54         3485.13         4909.38  
    0.569       0          78.89        806.45         2385.32         3806.63  
    0.575       0          0        572.56         2222.74         3596.82  
    0.581       0          481.35        1942.58         3390.08         4211.56  
    0.588       0          547.87        2119.40         3463.16         4386.79  
    0.594       0          546.56        2141.12         3284.82         4255.40  
    0.600       0          560.66        2108.55         3700.98         4333.12  
    0.606       0          547.88        2281.25         4062.25         4632.02  
    0.613       380.74          996.38        2357.01         3897.56         4840.37  
    0.619       389.15          1328.88        2449.81         3854.21         4822.32  
    0.625       54.28          666.46        2281.41         3419.37         4709.64  
    0.631       187.14          1189.70        2753.92         3802.24         4805.01  
    0.638       230.99          1404.46        2771.34         4083.38         5403.40  
    0.644       201.29          1631.09        2969.63         4190.61         5500.00  
    0.650       28.00          237.98        429.22         2025.22         3675.04  
    0.656       0          840.12        1823.97         3235.57         4295.84  
    0.663       0          642.23        2103.45         3841.42         4071.64  
    0.669       255.50          1469.65        2690.89         3999.35         5286.94  
    0.675       42.58          230.99        1403.31         2954.97         3985.44  
    0.681       0          0        971.16         2758.03         3869.22  
    0.688       48.81          1591.81        2826.72         3974.30         5270.27  
    0.694       8.14          265.30        1801.50         3293.42         3856.85  
    0.700       524.97          1467.68        3033.23         3782.87         4707.21  
    0.706       582.66          1697.62        3135.74         4008.09         5413.51  
    0.713       486.43          1612.10        2936.09         3943.42         5119.50  
    0.719       632.45          1623.36        2938.43         3858.88         4982.20  
    0.725       662.59          1578.28        2947.61         4157.73         4856.27  
    0.731       94.73          224.30        1507.30         2956.30         4117.94  
    0.738       0          922.99        2327.23         3590.83         4652.40  
    0.744       0          1267.62        2247.85         3409.36         4711.40  
    0.750       0          185.63        1828.66         3135.10         3465.33  
    0.756       229.91          1728.34        2709.92         3371.29         4584.22  
    0.763       452.23          1740.17        2652.65         3771.23         4881.31  
    0.769       68.99          242.02        1653.42         2999.95         4054.35  
    0.775       0          957.65        2327.82         3424.22         4579.44  
    0.781       0          1298.68        2135.89         3367.00         4673.04  
    0.788       0          1163.93        1787.64         3278.96         4534.67  
    0.794       0          1209.81        2128.93         3269.82         4396.02  
    0.800       0          174.58        1445.49         2845.13         3934.57  
    0.806       425.04          1406.82        2689.92         3631.93         4791.77  
    0.812       558.60          1695.57        2937.86         3950.52         4762.58  
    0.819       81.29          951.77        2310.75         3437.46         4424.96  
    0.825       506.07          1622.70        2936.04         3960.10         5339.12  
    0.831       445.55          1619.74        2951.05         3921.98         5500.00  
    0.838       60.20          228.16        1488.29         2952.75         3971.58  
    0.844       0          0        1385.77         2602.33         3637.06  
    0.850       0          0        1368.65         2506.04         3699.66  
    0.856       0          960.77        2170.81         3554.85         4646.17  
    0.863       0          946.10        2234.36         3593.16         4831.11  
    