0.025       0          418.47        2020.32         2975.64         4242.97  
    0.031       336.65          2151.43        2654.92         4187.15         5474.06  
    0.038       7.09          358.53        2173.16         3200.34         4240.74  
    0.044       0          326.46        1752.87         2841.43         4062.06  
    0.050       301.11          554.07        2793.46         3501.69         5470.26  
    0.056       283.97          550.58        2812.17         3476.76         5274.86  
    0.062       280.54          543.77        2765.23         3335.99         5276.81  
    0.069       298.06          551.80        2813.49         3209.25         5309.94  
    0.075       342.05          615.69        2783.74         3092.69         5276.01  
    0.081       366.66          701.97        2764.73         3213.68         5289.23  
    0.088       396.36          760.89        2833.49         3315.08         5303.64  
    0.094       411.34          805.27        2828.14         3350.40         5293.67  
    0.100       414.71          820.89        2950.26         3367.02         5231.81  
    0.106       412.40          809.45        2950.43         3348.62         5200.71  
    0.113       409.42          798.28        2955.90         3316.50         5218.63  
    0.119       407.46          798.58        2842.03         3302.05         5216.85  
    0.125       406.47          809.30        2741.43         3292.63         5166.28  
    0.131       411.74          825.40        2761.24         3292.81         5176.27  
    0.138       416.53          829.06        2736.36         3312.12         5184.87  
    0.144       417.88          830.96        2728.08         3278.55         5158.06  
    0.150       416.73          823.15        2842.59         3267.30         5133.07  
    0.156       415.16          817.42        2798.81         3293.08         5119.51  
    0.163       413.30          807.30        2758.25         3284.39         5112.90  
    0.169       411.37          805.71        2713.40         3286.71         5188.77  
    0.175       409.96          818.16        2684.39         3270.73         5204.34  
    0.181       410.62          829.24        2686.93         3231.96         5194.66  
    0.188       412.90          834.71        2696.55         3249.68         5230.47  
    0.194       412.04          837.60        2643.61         3283.46         5244.18  
    0.200       410.41          841.30        2647.48         3285.55         5195.49  
    0.206       409.93          848.49        2680.86         3271.70         5230.08  
    0.213       409.45          854.95        2679.83         3280.38         5226.36  
    0.219       409.82          855.92        2665.85         3304.27         5190.77  
    0.225       411.13          850.44        2650.77         3279.30         5142.71  
    0.231       412.78          841.60        2642.49         3215.07         5096.58  
    0.238       413.97          833.37        2661.83         3174.12         5098.31  
    0.244       413.31          829.78        2631.76         3227.33         5107.33  
    0.250       412.36          825.18        2641.05         3261.16         5139.22  
    0.256       411.96          820.20        2648.81         3250.35         5117.25  
    0.263       412.74          817.07        2668.52         3241.66         5173.24  
    0.269       413.71          813.29        2654.36         3228.95         5156.17  
    0.275       413.01          809.71        2683.81         3168.43         5139.59  
    0.281       411.85          796.45        2712.97         3153.14         5166.38  
    0.288       411.12          784.73        2740.83         3144.10         5213.47  
    0.294       411.51          773.43        2665.08         3214.96         5199.48  
    0.300       413.01          753.11        2674.77         3246.47         5292.76  
    0.306       413.77          726.72        2734.87         3258.77         5375.48  
    0.312       414.68          707.47        2738.30         3292.45         5497.47  
    0.319       415.29          683.42        2764.19         3289.98         5500.00  
    0.325       412.58          641.25        2739.75         3276.73         5500.00  
    0.331       407.78          603.78        2705.95         3247.85         5500.00  
    0.338       401.06          569.40        2707.28         3164.32         5250.70  
    0.344       392.01          549.99        2724.17         3102.15         5232.10  
    0.350       388.36          572.65        2755.05         3130.67         5246.94  
    0.356       391.22          548.00        2761.09         3174.63         5494.78  
    0.363       389.37          578.31        2729.20         3178.34         5500.00  
    0.369       380.02          659.71        2679.20         3182.97         5500.00  
    0.375       377.81          712.90        2636.45         3177.25         5314.39  
    0.381       377.55          744.52        2541.36         3182.19         5263.47  
    0.388       367.15          807.19        2536.30         3190.79         5340.27  
    0.394       356.27          771.43        2602.62         3186.72         5291.22  
    0.400       343.31          729.15        2606.26         3230.41         5102.24  
    0.406       352.08          662.48        2677.83         3165.98         5213.00  
    0.413       349.06          621.43        2684.58         3200.56         5154.72  
    0.419       334.03          593.62        2689.16         3277.87         5158.24  
    0.425       320.03          577.67        2676.07         3297.39         5144.01  
    0.431       329.67          550.05        2661.35         3295.41         5126.18  
    0.438       340.14          591.93        2655.88         3273.95         5137.53  
    0.444       348.15          753.26        2647.33         3251.06         5105.66  
    0.450       357.21          665.25        2593.31         3237.19         5118.92  
    0.456       7.37          13.69        395.07         2435.38         3275.87  
    