0.025       559.33          1743.16        2966.98         3915.02         5297.92  
    0.031       649.48          1707.38        3073.63         3560.31         5414.77  
    0.038       641.37          1163.91        2938.65         3392.76         5341.69  
    0.044       528.34          827.72        2778.06         3465.61         5107.29  
    0.050       462.40          851.58        2776.84         3469.71         4944.81  
    0.056       438.17          838.55        2779.34         3453.91         4896.73  
    0.062       437.82          868.49        2766.91         3441.10         4830.14  
    0.069       453.13          968.17        2735.11         3452.09         4874.43  
    0.075       462.77          1188.29        2698.91         3486.27         4878.93  
    0.081       467.80          1394.66        2659.55         3528.65         4708.74  
    0.088       471.94          1476.13        2642.75         3568.23         4620.35  
    0.094       470.41          1487.25        2617.39         3641.94         4698.06  
    0.100       468.01          1471.17        2592.86         3676.83         4793.33  
    0.106       471.56          1475.65        2610.48         3665.14         4871.97  
    0.113       482.83          1517.64        2756.45         3701.28         4842.91  
    0.119       491.59          1536.57        2888.94         3609.53         4746.42  
    0.125       490.26          1534.08        2921.64         3573.65         4712.92  
    0.131       489.00          1541.12        2951.23         3611.36         4696.68  
    0.138       490.93          1544.03        2988.54         3674.28         4624.81  
    0.144       490.88          1533.97        3009.63         3717.11         4589.39  
    0.150       490.39          1527.25        3034.13         3677.78         4605.97  
    0.156       492.30          1552.77        2994.82         3578.64         4612.93  
    0.163       495.01          1580.63        2921.04         3530.70         4641.54  
    0.169       498.67          1594.45        2918.82         3541.07         4668.49  
    0.175       496.28          1562.02        2842.17         3545.11         4613.72  
    0.181       495.24          1542.90        2763.24         3501.28         4587.43  
    0.188       502.84          1534.18        2747.12         3475.30         4599.69  
    0.194       509.07          1493.43        2722.59         3491.82         4631.66  
    0.200       528.15          1450.67        2747.25         3478.46         4695.11  
    0.206       541.19          1426.28        2758.19         3467.72         4739.33  
    0.213       543.45          1408.48        2758.29         3479.15         4748.90  
    0.219       549.08          1403.38        2783.73         3463.96         4722.18  
    0.225       554.29          1390.95        2729.98         3467.46         4673.49  
    0.231       551.99          1340.70        2675.15         3496.86         4626.77  
    0.238       548.28          1301.36        2708.85         3509.38         4579.60  
    0.244       548.01          1307.26        2780.89         3496.83         4491.78  
    0.250       538.83          1307.07        2732.52         3503.81         4494.82  
    0.256       529.88          1277.61        2595.18         3531.48         4553.06  
    0.263       517.13          1215.28        2514.86         3561.90         4544.67  
    0.269       496.88          1145.77        2473.87         3593.22         4548.24  
    0.275       489.89          1109.06        2432.42         3593.93         4536.55  
    0.281       475.63          1128.09        2478.61         3567.46         4560.32  
    0.288       461.21          1170.14        2483.93         3543.62         4624.29  
    0.294       464.65          1200.37        2503.74         3546.34         4658.11  
    0.300       489.40          1211.84        2534.54         3543.63         4659.52  
    0.306       524.92          1157.72        2737.64         3575.20         4565.53  
    0.312       494.81          975.53        2813.73         3581.84         4631.73  
    0.319       454.70          807.54        2829.58         3532.74         4774.77  
    0.325       457.65          733.45        2861.65         3534.45         4808.40  
    0.331       429.38          708.41        2795.60         3507.91         4909.67  
    0.338       312.32          680.55        2772.49         3344.78         4929.54  
    0.344       374.44          724.13        2794.14         3585.62         5242.67  
    0.350       495.38          943.12        2780.79         3781.65         5075.28  
    0.356       603.29          874.60        2821.86         3300.38         4771.02  
    0.363       588.49          986.52        2795.90         3293.19         4880.88  
    0.369       521.26          1244.17        2789.86         3865.39         5271.43  
    0.375       519.97          1257.00        2807.08         4090.39         5208.70  
    0.381       553.34          1164.51        2741.24         3886.34         4980.70  
    0.388       523.24          1277.12        2678.75         3713.78         4981.70  
    0.394       487.89          1429.37        2724.46         3652.09         4924.16  
    0.400       465.68          1436.55        2726.63         3862.12         4875.53  
    0.406       189.08          895.46        2231.90         3489.05         4659.84  
    0.413       0          570.37        1932.91         3092.92         4327.59  
    0.419       349.81          1024.45        2402.21         3512.51         4951.68  
    0.425       591.99          1426.04        2739.80         3828.72         5500.00  
    