0.025       0          0        1203.95         2631.95         3642.64  
    0.031       0          0        1311.27         2674.85         3617.65  
    0.038       0          0        1299.52         2704.35         3609.12  
    0.044       0          534.30        1826.18         2745.06         3614.75  
    0.050       0          755.00        1497.28         2731.97         3505.07  
    0.056       295.47          759.99        1902.61         3082.75         3911.27  
    0.062       532.92          872.34        2667.68         3356.19         4361.55  
    0.069       549.10          882.15        2678.65         3369.50         4441.80  
    0.075       559.37          893.52        2683.75         3418.81         4454.67  
    0.081       554.43          891.74        2692.20         3410.09         4353.36  
    0.088       560.61          896.52        2685.69         3391.16         4286.07  
    0.094       572.58          903.23        2681.26         3405.34         4288.53  
    0.100       569.28          895.16        2678.00         3423.45         4281.90  
    0.106       564.89          892.81        2675.03         3425.35         4306.99  
    0.113       561.73          898.44        2677.01         3409.25         4333.61  
    0.119       557.52          900.38        2678.77         3401.95         4335.65  
    0.125       557.04          903.90        2685.42         3420.34         4332.08  
    0.131       558.29          905.92        2695.46         3452.94         4368.06  
    0.138       560.09          900.06        2706.41         3478.97         4413.19  
    0.144       563.41          894.93        2737.94         3507.42         4442.38  
    0.150       567.38          889.82        2755.44         3560.46         4492.18  
    0.156       572.04          879.06        2764.38         3588.53         4734.91  
    0.163       574.52          866.49        2774.72         3566.05         5011.80  
    0.169       573.65          859.89        2753.29         3539.89         5058.50  
    0.175       574.66          861.60        2744.18         3549.97         5296.63  
    0.181       577.33          864.61        2750.21         3577.06         5500.00  
    0.188       578.16          865.88        2759.17         3637.71         5500.00  
    0.194       577.49          868.36        2769.25         3684.15         5500.00  
    0.200       577.51          875.33        2795.07         3655.28         5500.00  
    0.206       249.09          709.47        1716.89         3154.26         4409.30  
    0.213       327.12          754.91        1943.82         3220.75         4673.61  
    0.219       247.85          711.00        1686.12         3082.64         4360.48  
    0.225       0          579.23        882.26         2728.59         3472.38  
    0.231       332.25          753.07        1917.98         3133.06         4617.89  
    0.238       588.31          886.95        2714.53         3456.75         5500.00  
    0.244       255.01          724.71        1684.46         3043.91         4339.68  
    0.250       0          601.50        905.19         2728.49         3480.57  
    0.256       0          601.03        911.20         2728.18         3499.66  
    0.263       0          598.94        910.20         2742.30         3493.85  
    0.269       0          596.12        911.15         2752.69         3473.98  
    0.275       333.91          774.55        1945.52         3154.26         4622.33  
    0.281       585.01          911.24        2727.33         3466.96         5500.00  
    0.288       583.97          914.85        2731.55         3454.21         5120.61  
    0.294       589.32          921.86        2747.49         3478.86         4793.90  
    0.300       582.80          914.74        2749.01         3527.46         4751.40  
    0.306       571.60          901.57        2742.28         3541.68         4731.71  
    0.312       573.33          891.85        2737.16         3548.37         5165.54  
    0.319       581.64          888.03        2722.38         3545.43         5500.00  
    0.325       585.26          888.72        2711.29         3519.20         5500.00  
    0.331       588.43          892.30        2710.63         3504.93         5500.00  
    0.338       594.43          900.53        2718.08         3502.45         5500.00  
    0.344       594.60          903.62        2719.56         3504.85         5055.55  
    0.350       601.24          901.35        2717.62         3506.35         4540.35  
    0.356       606.53          898.68        2710.25         3502.92         4213.26  
    0.363       605.17          896.75        2709.34         3506.60         4114.91  
    0.369       593.98          889.95        2717.51         3517.94         4243.10  
    0.375       580.23          883.51        2733.31         3540.58         4439.70  
    0.381       569.79          871.16        2735.31         3525.62         5038.63  
    0.388       569.00          841.70        2706.03         3458.88         5413.96  
    0.394       572.47          833.96        2698.68         3458.66         5461.00  
    0.400       573.78          864.33        2704.55         3496.23         5500.00  
    0.406       576.45          885.85        2693.49         3501.39         4469.07  
    0.413       580.16          887.13        2683.94         3484.36         3783.31  
    0.419       592.53          888.12        2687.83         3479.52         3968.48  
    0.425       585.63          883.81        2768.71         3520.44         4876.70  
    0.431       584.70          891.32        2772.24         3521.19         5500.00  
    0.438       588.79          892.90        2708.83         3495.56         4581.69  
    0.444       587.29          881.99        2695.67         3501.49         4310.05  
    0.450       596.85          885.02        2701.44         3497.58         5125.58  
    0.456       595.63          900.62        2709.81         3499.09         5127.52  
    0.463       604.84          910.26        2696.45         3522.18         4995.60  
    0.469       611.17          900.71        2690.72         3482.24         4638.38  
    0.475       599.59          887.27        2684.77         3456.64         4006.17  
    0.481       593.77          891.54        2673.11         3480.43         4058.40  
    0.488       591.61          900.12        2706.34         3503.30         4636.04  
    0.494       537.98          865.09        2739.05         3529.40         5251.70  
    0.500       469.05          832.32        2758.05         3552.57         5500.00  
    0.506       492.70          836.75        2751.31         3571.62         4895.77  
    0.513       538.18          850.94        2734.00         3606.26         4421.78  
    0.519       235.45          681.17        1667.03         3129.00         3993.70  
    0.525       296.38          735.65        1950.37         3236.60         4714.88  
    0.531       513.77          879.41        2774.63         3586.41         4760.10  
    0.537       488.01          851.41        2754.86         3537.59         3897.23  
    0.544       517.38          838.13        2668.50         3416.41         3596.29  
    0.550       558.61          848.41        2607.87         3292.32         3508.92  
    0.556       564.49          853.85        2591.22         3377.24         3576.62  
    0.562       570.99          861.39        2572.26         3527.18         3639.96  
    0.569       578.43          906.11        2632.88         3275.74         3761.35  
    0.575       569.60          1027.46        2603.47         3115.32         3867.65  
    0.581       528.42          1021.08        2491.77         3163.53         3865.48  
    0.588       455.82          980.35        2465.54         3181.78         3862.27  
    0.594       485.81          974.44        2482.64         3235.20         3853.53  
    