0.025       483.87          791.15        2972.83         3596.92         5381.06  
    0.031       485.75          865.36        2841.56         3597.65         5480.01  
    0.038       470.31          905.64        2787.18         3560.90         5182.16  
    0.044       459.81          892.80        2882.04         3583.88         4829.04  
    0.050       462.60          866.28        2953.11         3619.02         4519.31  
    0.056       476.54          869.36        3023.37         3672.48         4314.48  
    0.062       493.50          866.78        2815.55         3681.81         3956.72  
    0.069       502.12          858.25        2783.86         3684.06         5063.13  
    0.075       520.51          831.58        2768.79         3565.86         4277.13  
    0.081       519.86          833.59        2719.06         3424.02         3756.26  
    0.088       540.22          790.64        2804.91         3449.26         3806.90  
    0.094       558.79          789.83        2853.24         3461.50         4360.56  
    0.100       575.34          824.71        2849.41         3489.73         4544.55  
    0.106       574.31          923.23        2880.36         3456.55         4732.58  
    0.113       578.56          990.38        2953.91         3512.89         5376.91  
    0.119       569.47          1154.80        2928.64         3485.84         5061.69  
    0.125       555.54          1234.37        2817.50         3400.66         4616.59  
    0.131       551.15          1285.28        2827.36         3388.81         4450.01  
    0.138       546.17          1296.75        2817.16         3392.74         4479.63  
    0.144       539.84          1293.11        2771.58         3409.48         4538.31  
    0.150       536.08          1337.21        2786.64         3498.69         4671.55  
    0.156       531.55          1355.02        2789.35         3522.15         4794.98  
    0.163       531.51          1379.14        2835.88         3482.47         4780.61  
    0.169       527.00          1403.08        2852.14         3533.10         4817.96  
    0.175       523.36          1445.62        2899.05         3573.29         5001.43  
    0.181       524.45          1410.10        2843.41         3567.78         4957.46  
    0.188       525.91          1366.42        2718.20         3557.26         4883.77  
    0.194       523.00          1364.10        2742.87         3574.18         4830.28  
    0.200       523.77          1418.16        2875.04         3590.74         4738.99  
    0.206       525.85          1485.64        2995.00         3609.37         4755.65  
    0.213       529.76          1470.91        3165.69         3520.33         4776.03  
    0.219       531.79          1463.61        3285.92         3452.21         4584.46  
    0.225       527.37          1491.65        3241.23         3650.34         4360.71  
    0.231       521.60          1514.88        3225.51         3343.81         4347.26  
    0.238       511.63          1493.82        3199.01         3276.25         4431.57  
    0.244       506.89          1444.85        3124.13         3306.66         4541.20  
    0.250       504.72          1430.83        3252.18         3310.79         4694.39  
    0.256       505.60          1448.77        3236.22         3551.70         4936.28  
    0.263       505.00          1471.10        3289.57         3597.90         5412.57  
    0.269       503.26          1444.82        3126.12         3510.19         5137.82  
    0.275       504.90          1430.83        3203.96         3499.41         5084.48  
    0.281       509.90          1462.18        3302.24         3652.69         5430.85  
    0.288       85.83          677.31        1797.17         3389.00         4022.00  
    0.294       431.11          1261.94        3043.05         3397.96         5201.50  
    0.300       519.70          1381.54        3034.00         3489.02         5150.24  
    0.306       524.31          1356.28        2845.01         3586.79         4978.20  
    0.312       530.83          1284.04        2906.49         3583.05         4891.87  
    0.319       534.51          1237.75        3060.21         3455.81         4750.13  
    0.325       538.68          1176.60        3012.73         3459.94         4643.44  
    0.331       549.06          1164.54        2936.08         3391.27         4448.81  
    0.338       558.11          1159.99        2888.60         3310.67         3925.78  
    0.344       557.88          1019.99        2819.81         3242.16         3800.72  
    0.350       542.40          939.14        2794.85         3398.54         3766.50  
    0.356       526.41          905.39        2756.47         3391.09         4041.99  
    0.363       515.27          889.68        2703.29         3346.24         4303.72  
    0.369       502.63          867.78        2654.96         3363.95         4535.04  
    0.375       496.81          855.35        2582.04         3432.31         4641.46  
    0.381       498.37          847.14        2557.63         3497.42         4581.10  
    0.388       502.46          843.92        2631.56         3489.78         4595.13  
    0.394       506.03          845.74        3000.04         3470.97         4480.22  
    0.400       508.28          846.80        3213.17         3637.68         4557.31  
    0.406       506.53          840.02        3197.37         3623.60         5345.05  
    0.413       85.04          559.00        1206.34         3179.27         3927.95  
    0.419       414.50          715.59        2557.70         3516.68         5182.50  
    0.425       454.09          786.09        2738.16         3606.27         4983.16  
    0.431       409.53          832.90        2694.56         3575.42         5395.62  
    0.438       367.36          842.73        2740.82         3582.95         5087.74  
    0.444       329.40          796.59        2644.18         3620.45         4737.46  
    0.450       54.30          132.27        880.41         2679.41         3831.67  
    0.456       30.22          504.87        2169.06         3497.47         4751.99  
    0.463       148.06          675.26        2537.30         3685.34         4979.51  
    0.469       212.11          748.46        2585.69         3689.05         4960.26  
    0.475       233.60          792.02        2569.76         3712.89         4904.09  
    0.481       39.70          134.15        937.67         2732.11         3872.28  
    0.488       0          0        526.99         2540.81         3668.67  
    0.494       139.40          763.43        2296.58         3545.99         4843.25  
    