0.025       483.51          778.50        2747.67         3417.99         4197.06  
    0.031       478.53          791.81        2710.80         3417.82         4226.96  
    0.038       483.32          792.72        2643.71         3424.31         4210.06  
    0.044       490.91          773.32        2630.60         3421.80         4172.17  
    0.050       474.67          808.89        2625.70         3422.00         4205.20  
    0.056       473.76          825.67        2644.63         3439.36         4215.32  
    0.062       481.09          839.09        2587.71         3456.42         4219.38  
    0.069       495.68          828.93        2560.66         3434.29         4167.13  
    0.075       521.18          821.91        2573.01         3433.46         4156.59  
    0.081       548.95          800.30        2585.52         3421.33         4070.60  
    0.088       554.12          790.69        2584.12         3407.45         3949.51  
    0.094       562.42          776.32        2586.10         3415.10         4105.64  
    0.100       580.82          749.30        2591.29         3427.70         4192.75  
    0.106       597.73          702.08        2599.10         3431.86         4218.00  
    0.113       466.18          646.17        2605.34         3438.96         4172.53  
    0.119       38.49          54.39        806.08         2676.50         3510.42  
    0.125       0          0        626.36         2614.99         3453.81  
    0.131       285.21          567.50        2461.66         3380.02         4040.72  
    0.138       493.91          609.60        2635.88         3452.41         4202.61  
    0.144       579.70          604.95        2633.90         3445.54         4190.86  
    0.150       416.75          611.33        2632.06         3442.07         4077.78  
    0.156       246.92          601.06        2619.67         3431.71         4112.21  
    0.163       192.43          594.30        2611.00         3422.97         4124.91  
    0.169       16.00          50.36        756.59         2685.62         3468.47  
    0.175       0          0        569.35         2642.40         3446.82  
    0.181       454.45          521.11        2506.41         3371.89         3941.74  
    0.188       42.11          48.29        760.47         2765.26         3490.56  
    0.194       522.97          613.26        2559.46         3376.25         4075.42  
    0.200       559.62          737.53        2740.72         3422.82         4193.36  
    0.206       545.29          699.95        2684.52         3423.54         4215.20  
    0.213       527.51          723.17        2636.09         3427.90         4218.13  
    0.219       518.34          772.70        2608.47         3452.05         4172.32  
    0.225       518.89          770.06        2613.79         3460.82         4166.24  
    0.231       521.15          778.93        2665.34         3434.35         4170.73  
    0.238       514.92          769.52        2705.90         3439.56         4134.72  
    0.244       491.44          764.35        2664.23         3466.99         4041.05  
    0.250       477.43          762.46        2623.64         3494.18         4017.77  
    0.256       469.35          758.32        2696.94         3518.34         4147.47  
    0.263       462.74          742.97        2802.93         3515.67         4183.94  
    0.269       465.74          721.51        2792.71         3540.93         4185.83  
    0.275       473.97          698.52        2735.71         3562.14         4127.87  
    0.281       485.62          682.68        2762.41         3554.37         4155.64  
    0.288       452.74          738.09        2864.95         3547.30         4196.85  
    0.294       437.99          755.89        2865.33         3534.02         4222.28  
    0.300       442.99          755.61        2709.11         3514.04         4237.14  
    0.306       446.45          736.54        2623.45         3533.82         4261.62  
    0.312       442.39          707.83        2696.70         3524.51         4266.21  
    