0.025       0          383.38        2314.94         3546.82         4470.02  
    0.031       381.28          777.80        2568.37         3531.14         4397.15  
    0.038       416.91          864.18        2606.47         3518.45         4094.60  
    0.044       443.56          867.79        2594.20         3469.56         3952.65  
    0.050       454.28          843.03        2652.49         3423.52         3923.01  
    0.056       470.64          903.29        2609.24         3319.36         3939.41  
    0.062       515.91          942.93        2644.37         3424.45         3977.71  
    0.069       540.47          934.98        2679.77         3524.70         4003.35  
    0.075       538.66          945.69        2642.95         3456.33         3984.73  
    0.081       540.07          963.33        2666.88         3436.15         3950.29  
    0.088       545.40          972.20        2682.88         3523.69         4044.11  
    0.094       549.23          972.91        2655.87         3663.12         4216.47  
    0.100       549.61          982.47        2679.86         3562.69         4110.30  
    0.106       547.23          977.21        2661.25         3386.56         3909.07  
    0.113       562.65          977.02        2693.74         3522.19         3885.73  
    0.119       578.04          980.61        2722.69         3636.51         3860.71  
    0.125       589.77          966.10        2721.78         3596.33         3840.43  
    0.131       591.99          971.75        2705.12         3550.34         3911.15  
    0.138       603.26          974.83        2728.98         3507.45         3942.35  
    0.144       606.37          1056.00        2802.26         3482.53         3812.51  
    0.150       600.91          1098.50        2913.56         3370.49         3818.87  
    0.156       601.78          1113.30        2971.32         3586.66         3710.16  
    0.163       600.63          1132.50        2905.80         3652.48         4044.86  
    0.169       600.55          1162.91        2944.06         3637.36         4135.93  
    0.175       598.13          1150.40        2954.34         3593.23         3895.43  
    0.181       595.67          1201.38        2917.14         3655.17         4232.94  
    0.188       591.42          1141.41        2873.94         3589.96         4578.48  
    0.194       577.49          1061.54        2768.56         3492.10         4336.95  
    0.200       570.35          1036.05        2753.23         3474.70         4354.69  
    0.206       579.04          1017.85        2725.92         3465.04         4353.07  
    0.213       581.99          1045.41        2697.35         3541.39         4268.31  
    0.219       581.57          1068.68        2700.21         3610.13         4284.95  
    0.225       576.68          1057.76        2696.35         3527.77         4379.00  
    0.231       584.90          1046.88        2728.26         3542.54         4463.62  
    0.238       612.68          1049.27        2725.24         3628.83         4478.84  
    0.244       632.69          1053.76        2705.75         3711.15         4905.51  
    0.250       645.58          1084.52        2650.50         3648.14         5461.91  
    0.256       628.54          1064.54        2615.55         3589.12         4724.46  
    0.263       605.96          1052.57        2741.47         3596.52         4627.69  
    0.269       574.94          1053.98        2803.08         3580.16         4457.50  
    0.275       551.83          1030.05        2666.67         3524.48         4247.04  
    0.281       537.39          980.85        2654.58         3467.75         4155.80  
    0.288       521.83          967.51        2652.46         3481.32         4211.55  
    0.294       499.26          949.53        2606.30         3539.51         4322.05  
    0.300       487.56          928.10        2700.34         3521.47         4287.94  
    0.306       484.19          918.66        2734.36         3481.67         4237.03  
    0.312       489.74          909.38        2642.78         3467.66         4140.29  
    0.319       489.75          885.20        2643.24         3534.04         4074.28  
    0.325       490.42          855.84        2603.55         3534.67         4184.20  
    0.331       478.65          879.99        2579.82         3513.08         4237.73  
    0.338       476.94          879.33        2627.92         3516.16         4205.62  
    0.344       475.56          879.62        2705.64         3505.23         4154.08  
    0.350       498.11          862.43        2815.13         3497.92         4204.76  
    0.356       499.91          884.79        2895.68         3591.57         4223.92  
    0.363       460.47          880.87        2825.12         3917.61         4365.72  
    0.369       274.67          858.19        2820.68         3949.35         4292.38  
    0.375       17.66          57.88        907.58         2695.75         3345.44  
    0.381       0          687.09        1511.71         2894.75         4062.94  
    0.388       149.23          1223.60        2785.24         3497.48         4250.74  
    0.394       272.81          1012.84        2549.46         3490.46         4424.10  
    0.400       169.22          1097.14        2530.15         3612.93         4438.60  
    0.406       10.89          74.64        1102.22         2693.93         3655.12  
    0.413       0          0        1024.69         2583.42         3620.43  
    0.419       311.09          1110.95        2487.91         3698.55         4297.07  
    0.425       287.26          1160.69        2633.88         3704.69         4479.39  
    0.431       19.18          78.28        1162.94         2524.56         3712.43  
    0.438       0          0        1144.64         2410.52         3649.25  
    