0.025       0          568.93        2001.05         3141.13         4333.66  
    0.031       344.07          727.76        2563.05         3307.31         4468.86  
    0.038       477.12          812.07        2852.45         3368.17         4497.88  
    0.044       432.77          784.44        2900.56         3243.53         4480.10  
    0.050       427.48          779.45        2938.84         3289.19         4516.48  
    0.056       417.38          795.61        2915.36         3347.17         4492.38  
    0.062       401.01          796.16        2875.98         3311.08         4412.82  
    0.069       392.72          786.72        2844.50         3291.78         4362.66  
    0.075       390.94          771.92        2831.62         3321.20         4367.47  
    0.081       386.89          743.52        2826.51         3344.76         4322.97  
    0.088       384.82          725.37        2846.84         3361.27         4424.43  
    0.094       384.32          717.40        2874.36         3366.03         4525.54  
    0.100       379.79          703.46        2886.37         3372.25         4545.72  
    0.106       372.23          689.02        2860.76         3384.04         4545.94  
    0.113       365.95          684.17        2844.08         3396.67         4556.38  
    0.119       363.94          695.69        2839.61         3391.12         4552.53  
    0.125       361.49          713.36        2829.24         3396.96         4532.33  
    0.131       357.94          724.52        2827.54         3387.76         4512.41  
    0.138       354.72          729.47        2829.90         3382.59         4503.71  
    0.144       350.94          738.45        2822.17         3396.68         4492.32  
    0.150       349.65          750.23        2830.68         3369.37         4468.01  
    0.156       351.07          760.59        2849.77         3359.01         4472.30  
    0.163       351.56          765.28        2860.41         3375.99         4485.41  
    0.169       352.67          768.89        2852.35         3379.42         4463.45  
    0.175       357.19          783.13        2852.83         3396.30         4412.86  
    0.181       362.04          792.70        2890.44         3428.17         4427.62  
    0.188       363.23          791.62        2900.69         3431.67         4436.46  
    0.194       364.35          787.99        2891.31         3424.43         4409.84  
    0.200       364.74          789.80        2887.73         3421.22         4367.67  
    0.206       364.23          794.23        2878.35         3408.53         4325.76  
    0.213       363.90          791.56        2881.20         3410.45         4314.63  
    0.219       364.99          787.42        2891.17         3413.17         4367.89  
    0.225       364.52          789.68        2885.16         3414.19         4417.88  
    0.231       364.45          791.60        2874.69         3406.10         4446.84  
    0.238       363.85          793.52        2875.32         3403.65         4432.70  
    0.244       363.51          795.82        2878.92         3401.13         4440.95  
    0.250       368.14          796.93        2880.07         3397.02         4475.95  
    0.256       375.11          800.44        2872.41         3386.41         4483.02  
    0.263       379.96          802.57        2873.65         3383.51         4477.36  
    0.269       384.10          804.17        2874.20         3378.62         4494.17  
    0.275       386.48          807.07        2895.01         3357.08         4525.82  
    0.281       390.30          808.33        2893.26         3318.10         4530.66  
    0.288       394.07          810.37        2866.70         3274.50         4526.11  
    0.294       398.27          814.39        2863.99         3268.76         4548.43  
    0.300       403.72          820.84        2886.84         3307.80         4625.20  
    0.306       409.75          825.18        2904.75         3311.01         4753.88  
    0.312       416.56          830.16        2936.44         3198.85         4714.70  
    0.319       427.60          836.40        2971.61         3336.82         4817.61  
    0.325       443.61          837.50        2992.04         3481.36         4950.43  
    0.331       460.43          831.62        2964.85         3484.53         4787.38  
    0.338       476.12          830.94        2956.49         3493.91         4848.41  
    0.344       487.59          838.73        2951.69         3505.73         5084.33  
    0.350       498.10          858.24        2930.84         3472.16         5262.95  
    0.356       503.52          878.28        2888.86         3447.90         5275.85  
    0.363       501.52          889.01        2862.04         3447.55         5135.63  
    0.369       483.81          875.63        2855.47         3449.32         5191.60  
    0.375       463.98          853.13        2845.51         3432.38         5414.18  
    0.381       454.96          843.57        2838.60         3430.23         5500.00  
    0.388       455.42          852.62        2791.85         3427.45         5500.00  
    0.394       459.31          868.52        2762.82         3419.30         5500.00  
    0.400       163.11          611.36        1545.94         3035.74         4173.32  
    0.406       0          463.78        876.44         2875.61         3505.39  
    0.413       0          463.77        872.24         2947.93         3864.14  
    0.419       0          469.74        885.28         3026.05         4171.30  
    0.425       313.21          605.52        920.92         3110.58         4833.50  
    0.431       451.58          839.33        1579.10         3129.88         5133.72  
    0.438       420.71          914.62        1592.62         3104.90         5099.21  
    0.444       401.82          897.01        1771.37         3175.23         5096.27  
    0.450       386.24          917.44        2117.94         3284.35         5086.20  
    0.456       367.00          935.70        2386.63         3299.31         5102.20  
    0.463       336.57          894.30        2639.59         3337.87         5114.72  
    0.469       329.11          907.35        2629.04         3353.56         5076.19  
    