0.025       0          1393.86        2148.50         2640.10         3941.89  
    0.031       0          548.69        1844.81         2663.72         3928.42  
    0.038       70.06          994.70        2289.88         3299.22         4477.87  
    0.044       45.48          894.23        2498.75         3663.43         4482.36  
    0.050       254.83          659.77        2524.58         3657.12         4296.99  
    0.056       439.35          846.09        2641.86         3669.88         4022.67  
    0.062       473.02          863.60        2627.44         3592.47         3860.74  
    0.069       489.82          871.14        2607.28         3526.65         3876.57  
    0.075       499.46          932.07        2577.88         3429.40         3885.81  
    0.081       525.96          981.24        2592.15         3507.12         3902.71  
    0.088       551.39          982.57        2617.61         3632.38         3943.11  
    0.094       554.83          987.90        2610.88         3622.43         3954.75  
    0.100       552.87          997.38        2626.81         3601.17         3909.31  
    0.106       554.12          1007.13        2634.49         3638.33         3940.43  
    0.113       555.36          1015.44        2604.64         3669.35         3990.98  
    0.119       557.99          1022.95        2583.12         3605.01         3935.40  
    0.125       562.74          1034.61        2570.10         3480.09         3870.25  
    0.131       570.96          1060.17        2565.33         3455.93         3830.34  
    0.138       580.14          1096.45        2577.25         3473.48         3807.98  
    0.144       587.51          1126.37        2585.61         3443.15         3817.99  
    0.150       589.42          1183.92        2579.56         3435.06         3835.28  
    0.156       589.34          1267.73        2569.64         3379.01         3823.54  
    0.163       591.80          1409.83        2553.06         3304.99         3817.20  
    0.169       590.67          1501.57        2571.50         3272.07         3833.81  
    0.175       590.41          1555.22        2550.15         3289.41         3840.33  
    0.181       594.15          1634.10        2630.26         3313.41         3815.97  
    0.188       596.53          1602.06        2881.71         3295.86         3819.39  
    0.194       595.65          1525.68        2898.10         3277.29         3855.73  
    0.200       592.30          1457.90        2736.40         3278.88         3872.88  
    0.206       594.37          1381.38        2715.43         3287.68         3870.40  
    0.213       596.58          1283.73        2720.24         3371.60         3887.89  
    0.219       598.68          1205.95        2698.58         3431.85         3938.37  
    0.225       602.83          1166.79        2645.97         3399.18         3965.91  
    0.231       604.53          1170.98        2561.49         3414.85         3936.82  
    0.238       611.19          1176.79        2502.17         3481.12         3949.43  
    0.244       618.49          1138.50        2468.97         3460.77         4005.58  
    0.250       625.94          1095.38        2500.88         3422.71         4032.38  
    0.256       647.65          1071.34        2555.31         3459.94         4036.83  
    0.263       690.51          1038.12        2571.34         3601.46         3967.57  
    0.269       723.36          1000.98        2495.14         3622.74         3913.31  
    0.275       706.65          992.48        2433.43         3567.55         3966.44  
    0.281       649.79          1013.42        2491.02         3542.22         4000.20  
    0.288       594.20          1043.64        2579.03         3541.14         3966.93  
    0.294       557.27          1051.72        2567.05         3526.97         3995.94  
    0.300       535.18          1034.67        2565.54         3515.75         4059.59  
    0.306       519.11          1018.84        2562.71         3542.59         4131.26  
    0.312       504.94          1000.13        2498.79         3575.60         4202.88  
    0.319       495.60          977.17        2518.14         3564.09         4214.80  
    0.325       492.09          965.33        2597.70         3547.47         4181.75  
    0.331       494.01          964.78        2588.55         3563.98         4140.16  
    0.338       495.71          958.52        2558.82         3651.13         4087.89  
    0.344       499.13          948.27        2512.17         3669.95         4119.23  
    0.350       503.75          941.72        2469.22         3624.96         4168.19  
    0.356       509.00          930.48        2501.99         3634.00         4166.24  
    0.363       511.14          919.17        2564.58         3630.68         4111.48  
    0.369       524.56          918.66        2650.41         3584.41         4077.92  
    0.375       534.02          936.22        2719.96         3639.43         4087.49  
    0.381       528.53          937.03        2705.67         3857.07         4089.38  
    0.388       496.68          890.20        2632.51         3938.13         4071.01  
    0.394       188.36          340.01        1487.28         2980.84         3710.13  
    0.400       0          402.91        1409.84         2734.50         3831.87  
    