0.025       454.17          981.58        2358.14         3603.49         4688.36  
    0.031       451.42          951.26        2404.38         3588.81         4783.04  
    0.038       452.48          945.19        2441.72         3584.38         4873.30  
    0.044       454.86          958.39        2452.66         3567.49         4804.20  
    0.050       453.86          950.46        2449.59         3535.34         4662.15  
    0.056       454.65          942.24        2427.02         3529.38         4703.13  
    0.062       457.74          940.77        2432.68         3525.31         4742.86  
    0.069       459.57          932.38        2485.24         3526.60         4818.98  
    0.075       457.91          928.43        2479.45         3528.39         4922.90  
    0.081       460.42          931.00        2501.00         3543.96         5041.94  
    0.088       458.63          927.14        2542.52         3548.23         5216.64  
    0.094       458.19          925.23        2526.71         3543.00         4867.63  
    0.100       462.13          927.64        2509.02         3548.06         4793.36  
    0.106       464.98          925.94        2507.93         3564.07         5146.76  
    0.113       468.72          922.32        2526.34         3570.90         4935.18  
    0.119       479.46          922.19        2481.93         3572.19         5032.38  
    0.125       484.96          922.50        2459.66         3581.32         5444.93  
    0.131       474.95          924.50        2497.38         3571.98         5291.31  
    0.138       471.25          923.73        2507.16         3564.95         5201.69  
    0.144       475.23          910.45        2472.44         3528.48         5462.37  
    0.150       469.72          908.15        2459.15         3521.92         5285.07  
    0.156       464.19          922.96        2470.58         3532.36         4983.39  
    0.163       460.49          933.35        2522.67         3539.35         4883.59  
    0.169       457.05          935.82        2525.09         3538.87         4919.12  
    0.175       458.82          936.73        2457.26         3544.85         4829.35  
    0.181       458.05          938.66        2385.18         3530.91         4741.26  
    0.188       456.62          937.19        2420.63         3525.76         4786.94  
    0.194       457.47          935.17        2453.45         3535.16         4829.87  
    0.200       459.41          937.80        2374.96         3555.68         4841.62  
    0.206       456.23          937.30        2334.66         3555.12         4841.43  
    0.213       453.59          932.81        2354.33         3529.36         4775.30  
    0.219       454.95          935.09        2325.33         3552.63         4944.14  
    0.225       453.75          935.81        2326.89         3551.24         4962.77  
    0.231       450.47          932.06        2357.78         3530.79         4748.96  
    0.238       451.54          934.56        2342.27         3526.30         4706.08  
    0.244       451.76          935.03        2333.26         3572.83         4915.51  
    0.250       452.43          930.58        2309.64         3547.75         4981.93  
    0.256       458.26          936.87        2332.86         3546.91         4881.92  
    0.263       459.71          930.31        2352.36         3610.04         5184.15  
    0.269       458.78          922.79        2391.61         3620.86         5466.69  
    0.275       460.89          925.93        2401.91         3798.37         5090.11  
    0.281       464.60          920.71        2410.24         3762.82         5442.69  
    0.288       465.17          894.18        2446.75         3746.75         5500.00  
    0.294       471.43          877.16        2399.05         3767.10         5221.89  
    