0.025       0          501.36        1618.01         3339.99         4492.67  
    0.031       0          509.35        1695.02         3270.59         4488.81  
    0.038       0          538.88        1812.48         3209.93         4511.97  
    0.044       0          537.36        1888.60         3216.92         4663.53  
    0.050       224.36          635.82        2338.22         3290.42         5114.77  
    0.056       221.13          614.45        1791.52         3081.59         4420.40  
    0.062       243.96          851.13        1664.01         3091.61         4466.23  
    0.069       473.96          1304.88        2396.27         3468.58         5098.04  
    0.075       465.91          1404.07        2356.70         3730.07         4653.63  
    0.081       484.47          1360.08        2382.43         3882.74         4905.22  
    0.088       496.82          1330.79        2319.11         3825.40         5036.19  
    0.094       482.63          1440.41        2300.89         3617.58         4802.72  
    0.100       472.32          1567.34        2474.80         3544.54         4708.03  
    0.106       469.84          1597.44        2620.75         3560.31         4628.07  
    0.113       473.47          1613.53        2843.30         3470.19         4504.99  
    0.119       481.82          1642.41        3039.07         3954.91         4853.89  
    0.125       240.32          1060.68        2339.71         3744.45         4775.24  
    0.131       0          492.86        1675.11         3085.13         4299.33  
    0.138       247.26          1075.74        2392.83         3681.12         4906.46  
    0.144       489.22          1651.74        3091.59         4176.22         5500.00  
    0.150       484.72          1658.64        3113.71         3882.08         4926.00  
    0.156       484.22          1670.99        3109.08         3951.11         4934.27  
    0.163       481.56          1656.37        3028.68         4005.48         4934.01  
    0.169       471.60          1589.87        2818.25         3746.50         4503.40  
    0.175       469.18          1541.02        2778.60         3718.45         4606.91  
    0.181       475.55          1534.77        2956.02         3844.70         4808.19  
    0.188       480.39          1536.60        3078.30         3756.07         4739.28  
    0.194       488.02          1545.39        3045.51         3391.14         4488.23  
    0.200       500.19          1537.08        2872.89         3275.42         4530.43  
    0.206       510.86          1526.37        2832.09         3296.62         4553.52  
    0.213       520.20          1536.96        3037.66         3297.36         4603.63  
    0.219       526.94          1544.96        3018.01         3383.96         4784.95  
    0.225       535.17          1520.92        2783.78         3544.81         4922.68  
    0.231       550.15          1488.87        2749.01         3628.70         4961.96  
    0.238       563.43          1495.24        2939.85         3748.65         5254.83  
    0.244       562.90          1415.40        3191.55         3739.85         4964.74  
    0.250       553.72          1259.47        3109.68         3542.30         4462.91  
    0.256       546.12          1146.39        2871.18         3476.76         4542.07  
    0.263       543.57          1088.53        2784.55         3471.27         4593.91  
    0.269       550.88          988.68        2572.21         3443.64         4596.31  
    0.275       527.42          859.43        2450.53         3420.82         4632.85  
    0.281       474.08          806.64        2753.44         3464.40         4694.68  
    0.288       402.98          722.34        2999.35         3514.27         4718.12  
    0.294       176.63          324.05        1853.48         3181.99         4161.37  
    0.300       0          0        728.58         2850.07         3584.84  
    0.306       265.82          374.28        1806.74         3184.49         4229.90  
    0.312       418.83          669.55        2828.32         3586.44         4969.47  
    0.319       154.58          590.82        2820.10         3270.53         4595.23  
    0.325       0          290.25        1764.82         2881.42         3754.77  
    0.331       0          361.99        1655.41         2931.35         4072.66  
    0.338       0          356.77        1658.42         2890.57         4166.73  
    0.344       0          381.48        1338.37         2828.91         3945.99  
    0.350       0          727.47        2047.78         2900.14         4279.06  
    0.356       0          635.53        2113.22         2914.87         4230.51  
    0.363       0          570.99        1695.82         2839.03         4166.49  
    0.369       0          602.10        1510.40         2797.47         4191.30  
    0.375       0          648.80        1638.45         2803.64         4342.82  
    0.381       331.54          1022.59        2185.68         3381.39         4640.70  
    0.388       616.27          1460.26        2795.97         3900.60         5184.46  
    0.394       546.69          1496.40        2773.33         3899.02         5253.96  
    