0.025       0          662.45        2328.02         3041.81         4828.25  
    0.031       303.71          734.65        2395.04         3717.62         4966.58  
    0.038       430.93          816.03        2388.42         4003.24         4998.89  
    0.044       413.31          810.22        2374.68         3982.39         4985.67  
    0.050       417.06          820.41        2390.75         4018.10         4915.64  
    0.056       428.68          854.53        2434.01         3814.40         4899.98  
    0.062       439.91          872.30        2409.15         3682.46         4905.80  
    0.069       442.50          861.31        2387.86         3825.80         4879.63  
    0.075       442.33          864.04        2398.68         3827.49         4889.40  
    0.081       449.27          882.04        2398.54         3859.92         4870.15  
    0.088       448.75          869.44        2395.19         3757.93         4827.30  
    0.094       443.28          846.69        2397.51         3725.03         4794.03  
    0.100       438.43          835.31        2374.96         3817.85         4806.93  
    0.106       436.94          839.51        2361.87         3584.17         4838.76  
    0.113       433.22          839.32        2359.56         3461.32         4735.78  
    0.119       429.89          824.36        2365.60         3444.65         4730.20  
    0.125       432.77          821.33        2375.92         3459.77         4792.31  
    0.131       438.10          822.04        2382.27         3448.49         4839.22  
    0.138       443.13          821.29        2392.11         3419.37         4774.70  
    0.144       446.15          821.57        2401.63         3424.01         4742.87  
    0.150       448.97          823.43        2407.81         3475.91         4789.51  
    0.156       455.92          831.38        2421.59         3493.93         4753.10  
    0.163       461.81          837.80        2412.90         3462.70         4727.50  
    0.169       470.36          835.13        2393.33         3441.59         4722.86  
    0.175       467.06          834.35        2378.27         3457.54         4805.94  
    0.181       468.73          832.25        2369.70         3480.63         4800.87  
    0.188       472.58          829.80        2370.63         3469.72         4789.66  
    0.194       470.43          831.46        2375.91         3462.49         4832.88  
    0.200       469.73          831.01        2391.16         3502.80         4865.68  
    0.206       470.98          836.18        2401.13         3536.58         4831.48  
    0.213       475.07          837.61        2410.02         3538.42         4833.85  
    0.219       469.25          847.70        2412.36         3510.50         4838.89  
    0.225       461.75          855.12        2422.39         3492.99         4890.25  
    0.231       465.09          850.12        2417.43         3499.08         4900.16  
    0.238       470.72          842.55        2392.94         3488.81         4804.12  
    0.244       471.38          837.30        2379.07         3470.64         4720.75  
    0.250       472.75          832.83        2371.67         3454.66         4705.74  
    0.256       487.66          808.44        2367.35         3462.93         4757.27  
    0.263       528.68          729.19        2365.52         3496.74         4805.58  
    0.269       504.00          775.99        2361.94         3482.84         4936.10  
    0.275       518.83          755.66        2365.05         3476.33         4878.12  
    0.281       536.80          739.04        2371.34         3463.93         4828.94  
    0.288       559.42          713.95        2375.73         3511.46         4797.81  
    0.294       480.04          650.36        2379.31         3535.34         4720.76  
    0.300       491.49          617.08        2394.03         3509.73         4680.08  
    0.306       529.37          601.87        2417.42         3509.87         4721.44  
    0.312       576.63          621.36        2426.68         3547.23         4765.22  
    0.319       564.79          677.50        2406.29         3544.46         4776.11  
    0.325       511.10          763.72        2405.02         3525.46         4781.28  
    0.331       488.01          785.17        2390.82         3494.48         4748.90  
    0.338       468.77          787.40        2365.44         3487.14         4683.67  
    0.344       454.85          790.47        2343.40         3498.74         4700.28  
    0.350       443.89          808.04        2340.27         3495.22         4712.50  
    0.356       451.09          799.88        2359.93         3551.48         4711.08  
    0.363       490.64          724.04        2377.57         3843.31         4700.85  
    0.369       481.58          784.34        2379.38         4071.28         4590.06  
    0.375       473.07          878.28        2401.00         4197.38         4551.22  
    0.381       463.37          896.81        2412.14         3682.87         4620.24  
    0.388       466.16          869.63        2422.48         3654.06         4579.84  
    0.394       416.89          845.16        2472.64         3924.73         4537.46  
    0.400       402.03          805.55        2462.21         3688.17         4602.75  
    0.406       423.93          764.28        2353.69         3470.87         4627.85  
    0.413       350.04          821.88        2389.92         3521.42         4701.53  
    0.419       57.43          143.76        728.94         2516.00         3598.51  
    0.425       0          283.96        1649.97         2798.78         4215.49  
    0.431       306.15          1238.65        2503.69         3478.59         4734.46  
    0.438       432.84          1306.42        2529.92         3752.87         4893.46  
    0.444       450.72          1281.99        2524.91         3701.70         4840.21  
    0.450       445.59          1329.93        2575.93         3542.10         4753.22  
    0.456       478.75          1357.22        2582.64         3514.60         4681.85  
    0.463       491.47          1375.70        2460.48         3621.20         4597.88  
    0.469       443.85          1440.07        2396.06         3648.36         4648.98  
    0.475       408.94          1544.86        2405.53         3661.48         4660.88  
    0.481       409.92          1487.52        2395.57         3650.95         4685.92  
    