0.025       0          1063.02        1748.96         2821.86         3776.87  
    0.031       0          960.12        1539.91         2725.50         3808.22  
    0.038       0          868.17        1511.39         2738.12         4167.29  
    0.044       0          615.41        1586.46         2781.43         4545.04  
    0.050       169.75          613.75        2132.67         3839.37         5093.80  
    0.056       317.89          766.41        2640.05         4615.15         5126.70  
    0.062       330.35          751.42        2568.03         4381.34         4808.17  
    0.069       337.33          757.43        2515.59         4293.07         4809.87  
    0.075       333.33          759.80        2558.98         4340.16         4830.96  
    0.081       330.71          767.50        2620.09         4424.43         4870.72  
    0.088       330.70          771.69        2760.14         4449.83         4874.08  
    0.094       332.27          774.91        3518.92         4411.96         4850.94  
    0.100       154.29          539.77        2312.16         4251.61         4776.99  
    0.106       0          340.58        779.32         4160.98         4733.71  
    0.113       0          345.05        777.66         4420.37         4848.66  
    0.119       183.14          571.78        1704.16         4587.45         4957.76  
    0.125       338.36          761.61        2611.39         4605.53         4979.20  
    0.131       337.20          762.02        2621.72         4676.74         5076.59  
    0.138       340.14          766.26        2639.58         4684.89         5039.26  
    0.144       338.99          764.08        2596.41         4660.35         4936.16  
    0.150       337.93          765.52        2460.44         4675.39         4905.09  
    0.156       157.11          545.29        1544.79         4552.35         4852.89  
    0.163       0          350.10        773.04         4147.29         4815.52  
    0.169       183.48          568.42        1960.42         4386.57         4821.93  
    0.175       344.95          760.31        3204.07         4703.15         4852.74  
    0.181       351.30          765.49        2544.14         4618.59         4912.25  
    0.188       359.61          774.64        1459.85         4533.54         5011.45  
    0.194       366.72          786.81        1325.15         4455.55         5078.29  
    0.200       362.28          781.80        1809.12         4464.00         5094.23  
    0.206       354.51          767.77        2134.66         4472.50         5073.68  
    0.213       352.49          765.37        2264.15         4466.78         5042.21  
    0.219       356.80          772.70        2207.12         4442.52         5035.72  
    0.225       364.12          778.07        2122.67         4430.04         5022.62  
    0.231       367.01          778.69        2324.68         4468.50         4980.65  
    0.238       365.81          777.09        2500.00         4498.79         4931.21  
    0.244       366.60          776.09        2570.64         4424.67         4954.69  
    0.250       370.87          764.16        2695.49         4334.57         4964.18  
    0.256       373.86          738.34        2613.21         4499.72         4913.61  
    0.263       378.15          719.75        2617.15         4693.34         4936.50  
    0.269       381.45          701.23        3027.44         4736.74         4896.74  
    0.275       378.77          682.71        2954.20         4652.89         4842.66  
    0.281       377.42          678.41        2543.63         4516.47         4859.18  
    0.288       379.05          678.91        2369.40         4600.69         4862.71  
    0.294       387.41          680.53        2360.83         4511.39         4887.07  
    0.300       400.52          687.86        2397.50         4313.93         4897.72  
    0.306       408.80          699.54        2433.63         4334.12         4875.86  
    0.312       190.57          555.85        1526.28         4123.14         4854.91  
    0.319       0          437.32        713.86         3844.93         4837.73  
    0.325       0          447.76        718.24         3779.81         4814.02  
    0.331       0          446.11        728.20         3776.71         4808.06  
    0.338       0          436.28        743.20         3778.56         4806.75  
    0.344       0          424.44        761.33         3798.55         4810.43  
    0.350       228.63          613.05        2399.65         4366.69         5184.81  
    0.356       197.52          590.90        2188.77         4258.01         5149.90  
    0.363       0          428.64        798.02         3776.57         4890.38  
    0.369       0          425.87        811.34         3830.28         4939.52  
    0.375       228.83          641.81        2414.78         4414.83         5245.05  
    0.381       429.32          839.78        3786.59         4904.13         5500.00  
    0.388       431.66          852.82        3768.52         4910.70         5500.00  
    0.394       424.31          856.47        3587.39         4316.05         5309.73  
    0.400       396.75          818.14        3098.08         3849.81         5114.28  
    0.406       362.85          772.17        2762.86         3870.78         5093.22  
    0.413       326.23          771.30        2690.04         3867.25         5109.33  
    0.419       293.42          801.60        2606.06         3881.43         5119.03  
    0.425       277.74          838.82        2599.35         3921.87         5135.69  
    0.431       279.38          845.87        2624.78         3955.88         5150.79  
    0.438       310.39          874.34        2578.83         3918.86         5136.64  
    0.444       350.39          900.27        2585.41         3894.26         5114.75  
    0.450       396.43          893.84        2709.31         3976.17         5104.41  
    0.456       447.00          840.11        2806.54         4014.65         5130.56  
    0.463       471.50          779.73        2690.34         3955.61         5141.28  
    0.469       435.56          808.97        2584.69         3874.99         5131.03  
    0.475       443.74          851.19        2618.61         3801.84         5110.18  
    