0.025       0          841.24        1120.44         2625.79         3740.94  
    0.031       0          833.15        1131.45         2589.18         3691.29  
    0.038       680.81          1128.80        2140.17         3142.68         5411.28  
    0.044       35.06          703.72        1216.42         2758.34         4227.73  
    0.050       0          531.22        1124.04         2949.29         4234.71  
    0.056       0          465.85        1029.50         3674.55         4136.03  
    0.062       428.30          941.46        2396.00         4029.65         4679.18  
    0.069       444.08          868.00        2480.02         4034.03         4642.94  
    0.075       438.49          798.51        2537.54         4055.82         4583.83  
    0.081       448.24          780.98        2539.02         4042.74         4556.94  
    0.088       440.12          831.67        2537.90         4003.30         4598.17  
    0.094       436.88          843.76        2599.93         4065.03         4568.26  
    0.100       442.27          848.11        2647.21         4054.30         4407.75  
    0.106       441.27          853.11        2675.69         3993.03         4306.41  
    0.113       446.95          846.03        2781.28         3944.41         4300.84  
    0.119       453.35          844.21        2888.92         3910.95         4316.62  
    0.125       460.88          858.48        2881.26         3889.40         4307.44  
    0.131       462.20          846.03        2839.64         3930.27         4335.27  
    0.138       406.03          814.27        2755.17         3953.11         4406.34  
    0.144       462.41          833.39        2675.10         3937.38         4403.92  
    0.150       441.02          813.18        2753.67         3985.01         4460.71  
    0.156       355.78          799.03        2724.97         3995.99         4406.14  
    0.163       17.21          39.10        877.92         2736.97         3982.81  
    0.169       0          0        768.39         2666.56         3963.87  
    0.175       0          0        763.88         2656.12         3978.87  
    0.181       0          0        744.55         2583.66         3936.11  
    0.188       0          0        745.51         2579.73         3907.95  
    0.194       0          0        749.64         2609.85         3896.64  
    0.200       0          0        738.31         2610.81         3891.98  
    0.206       0          0        717.93         2596.99         3875.37  
    0.213       0          0        709.23         2568.06         3900.50  
    0.219       0          0        707.47         2585.11         3875.00  
    0.225       0          0        708.51         2597.94         3868.47  
    0.231       0          0        711.95         2595.83         3883.13  
    0.238       0          673.57        2487.56         3802.90         4362.28  
    0.244       0          708.76        2579.65         3841.01         4354.67  
    0.250       0          698.67        2609.34         3835.74         4485.88  
    0.256       0          675.18        2595.01         3827.19         4365.13  
    0.263       0          666.67        2604.44         3814.06         4277.12  
    0.269       0          32.63        767.97         2827.33         3849.00  
    0.275       0          0        677.53         3066.50         3873.65  
    0.281       0          0        664.63         2669.86         3867.80  
    0.288       0          627.52        2273.39         3834.34         4052.10  
    0.294       0          656.87        2383.00         3907.38         4026.25  
    0.300       0          660.05        2383.83         3880.62         4014.52  
    0.306       0          666.19        2336.64         3887.08         3948.72  
    0.312       0          676.05        2365.49         3856.61         4036.92  
    0.319       0          694.01        2515.86         3854.02         4243.07  
    0.325       0          702.53        2527.13         3890.66         4032.32  
    0.331       0          707.60        2558.84         3894.85         3989.42  
    0.338       0          727.57        2570.76         3850.36         3949.96  
    0.344       0          738.38        2140.69         3739.75         4021.22  
    0.350       0          748.36        897.43         3744.68         4011.81  
    0.356       0          756.00        2230.86         3817.03         3875.16  
    0.363       0          758.12        2518.85         3817.53         3829.77  
    0.369       0          761.28        2414.57         3798.55         3855.38  
    0.375       0          770.61        1055.80         3817.31         3848.79  
    0.381       566.74          778.04        3431.03         3810.17         5419.10  
    0.388       559.60          776.72        3181.70         3769.49         4923.48  
    0.394       582.62          783.84        2917.19         3779.06         4774.97  
    0.400       559.31          878.87        2917.89         3810.05         4859.01  
    0.406       533.69          927.70        3269.13         3780.39         4889.15  
    0.413       558.81          877.84        2993.31         3741.39         4868.59  
    0.419       585.82          782.68        2897.82         3774.50         4849.47  
    0.425       600.67          761.44        2979.49         3747.69         4991.21  
    0.431       535.97          824.69        2782.60         3737.59         5024.16  
    0.438       517.15          865.99        2748.83         3751.12         5011.83  
    0.444       479.60          889.62        2760.76         3781.73         4957.26  
    0.450       450.24          921.92        2639.52         3789.73         4960.42  
    0.456       574.92          854.17        2568.69         3753.54         5015.50  
    0.463       566.67          929.52        2461.19         3795.21         4971.60  
    0.469       521.96          1081.84        2382.78         3804.72         4932.13  
    0.475       535.43          1178.81        2298.57         3731.52         4976.51  
    0.481       579.48          1077.72        2042.75         3654.38         4953.22  
    0.488       28.49          52.52        703.88         2038.35         3734.20  
    0.494       0          0        592.30         1968.11         3699.37  
    0.500       0          667.17        1920.53         3655.32         4810.16  
    