0.025       0          874.04        1735.80         2570.87         3949.16  
    0.031       265.56          1269.83        2157.72         3439.53         4505.85  
    0.038       508.04          1511.50        2962.97         4497.22         5250.91  
    0.044       492.47          974.45        3208.19         4815.77         5500.00  
    0.050       432.29          687.24        3157.36         4117.91         5124.42  
    0.056       423.69          726.06        3140.77         3483.47         4849.14  
    0.062       430.96          722.12        2984.77         3384.97         4798.61  
    0.069       434.89          716.66        2831.92         3390.90         4757.90  
    0.075       441.94          702.87        2880.01         3390.38         4743.94  
    0.081       455.42          679.56        2916.12         3389.57         4715.36  
    0.088       455.61          662.56        2813.66         3348.98         4698.70  
    0.094       436.41          678.58        2734.67         3311.46         4682.28  
    0.100       420.37          701.15        2764.31         3297.69         4655.64  
    0.106       408.20          709.34        2726.71         3305.88         4661.16  
    0.113       393.33          703.81        2669.01         3303.08         4660.39  
    0.119       377.68          698.10        2639.29         3280.19         4680.55  
    0.125       374.67          698.56        2614.67         3280.53         4672.76  
    0.131       379.44          692.21        2637.03         3295.44         4621.44  
    0.138       378.10          680.78        2669.54         3293.27         4582.57  
    0.144       373.89          678.01        2667.31         3277.72         4568.11  
    0.150       372.21          684.32        2663.22         3288.51         4550.28  
    0.156       376.41          681.59        2670.11         3309.65         4539.13  
    0.163       380.69          680.68        2663.99         3332.38         4542.42  
    0.169       381.53          686.25        2660.28         3350.64         4545.48  
    0.175       384.16          688.41        2668.81         3368.61         4563.34  
    0.181       387.80          673.59        2676.22         3398.43         4571.58  
    0.188       383.18          667.29        2670.10         3423.65         4550.19  
    0.194       384.29          665.90        2662.11         3487.92         4544.41  
    0.200       386.84          662.50        2668.65         3491.93         4543.47  
    0.206       384.83          661.27        2672.55         3448.92         4534.65  
    0.213       381.11          664.17        2665.03         3447.24         4535.74  
    0.219       382.43          663.14        2668.24         3450.90         4543.10  
    0.225       390.83          655.82        2678.09         3420.02         4549.89  
    0.231       402.28          651.83        2678.28         3399.19         4567.69  
    0.238       412.66          649.67        2667.80         3414.78         4589.13  
    0.244       427.29          631.74        2677.34         3437.87         4586.53  
    0.250       441.41          610.94        2684.59         3441.08         4585.86  
    0.256       442.12          616.47        2694.59         3452.98         4606.18  
    0.263       444.66          620.07        2723.95         3475.72         4613.77  
    0.269       457.16          572.29        2777.34         3501.60         4628.38  
    0.275       458.86          508.58        2839.60         3437.09         4617.86  
    0.281       451.70          481.19        2796.44         3449.14         4601.24  
    0.288       452.86          473.03        2736.79         3624.46         4611.53  
    0.294       457.71          492.20        2720.96         3644.31         4626.23  
    0.300       442.62          484.14        2678.39         3558.56         4641.52  
    0.306       426.03          480.53        2660.98         3507.92         4644.03  
    0.312       398.47          496.44        2658.36         3475.84         4642.38  
    0.319       347.27          508.02        2663.09         3467.31         4679.46  
    0.325       127.63          201.61        1363.84         3049.31         3962.00  
    0.331       0          0        510.36         2761.85         3450.77  
    0.338       0          0        509.51         2708.87         3474.64  
    0.344       0          319.87        1818.92         3139.61         4275.19  
    0.350       0          537.34        2689.59         3440.01         4812.44  
    0.356       0          214.10        1406.34         3051.33         4100.70  
    0.363       0          0        573.23         2822.16         3652.63  
    0.369       0          0        590.80         2848.98         3680.55  
    0.375       173.32          375.51        1915.83         3521.73         4417.54  
    0.381       275.06          622.82        2716.78         4010.52         4894.74  
    0.388       268.60          633.57        2698.58         4035.15         4854.74  
    0.394       355.80          667.10        2775.63         4086.96         4827.39  
    0.400       418.03          721.28        2763.79         4352.71         4791.78  
    0.406       416.84          747.76        2758.97         4253.70         4782.60  
    0.413       411.09          767.15        2780.87         4123.41         4787.76  
    0.419       405.24          785.14        2708.90         4423.68         4781.85  
    0.425       409.40          791.70        2666.88         4580.01         4770.07  
    0.431       408.27          789.91        2630.03         4550.37         4758.40  
    0.438       394.28          739.03        2659.34         4432.27         4754.52  
    0.444       381.34          700.83        2955.02         4282.39         4727.92  
    0.450       338.37          721.71        2979.20         4116.62         4728.40  
    0.456       292.83          759.74        2757.59         3989.33         4732.69  
    0.463       322.92          756.56        2667.73         3997.45         4702.54  
    0.469       360.29          663.87        2643.30         3968.80         4737.62  
    0.475       285.54          600.20        2630.43         3920.64         4809.83  
    0.481       301.65          588.23        2696.87         3803.35         4774.16  
    0.488       228.42          572.62        2730.69         3814.55         4715.38  
    0.494       264.70          692.27        2702.54         3922.95         4702.04  
    0.500       362.34          843.96        2619.85         3841.16         4691.93  
    0.506       385.70          881.32        2573.51         3777.03         4641.79  
    0.513       515.62          722.28        2586.76         3707.08         4639.51  
    0.519       332.50          653.12        2583.49         3632.71         4719.67  
    