0.025       430.84          775.52        3014.80         3605.85         5500.00  
    0.031       412.40          767.74        3031.63         3617.49         5500.00  
    0.038       378.29          761.80        3030.86         3628.50         5359.76  
    0.044       446.04          824.00        2969.13         3625.68         5444.46  
    0.050       135.33          602.62        1785.13         3021.87         4176.89  
    0.056       342.37          1096.36        2083.46         3054.76         4325.21  
    0.062       462.24          1338.06        2274.95         3249.88         4593.90  
    0.069       446.98          1394.46        2270.31         3268.63         4566.60  
    0.075       446.05          1431.91        2341.76         3290.94         4540.48  
    0.081       454.72          1416.87        2397.07         3424.21         4511.63  
    0.088       463.14          1381.43        2408.50         3553.21         4634.28  
    0.094       475.47          1372.12        2448.02         3620.75         4641.80  
    0.100       486.92          1358.07        2446.61         3686.89         4635.03  
    0.106       499.11          1330.31        2416.74         3623.43         4680.87  
    0.113       519.94          1343.77        2461.10         3535.22         4648.32  
    0.119       539.05          1402.70        2492.16         3610.69         4594.85  
    0.125       540.73          1431.12        2421.19         3430.28         4741.59  
    0.131       537.69          1432.33        2559.32         3276.60         4861.66  
    0.138       536.65          1409.47        2567.22         3340.96         4883.35  
    0.144       537.75          1428.63        2559.85         3469.04         4932.91  
    0.150       152.68          797.51        1848.65         3054.27         4145.35  
    0.156       380.50          1268.43        2489.82         3548.96         5025.03  
    0.163       523.48          1569.97        2749.97         3765.31         5500.00  
    0.169       510.97          1528.76        2659.25         3786.02         5261.58  
    0.175       508.93          1509.98        2642.12         3951.08         5405.58  
    0.181       514.61          1501.54        2523.17         3969.59         5500.00  
    0.188       510.79          1426.37        2386.40         3718.00         5002.98  
    0.194       508.16          1421.58        2363.55         3716.88         5303.17  
    0.200       507.29          1415.95        2347.94         3753.07         4948.19  
    0.206       502.86          1367.21        2332.22         3566.20         4593.11  
    0.213       503.35          1394.32        2310.09         3455.03         4587.99  
    0.219       499.95          1369.92        2271.59         3432.08         4674.83  
    0.225       499.91          1355.65        2270.83         3375.40         4686.87  
    0.231       499.17          1344.02        2278.53         3397.29         4668.88  
    0.238       496.40          1323.23        2354.04         3396.14         4669.71  
    0.244       495.14          1330.32        2411.41         3395.24         4700.51  
    0.250       499.81          1334.29        2411.19         3458.11         4694.60  
    0.256       507.56          1347.00        2568.36         3426.54         4582.86  
    0.263       507.30          1324.89        2757.57         3582.87         4550.80  
    0.269       512.47          1313.16        2846.31         3408.88         4509.92  
    0.275       515.69          1290.63        2765.13         3349.39         4496.48  
    0.281       515.70          1258.55        2567.70         3486.76         4504.54  
    0.288       517.80          1221.95        2478.56         3635.21         4495.45  
    0.294       517.68          1219.30        2499.99         3690.45         4499.50  
    0.300       520.42          1243.15        2575.27         3541.92         4541.25  
    0.306       518.47          1258.30        2652.36         3496.44         4585.40  
    0.312       520.59          1248.28        2571.73         3538.01         4655.55  
    0.319       535.08          1273.96        2466.77         3456.47         4666.11  
    0.325       558.30          1317.47        2406.70         3457.48         4700.59  
    0.331       593.68          1325.19        2363.35         3543.95         4780.77  
    0.338       624.49          1265.66        2208.29         3541.52         4757.95  
    0.344       623.13          1159.25        2138.82         3475.91         4712.67  
    0.350       588.05          1192.34        2126.07         3457.73         4743.11  
    0.356       564.48          1312.81        2198.96         3501.78         4822.67  
    0.363       560.43          1381.86        2350.42         3580.73         4919.75  
    0.369       573.45          1392.05        2411.26         3632.73         4796.01  
    0.375       591.42          1436.98        2516.70         3593.11         4666.31  
    0.381       169.22          853.04        1890.88         3078.96         4187.96  
    0.388       0          604.22        1608.22         2731.39         3966.03  
    0.394       0          598.55        1610.66         2748.13         3882.63  
    0.400       0          602.21        1696.88         3174.00         4010.74  
    0.406       0          605.88        1161.50         3226.30         3763.35  
    0.413       398.78          843.34        2576.11         3334.45         4972.70  
    0.419       576.09          929.39        2928.52         3450.19         5500.00  
    0.425       584.65          858.92        2894.09         3504.47         5500.00  
    0.431       601.25          705.15        2730.32         3466.65         5071.48  
    0.438       568.23          779.43        2539.01         3397.20         4871.76  
    0.444       580.24          951.97        2739.26         3472.24         5039.67  
    0.450       638.23          1010.46        2884.29         3464.39         5048.73  
    0.456       584.59          825.14        2893.44         3412.88         5021.97  
    