0.025       191.27          1251.00        2595.79         3460.89         5500.00  
    0.031       26.37          416.81        1703.75         2801.46         3962.85  
    0.038       0          664.89        1887.84         2777.20         4073.22  
    0.044       173.34          649.73        2405.42         4288.71         4716.37  
    0.050       470.97          581.85        2467.22         4225.88         4786.57  
    0.056       452.59          547.15        2466.81         3851.17         4759.63  
    0.062       443.77          744.96        2506.41         3681.70         4744.21  
    0.069       446.49          798.77        2531.10         3709.09         4707.88  
    0.075       459.80          828.52        2491.18         3712.69         4699.59  
    0.081       457.67          832.32        2470.76         3694.41         4687.18  
    0.088       458.97          814.32        2506.20         3632.31         4675.63  
    0.094       448.30          803.07        2581.23         3620.35         4658.84  
    0.100       438.17          781.28        2499.21         3607.64         4673.80  
    0.106       425.36          776.53        2447.74         3543.42         4664.81  
    0.113       419.38          819.45        2409.83         3499.54         4662.61  
    0.119       442.04          910.39        2320.97         3541.31         4670.91  
    0.125       460.52          1017.79        2276.35         3485.24         4727.27  
    0.131       471.20          1099.39        2286.88         3523.75         4664.89  
    0.138       473.93          1137.34        2326.68         3623.62         4622.52  
    0.144       478.55          1142.36        2378.53         3701.55         4565.35  
    0.150       484.18          1183.42        2460.29         3728.91         4736.06  
    0.156       485.39          1208.39        2455.27         3687.02         5398.62  
    0.163       484.72          1181.34        2433.96         3640.79         5075.34  
    0.169       483.49          1175.54        2432.51         3609.47         4961.32  
    0.175       485.20          1198.72        2424.87         3586.08         4778.12  
    0.181       487.80          1229.17        2423.47         3581.74         4775.73  
    0.188       491.36          1201.17        2432.61         3572.61         4804.70  
    0.194       496.33          1161.25        2439.72         3579.69         4732.33  
    0.200       498.08          1150.23        2446.26         3595.51         4689.98  
    0.206       500.63          1168.82        2449.18         3602.07         4745.92  
    0.213       502.28          1170.75        2461.81         3600.56         4756.00  
    0.219       500.40          1189.55        2470.76         3589.70         4711.60  
    0.225       500.49          1221.13        2465.54         3611.56         4666.07  
    0.231       497.65          1201.49        2446.50         3627.20         4649.87  
    0.238       497.59          1181.69        2446.41         3599.32         4602.15  
    0.244       499.20          1199.50        2452.88         3586.64         4611.57  
    0.250       501.39          1256.37        2454.73         3580.12         4632.54  
    0.256       502.14          1272.04        2459.70         3591.54         4630.98  
    0.263       498.03          1236.69        2463.24         3573.60         4685.40  
    0.269       499.97          1225.59        2441.76         3560.12         4708.77  
    0.275       505.10          1251.13        2427.25         3560.19         4772.97  
    0.281       511.28          1209.78        2414.30         3556.43         4869.45  
    0.288       503.80          1207.50        2405.98         3557.47         4862.12  
    0.294       504.75          1186.56        2405.20         3564.73         4816.19  
    0.300       508.68          1132.13        2415.29         3563.51         4683.18  
    0.306       502.60          1082.51        2424.43         3550.03         4623.91  
    0.312       515.90          938.42        2439.17         3517.60         4609.33  
    0.319       537.95          716.93        2465.54         3521.56         4692.05  
    0.325       555.01          582.01        2469.92         3516.34         4766.06  
    0.331       485.11          573.57        2467.69         3503.23         4802.68  
    0.338       478.19          580.84        2464.50         3498.94         4740.96  
    0.344       534.77          563.34        2458.42         3502.64         4679.32  
    0.350       499.67          661.08        2452.27         3509.92         4664.55  
    0.356       460.20          720.41        2447.73         3524.48         4682.78  
    0.363       426.60          803.15        2441.02         3529.95         4651.70  
    0.369       414.12          864.14        2452.25         3510.77         4644.20  
    0.375       415.47          856.09        2476.81         3579.20         4581.06  
    0.381       419.46          760.54        2503.57         3665.01         4570.15  
    0.388       430.58          726.24        2561.55         3611.39         4633.80  
    0.394       386.00          536.80        2703.11         3432.39         4786.63  
    0.400       52.20          501.83        2435.41         3282.19         4822.03  
    0.406       0          459.62        2308.41         3269.45         4739.54  
    0.413       0          62.46        757.90         2510.73         3758.06  
    0.419       0          445.47        1980.33         3318.62         4641.92  
    0.425       0          71.24        737.32         2235.73         3582.57  
    0.431       0          527.66        2060.44         3151.89         4544.55  
    0.438       0          594.55        2335.92         3303.09         4305.31  
    0.444       335.34          1442.78        2363.57         3400.16         4615.66  
    0.450       414.01          1570.37        2394.45         3520.66         4812.55  
    