0.025       487.02          1333.63        2899.66         4994.06         5500.00  
    0.031       234.79          928.87        2329.42         3889.51         5236.17  
    0.038       0          536.17        1781.90         3029.28         5045.28  
    0.044       220.23          676.65        2513.96         4171.65         5305.33  
    0.050       205.00          605.14        1963.12         4147.37         5276.77  
    0.056       0          401.81        803.44         3280.09         5084.82  
    0.062       0          408.80        823.48         3297.20         5101.04  
    0.069       0          435.76        843.37         3307.33         5131.65  
    0.075       242.56          655.06        2126.75         4307.56         5335.54  
    0.081       225.78          649.84        2035.83         4244.76         5347.11  
    0.088       243.70          657.58        2118.95         4276.27         5357.69  
    0.094       472.73          828.61        3309.59         5177.92         5500.00  
    0.100       477.52          829.44        3325.75         4871.80         5351.19  
    0.106       488.45          836.73        3337.64         4869.42         5361.48  
    0.113       500.87          838.16        3319.67         5125.67         5500.00  
    0.119       506.95          835.72        3302.89         5114.27         5500.00  
    0.125       516.90          823.88        3304.97         5117.38         5500.00  
    0.131       534.90          805.87        3293.25         5094.87         5500.00  
    0.138       262.48          669.60        1996.02         4157.79         5274.12  
    0.144       0          541.44        817.47         3328.24         5060.13  
    0.150       0          530.15        838.45         3353.12         5061.36  
    0.156       0          526.43        848.04         3343.42         5097.20  
    0.163       273.65          693.75        2151.01         4287.61         5319.93  
    0.169       254.72          686.90        2064.19         4234.22         5300.91  
    0.175       0          530.40        862.54         3365.54         5098.36  
    0.181       0          530.76        1008.49         3384.75         5057.93  
    0.188       0          538.78        1385.62         3397.90         5020.54  
    0.194       0          540.75        1616.70         3407.77         5012.04  
    0.200       0          536.39        1652.67         3453.50         5045.82  
    0.206       0          524.80        1790.60         3491.25         5107.29  
    0.213       0          510.73        1869.02         3471.35         5126.02  
    0.219       0          503.43        1785.90         3607.22         5132.70  
    0.225       0          501.61        1745.35         3817.04         5149.45  
    0.231       0          501.85        1821.07         3841.58         5146.27  
    0.238       260.11          691.10        1939.46         3783.50         5136.79  
    0.244       242.12          677.75        1967.90         3612.70         5079.50  
    0.250       0          499.13        1934.05         3498.43         5008.54  
    0.256       0          495.99        1918.71         3535.08         4978.61  
    0.263       0          497.80        1933.11         3556.53         4990.42  
    0.269       260.31          1151.99        1924.60         3716.39         5042.71  
    0.275       504.81          1342.47        2705.94         3938.87         5079.32  
    0.281       511.42          889.64        3427.89         4239.19         5052.70  
    0.288       520.43          792.44        3404.22         4207.80         5054.21  
    0.294       527.20          762.62        3238.38         3951.23         5103.47  
    0.300       527.49          780.81        3000.12         3960.95         5095.56  
    0.306       523.88          799.00        2985.75         4037.28         5053.31  
    0.312       521.74          799.57        3205.30         4039.66         5038.85  
    0.319       516.53          779.59        3247.57         4086.67         5048.29  
    0.325       505.91          754.03        3161.77         4158.95         5062.99  
    0.331       487.21          750.15        3234.15         4200.16         5073.30  
    0.338       471.16          760.99        3268.30         4207.59         5083.79  
    0.344       461.64          778.43        3158.48         4305.23         5077.97  
    0.350       457.32          798.55        3136.96         4705.30         5291.17  
    0.356       220.97          630.00        1965.59         4005.11         5247.34  
    0.363       0          470.79        823.02         3081.68         5024.90  
    0.369       0          476.92        826.08         3151.05         5007.39  
    0.375       0          479.68        813.53         3281.69         4972.06  
    0.381       0          479.67        775.47         3360.53         4990.95  
    0.388       0          455.77        735.14         3659.04         5018.79  
    0.394       189.22          587.73        963.48         4255.18         5060.01  
    0.400       176.13          514.77        967.72         4501.26         5051.53  
    0.406       0          302.37        766.95         3979.19         4985.93  
    0.413       142.20          544.59        1779.12         3997.98         4977.02  
    0.419       273.57          779.34        2848.49         4666.99         4963.04  
    0.425       270.53          778.92        2940.59         4820.35         5228.99  
    0.431       268.15          800.82        2924.05         4765.71         5500.00  
    0.438       266.81          851.30        2827.07         4634.49         5201.43  
    0.444       264.46          916.21        2630.81         4526.50         4905.74  
    0.450       261.36          935.91        2682.29         4650.21         4854.26  
    0.456       125.21          577.48        1926.89         3846.39         4771.79  
    0.463       130.60          808.76        1972.50         3881.11         5126.53  
    