0.025       0          924.22        1839.38         2570.32         3141.36  
    0.031       0          963.61        1768.76         2581.79         3127.23  
    0.038       0          956.75        1838.84         2748.67         3609.92  
    0.044       0          717.87        1763.22         2760.53         3815.05  
    0.050       0          846.17        1856.38         2796.20         3848.13  
    0.056       0          1039.18        2033.12         2810.79         3906.08  
    0.062       0          904.78        2095.83         2802.25         3903.00  
    0.069       0          811.63        2037.52         2634.30         3938.16  
    0.075       0          734.72        2022.79         2785.96         3925.82  
    0.081       0          632.13        1985.78         2719.04         3903.40  
    0.088       405.25          836.75        2460.68         3735.31         5480.81  
    0.094       391.38          823.82        2514.96         3698.36         4419.51  
    0.100       399.41          824.16        2569.78         3772.70         4192.82  
    0.106       399.98          793.48        2533.18         3919.06         5337.50  
    0.113       373.19          748.81        2479.41         3900.47         4902.48  
    0.119       370.68          753.55        2508.04         3950.38         5022.16  
    0.125       382.37          769.11        2519.98         3949.77         5260.41  
    0.131       397.68          776.45        2575.91         3989.71         5007.54  
    0.138       389.82          776.07        2475.46         4008.19         5039.75  
    0.144       375.92          780.57        2489.55         3995.55         5247.61  
    0.150       364.49          781.77        2534.79         3979.75         5015.99  
    0.156       356.54          780.32        2560.72         3992.30         4981.65  
    0.163       350.46          766.53        2576.86         3975.21         4866.75  
    0.169       346.55          756.13        2692.27         3991.71         4762.84  
    0.175       346.16          755.18        2867.88         3954.66         5005.58  
    0.181       347.78          753.90        2756.04         3957.23         5130.14  
    0.188       355.71          748.02        2658.26         3950.71         5060.93  
    0.194       361.91          740.72        2644.60         3935.96         4975.15  
    0.200       364.55          735.71        2616.96         3882.67         4892.03  
    0.206       365.95          738.81        2709.26         3944.36         4844.42  
    0.213       360.63          742.26        2720.04         3973.88         4691.03  
    0.219       360.49          742.40        2818.98         3951.86         4737.34  
    0.225       363.93          745.79        3653.21         4005.36         5490.84  
    0.231       362.45          743.28        3672.36         3985.33         5500.00  
    0.238       358.34          735.77        3631.52         3945.94         5500.00  
    0.244       357.74          738.46        3617.79         4000.80         5500.00  
    0.250       355.07          735.03        3270.49         3957.10         5045.17  
    0.256       353.21          729.21        2736.62         4000.18         5102.95  
    0.263       351.12          735.05        2713.91         4015.10         5048.10  
    0.269       352.53          735.62        2920.55         3969.84         4958.38  
    0.275       352.05          734.81        2855.06         4018.07         5000.41  
    0.281       352.00          734.10        2874.00         4000.10         5086.15  
    0.288       350.90          734.24        2732.84         4084.07         5089.70  
    0.294       350.13          740.91        2687.26         4083.89         5072.16  
    0.300       350.27          747.39        2665.81         3996.28         5073.92  
    0.306       350.81          748.87        2634.73         3941.78         5048.16  
    0.312       350.26          751.33        2635.06         3929.27         4994.67  
    0.319       348.58          746.97        2661.29         3968.93         5026.03  
    0.325       347.74          747.58        2720.69         3972.45         5010.14  
    0.331       348.42          752.47        2811.08         3985.30         4949.35  
    0.338       349.21          744.27        2817.84         3964.65         4866.98  
    0.344       358.23          729.75        2817.61         3951.43         4813.67  
    0.350       357.33          731.64        2748.40         4021.33         4733.81  
    0.356       357.28          742.31        2627.66         3986.87         4726.51  
    0.363       361.66          741.43        2681.48         3969.47         4785.87  
    0.369       370.35          745.92        2909.22         3945.44         4883.67  
    0.375       379.61          754.78        2906.37         3882.68         4886.41  
    0.381       396.37          755.23        2757.29         3918.53         4897.78  
    0.388       401.08          741.39        2562.12         3963.83         4870.90  
    0.394       392.35          753.42        2558.28         3938.30         4856.55  
    0.400       389.92          770.87        2689.65         3935.62         4824.29  
    0.406       392.75          789.03        2731.55         3935.08         4808.44  
    0.413       398.72          801.02        2652.63         3902.61         4813.93  
    0.419       408.21          815.45        2658.08         3883.78         5046.22  
    0.425       420.48          835.21        2733.43         3848.27         5224.59  
    0.431       434.02          850.76        2750.24         3829.55         5201.08  
    0.438       438.68          847.92        2780.44         3842.41         5115.52  
    0.444       442.17          761.16        2799.80         3881.24         5028.83  
    0.450       427.26          710.26        2933.56         3852.18         5053.76  
    0.456       343.91          809.42        2835.85         3930.04         5150.61  
    0.463       338.18          864.65        2677.69         3817.25         5199.60  
    0.469       340.44          905.22        2569.11         3805.13         5146.17  
    0.475       342.79          907.66        2573.18         3920.33         5118.85  
    0.481       360.22          919.14        2699.07         3869.84         5005.61  
    0.488       396.29          921.15        2544.83         3830.81         4877.89  
    0.494       472.72          905.77        2353.33         3846.03         4873.79  
    0.500       458.21          1226.34        2374.22         3913.30         5054.32  
    0.506       451.42          1206.58        2480.26         3939.34         4980.13  
    0.513       431.00          1152.09        2440.29         3877.37         4944.94  
    0.519       5.18          13.84        600.61         2244.42         3916.77  
    0.525       513.25          1025.94        2269.19         3873.19         4975.83  
    0.531       411.94          1541.49        2395.41         3903.74         4854.23  
    0.537       478.03          1669.05        2548.06         4039.08         4755.43  
    0.544       441.44          1474.70        2589.42         3891.13         4904.82  
    