0.025       463.72          1524.25        2446.44         4168.01         4861.27  
    0.031       164.56          935.32        1800.63         3643.25         4830.83  
    0.038       285.66          691.98        2535.53         4300.63         4873.25  
    0.044       431.24          738.55        3155.47         3988.10         4883.90  
    0.050       430.94          740.53        3142.68         3435.41         4837.18  
    0.056       437.94          740.97        2971.45         3394.35         4779.80  
    0.062       441.24          741.87        2844.19         3396.77         4742.49  
    0.069       441.02          738.45        2933.75         3403.70         4732.52  
    0.075       442.09          733.51        2928.43         3408.05         4698.96  
    0.081       437.23          723.38        2810.86         3355.31         4683.98  
    0.088       430.64          712.90        2754.87         3313.31         4663.49  
    0.094       424.83          711.31        2782.36         3308.31         4642.46  
    0.100       417.34          705.98        2722.61         3313.48         4653.88  
    0.106       407.43          694.91        2668.09         3301.10         4648.01  
    0.113       398.23          691.55        2632.70         3279.63         4663.51  
    0.119       395.72          693.81        2615.91         3285.35         4647.99  
    0.125       395.69          687.41        2649.96         3299.50         4602.62  
    0.131       393.33          678.11        2672.37         3291.85         4572.61  
    0.138       390.02          677.84        2667.73         3278.48         4559.92  
    0.144       388.55          681.64        2666.22         3294.36         4539.09  
    0.150       390.48          677.61        2671.02         3314.91         4531.54  
    0.156       392.79          679.29        2669.24         3344.85         4536.00  
    0.163       393.97          684.19        2667.04         3360.78         4542.61  
    0.169       397.11          687.86        2675.87         3387.98         4553.62  
    0.175       399.24          683.06        2684.28         3434.71         4548.93  
    0.181       399.41          677.72        2680.85         3501.05         4520.30  
    0.188       404.14          676.25        2680.41         3642.32         4503.46  
    0.194       408.44          674.14        2689.49         3639.22         4497.48  
    0.200       409.69          674.05        2688.46         3592.56         4502.88  
    0.206       409.41          676.80        2683.14         3616.88         4513.28  
    0.213       416.64          674.45        2702.13         3662.23         4505.71  
    0.219       424.42          669.60        2733.29         3595.07         4491.18  
    0.225       428.61          669.12        2735.01         3543.82         4497.96  
    0.231       430.08          670.53        2723.48         3579.68         4508.64  
    0.238       432.69          668.60        2734.07         3610.71         4511.25  
    0.244       433.90          668.78        2734.39         3595.41         4513.92  
    0.250       431.97          679.35        2745.29         3635.22         4518.24  
    0.256       431.39          690.28        2793.35         3697.84         4521.73  
    0.263       434.48          688.47        2862.84         3757.29         4532.80  
    0.269       434.33          682.20        2921.85         3642.87         4538.25  
    0.275       432.70          677.02        2848.09         3636.32         4546.01  
    0.281       431.76          684.51        2759.51         3869.97         4555.22  
    0.288       434.51          696.66        2744.85         3901.33         4565.22  
    0.294       442.53          697.19        2717.04         3835.77         4561.18  
    0.300       450.29          697.11        2711.43         3750.20         4558.70  
    0.306       460.16          696.57        2711.98         3667.31         4565.08  
    0.312       472.67          700.03        2757.85         3675.23         4604.77  
    0.319       480.36          711.99        2864.57         3816.79         4636.67  
    0.325       492.67          699.12        2893.52         3873.11         4651.95  
    0.331       518.92          628.98        2848.08         3889.22         4668.38  
    0.338       188.14          211.47        1370.08         3304.50         4262.16  
    0.344       0          0        586.14         2971.02         4104.67  
    0.350       0          0        605.63         2921.66         4184.12  
    0.356       202.98          402.63        2090.95         3699.55         4579.40  
    0.363       387.75          640.28        2930.92         4131.33         4849.07  
    0.369       431.15          663.46        2833.90         4279.84         4872.83  
    0.375       419.08          675.09        2722.04         4365.73         4828.06  
    0.381       411.53          686.96        2739.99         4335.50         4761.41  
    0.388       423.39          722.41        2803.36         4422.45         4743.67  
    0.394       426.10          745.61        2758.59         4594.86         4726.72  
    0.400       424.45          752.58        2772.32         4336.78         4745.06  
    0.406       421.05          768.47        2787.70         4358.74         4753.78  
    0.413       418.68          780.35        2690.46         4640.22         4747.50  
    0.419       425.69          776.15        2636.54         4654.48         4736.88  
    0.425       422.35          743.26        2592.47         4545.40         4740.62  
    0.431       403.39          692.03        2668.11         4418.61         4732.71  
    0.438       389.61          685.86        3018.19         4572.83         4716.32  
    0.444       333.58          715.12        2962.41         4305.84         4725.89  
    