0.025       460.42          835.87        2372.27         4020.96         4999.53  
    0.031       427.64          795.03        2363.61         3967.44         4985.39  
    0.038       426.72          802.88        2376.53         4010.92         4913.51  
    0.044       434.19          842.14        2394.64         3804.11         4899.89  
    0.050       445.47          857.58        2375.14         3664.96         4905.40  
    0.056       449.41          841.60        2361.90         3811.43         4878.03  
    0.062       450.11          841.07        2364.78         3810.22         4888.30  
    0.069       456.40          858.23        2352.88         3841.13         4868.25  
    0.075       456.46          834.71        2334.93         3744.61         4826.44  
    0.081       452.31          814.16        2342.87         3708.57         4792.52  
    0.088       450.17          805.90        2345.06         3781.06         4797.51  
    0.094       450.08          810.94        2350.25         3500.75         4830.14  
    0.100       447.71          810.44        2354.25         3404.62         4725.75  
    0.106       446.18          792.86        2361.49         3407.64         4718.41  
    0.113       451.36          792.94        2369.81         3409.32         4776.80  
    0.119       456.81          792.86        2368.33         3406.86         4826.94  
    0.125       458.88          796.39        2375.88         3387.78         4758.42  
    0.131       460.52          801.36        2384.93         3387.91         4722.06  
    0.138       462.69          806.69        2387.62         3455.62         4769.17  
    0.144       469.93          821.40        2371.79         3500.69         4711.87  
    0.150       474.61          832.38        2350.47         3504.42         4672.13  
    0.156       480.60          835.26        2340.49         3508.60         4657.13  
    0.163       480.20          832.86        2344.19         3526.66         4731.65  
    0.169       479.24          834.01        2349.08         3524.46         4709.49  
    0.175       478.43          837.86        2353.79         3505.80         4689.86  
    0.181       474.59          843.43        2359.41         3510.40         4724.83  
    0.188       470.92          848.05        2369.97         3563.89         4751.72  
    0.194       471.57          855.24        2374.46         3591.57         4701.48  
    0.200       476.96          858.50        2369.72         3547.78         4709.43  
    0.206       474.53          866.43        2369.53         3490.88         4730.96  
    0.213       471.36          872.38        2371.49         3476.08         4798.57  
    0.219       474.66          872.54        2353.81         3477.76         4830.71  
    0.225       475.49          873.41        2332.48         3468.24         4738.19  
    0.231       470.75          871.87        2324.89         3465.26         4664.48  
    0.238       470.49          869.77        2321.83         3468.07         4655.53  
    0.244       478.87          865.69        2329.76         3480.03         4720.22  
    0.250       488.45          854.46        2337.10         3500.81         4766.69  
    0.256       491.13          863.21        2335.92         3504.80         4894.61  
    0.263       499.27          864.14        2343.32         3497.77         4799.27  
    0.269       511.20          864.85        2352.42         3482.74         4762.90  
    0.275       529.78          839.81        2359.22         3517.08         4728.77  
    0.281       630.84          691.11        2363.21         3533.43         4633.44  
    0.288       572.75          741.66        2373.65         3517.35         4593.65  
    0.294       549.41          755.19        2380.50         3546.61         4648.68  
    0.300       537.04          773.72        2375.15         3579.88         4689.23  
    0.306       534.66          776.92        2361.29         3565.37         4678.92  
    0.312       509.29          802.80        2352.05         3545.67         4667.97  
    0.319       486.36          817.06        2336.25         3516.34         4630.02  
    0.325       466.83          819.76        2319.07         3497.43         4602.34  
    0.331       457.14          825.47        2315.66         3499.05         4617.24  
    0.338       452.33          844.28        2316.39         3484.57         4614.48  
    0.344       457.22          843.48        2320.73         3553.27         4597.99  
    0.350       476.39          818.71        2331.26         3891.20         4580.60  
    0.356       483.80          867.03        2323.87         4108.84         4517.16  
    0.363       492.83          986.81        2323.10         4449.30         5347.66  
    0.369       487.98          1006.83        2325.61         3528.21         4702.27  
    0.375       484.42          954.59        2301.85         3597.38         4522.38  
    0.381       452.61          889.97        2313.31         3910.46         4505.27  
    0.388       437.70          819.26        2301.42         3700.69         4552.43  
    0.394       452.69          770.23        2231.13         3513.76         4566.62  
    0.400       414.74          733.73        2279.45         3560.69         4635.73  
    0.406       62.44          111.65        707.19         2471.77         3630.67  
    0.413       0          325.66        1896.35         2676.69         4337.50  
    0.419       337.45          1321.30        2399.09         3469.51         4713.82  
    0.425       437.62          1394.22        2413.53         3806.07         4819.46  
    