0.025       0          926.56        2289.21         3259.01         4575.46  
    0.031       0          939.95        2325.95         3283.77         4375.34  
    0.038       0          796.02        2355.78         3449.09         4397.19  
    0.044       298.12          723.77        2472.69         3825.30         4550.27  
    0.050       463.44          662.89        2825.97         3635.84         4381.02  
    0.056       491.24          573.27        2913.50         3307.49         4364.62  
    0.062       403.87          703.98        2725.25         3323.72         4396.08  
    0.069       376.61          804.99        2574.77         3391.04         4482.02  
    0.075       377.99          824.51        2628.21         3512.71         4516.39  
    0.081       382.73          817.13        2607.47         3441.86         4529.80  
    0.088       388.02          822.41        2501.79         3403.39         4566.81  
    0.094       391.90          822.96        2447.76         3354.07         4562.41  
    0.100       396.43          818.93        2414.84         3398.08         4670.81  
    0.106       398.97          821.39        2386.00         3404.38         4751.03  
    0.113       388.44          802.84        2365.49         3410.30         4765.73  
    0.119       377.64          785.28        2360.28         3359.38         4757.28  
    0.125       371.18          778.19        2361.73         3315.61         4713.28  
    0.131       368.07          776.23        2373.53         3314.78         4649.98  
    0.138       366.61          772.30        2383.31         3310.96         4659.13  
    0.144       366.64          768.00        2379.52         3220.35         4669.04  
    0.150       364.25          765.08        2396.83         3227.21         4632.48  
    0.156       363.38          764.11        2443.58         3392.51         4506.35  
    0.163       365.82          763.32        2462.99         3455.36         4467.65  
    0.169       367.09          765.71        2483.48         3475.44         4492.02  
    0.175       366.80          763.65        2495.79         3571.10         4520.24  
    0.181       370.13          763.96        2487.41         3654.19         4515.86  
    0.188       373.73          766.31        2556.08         3654.62         4503.60  
    0.194       377.46          767.94        2641.64         3688.69         4492.48  
    0.200       371.39          766.21        2592.80         3558.71         4458.38  
    0.206       370.01          764.38        2560.71         3585.51         4419.25  
    0.213       369.98          761.23        2574.33         3737.05         4423.75  
    0.219       363.51          756.80        2592.79         3736.71         4434.13  
    0.225       367.96          754.85        2617.60         3720.67         4431.51  
    0.231       373.99          754.20        2680.52         3796.17         4401.43  
    0.238       376.86          753.02        2716.73         3789.58         4334.99  
    0.244       377.57          750.66        2700.99         3671.53         4203.58  
    0.250       378.30          748.13        2663.53         3770.75         4155.08  
    0.256       379.68          746.08        2710.88         4025.02         4196.20  
    0.263       377.08          742.23        2687.83         4060.92         4237.44  
    0.269       374.41          738.64        2684.92         3909.11         4299.96  
    0.275       377.87          737.16        2671.74         3817.33         4223.33  
    0.281       375.85          733.60        2647.33         3700.86         4169.94  
    0.288       372.78          729.57        2664.22         3767.88         4201.67  
    0.294       362.45          723.57        2606.72         3606.92         4234.45  
    0.300       352.71          719.47        2617.05         3529.75         4268.47  
    0.306       353.27          717.58        2610.19         3490.58         4326.02  
    0.312       333.58          711.78        2582.66         3446.69         4370.75  
    0.319       187.97          701.96        2553.38         3438.63         4472.44  
    0.325       239.96          697.90        2557.14         3509.55         4541.71  
    0.331       336.76          697.79        2671.09         3628.84         4509.62  
    0.338       359.12          692.09        2754.57         3592.10         4512.64  
    0.344       374.24          692.27        2711.68         3640.73         4508.26  
    0.350       372.30          693.37        2659.77         3542.42         4497.33  
    0.356       372.02          736.02        2638.73         3395.17         4467.22  
    0.363       378.77          776.04        2680.87         3380.89         4449.02  
    0.369       353.71          783.19        2695.45         3428.88         4446.99  
    0.375       334.59          772.69        2749.70         3550.91         4462.38  
    0.381       332.53          761.83        2778.77         3737.95         4534.25  
    0.388       314.68          761.61        2715.72         3856.13         4557.60  
    0.394       289.40          761.51        2662.90         3884.60         4625.44  
    0.400       157.91          745.71        2656.20         3881.95         4776.32  
    0.406       30.13          199.02        1250.49         3010.03         4217.90  
    0.413       0          0        638.03         2636.71         3967.20  
    0.419       0          363.10        2018.84         3361.14         4458.22  
    0.425       0          478.71        2658.82         3650.91         4641.48  
    0.431       0          512.23        2655.16         3318.47         4452.23  
    0.438       0          366.22        2625.91         3474.91         4343.68  
    