0.025       0          0        628.21         2678.60         3442.03  
    0.031       0          0        632.84         2681.50         3458.15  
    0.038       0          0        642.35         2693.34         3541.40  
    0.044       0          0        660.67         2698.64         3536.38  
    0.050       0          0        650.19         2709.44         3557.62  
    0.056       0          0        632.76         2747.98         3501.98  
    0.062       0          0        627.60         2847.18         3337.64  
    0.069       0          0        624.54         2905.21         3223.37  
    0.075       0          0        626.67         2874.83         3208.79  
    0.081       0          0        622.70         2836.42         3194.03  
    0.088       0          559.31        2600.39         3124.68         3944.63  
    0.094       0          619.34        2793.19         3187.48         4020.67  
    0.100       0          619.46        2800.06         3205.18         4024.85  
    0.106       0          61.39        837.11         2853.10         3334.47  
    0.113       0          0        618.77         2795.41         3306.31  
    0.119       0          0        628.00         2818.12         3325.12  
    0.125       0          0        637.72         2805.90         3404.13  
    0.131       0          0        642.38         2769.16         3477.47  
    0.138       0          0        649.33         2765.11         3471.75  
    0.144       0          0        665.19         2746.21         3459.57  
    0.150       0          0        684.72         2725.74         3470.10  
    0.156       0          0        704.04         2715.29         3640.14  
    0.163       0          0        724.05         2691.94         3618.51  
    0.169       0          0        743.66         2673.01         3524.67  
    0.175       0          0        760.07         2662.94         3441.95  
    0.181       0          0        772.84         2659.58         3427.01  
    0.188       0          706.46        2456.39         3248.62         4000.28  
    0.194       0          792.16        2623.24         3263.07         4083.63  
    0.200       0          798.09        2626.60         3247.43         4087.83  
    0.206       0          800.71        2707.89         3211.65         4067.97  
    0.213       0          799.98        2764.90         3313.70         4053.15  
    0.219       0          79.26        990.68         2758.04         3582.97  
    0.225       0          704.80        2460.12         3403.40         4062.95  
    0.231       0          757.36        2611.76         3400.40         4114.68  
    0.238       0          689.21        2600.54         3365.37         4084.63  
    0.244       0          606.76        2592.73         3327.46         4170.42  
    