0.025       379.70          986.59        2779.75         3199.53         4790.66  
    0.031       396.01          1197.69        2766.03         3047.71         4781.09  
    0.038       404.12          1426.33        2588.19         3076.46         4739.73  
    0.044       400.30          1504.32        2445.83         3462.54         4794.37  
    0.050       394.87          1500.69        2372.94         3555.64         4796.73  
    0.056       390.27          1526.77        2310.98         3477.67         4710.66  
    0.062       390.18          1598.33        2475.70         3419.95         4588.20  
    0.069       393.47          1599.99        2485.46         3414.43         4606.64  
    0.075       398.51          1577.21        2404.10         3663.88         5168.71  
    0.081       409.62          1603.24        2472.00         3869.47         5500.00  
    0.088       422.84          1630.02        2550.42         3911.17         5500.00  
    0.094       431.91          1623.30        2530.12         3832.37         4922.40  
    0.100       437.64          1607.11        2523.41         3866.28         4539.61  
    0.106       442.73          1571.25        2514.49         3800.15         4646.26  
    0.113       448.57          1554.24        2511.15         3519.21         4784.10  
    0.119       451.52          1534.48        2555.01         3381.58         4854.66  
    0.125       454.06          1521.06        2583.60         3492.22         4888.24  
    0.131       458.80          1541.68        2499.03         3630.18         4884.03  
    0.138       466.11          1553.82        2370.44         3601.87         4772.72  
    0.144       477.21          1606.33        2373.53         3458.24         4632.24  
    0.150       483.61          1685.72        2350.87         3373.51         4588.91  
    0.156       482.43          1700.67        2299.95         3426.14         4604.47  
    0.163       480.19          1687.10        2234.74         3474.57         4618.24  
    0.169       481.49          1617.15        2164.10         3399.14         4676.12  
    0.175       481.36          1606.73        2133.73         3353.45         4658.52  
    0.181       476.83          1660.27        2081.46         3341.75         4664.50  
    0.188       471.06          1641.61        2069.91         3305.22         4751.17  
    0.194       470.04          1607.37        2116.63         3270.17         4798.00  
    0.200       473.09          1602.95        2181.09         3279.89         4793.94  
    0.206       478.55          1590.53        2214.43         3320.27         4756.83  
    0.213       484.51          1559.56        2237.56         3340.70         4764.21  
    0.219       491.84          1550.22        2273.30         3348.10         4811.87  
    0.225       502.77          1575.93        2313.15         3406.44         4852.04  
    0.231       512.61          1573.25        2305.25         3408.14         4806.55  
    0.238       516.85          1525.71        2231.40         3269.11         4733.13  
    0.244       519.35          1474.38        2215.94         3222.60         4643.83  
    0.250       523.03          1442.18        2262.18         3341.34         4599.90  
    0.256       528.02          1405.27        2286.10         3480.75         4639.04  
    0.263       531.09          1335.10        2311.64         3455.77         4719.77  
    0.269       530.47          1257.82        2365.58         3447.70         4714.24  
    0.275       532.57          1225.06        2405.55         3609.14         4669.74  
    0.281       550.14          1243.97        2387.56         3762.69         4499.30  
    0.288       568.57          1265.34        2365.96         3700.00         4560.95  
    0.294       577.32          1287.08        2385.17         3639.53         4576.76  
    0.300       574.79          1318.43        2393.56         3655.99         4459.32  
    0.306       572.64          1381.67        2387.52         3824.25         4545.51  
    0.312       571.50          1548.61        2374.90         3953.42         4552.50  
    0.319       579.69          1775.90        2370.21         4002.91         4808.15  
    0.325       588.11          1735.49        2353.18         4055.24         5305.37  
    0.331       592.18          1595.87        2366.71         4066.76         5500.00  
    0.338       590.71          1579.83        2420.65         4012.39         5089.42  
    0.344       588.71          1606.27        2423.42         3968.45         5054.01  
    0.350       589.64          1685.59        2461.09         3988.75         5383.09  
    0.356       599.47          1769.50        2551.98         4036.32         5500.00  
    0.363       618.41          1786.28        2621.02         4043.04         5500.00  
    0.369       625.39          1781.04        2663.66         4067.91         5500.00  
    0.375       244.69          1079.56        2170.96         3264.93         4687.34  
    0.381       0          626.42        1824.99         2683.55         4155.53  
    0.388       373.92          1200.07        2224.25         3495.01         4971.11  
    0.394       614.34          1483.57        2442.16         3965.38         5238.65  
    0.400       639.44          1127.99        2506.38         3877.84         5331.61  
    0.406       630.02          922.62        2581.72         3782.73         5500.00  
    0.413       608.38          895.52        2686.02         3645.27         5438.92  
    0.419       597.41          891.81        2783.47         3616.55         5460.65  
    0.425       604.36          881.52        2793.18         3641.35         5365.11  
    0.431       671.19          840.19        2864.38         3634.89         5286.42  
    0.438       707.15          862.82        2805.49         3598.92         5186.13  
    0.444       276.55          348.86        1550.18         2975.52         4168.54  
    0.450       276.51          499.63        2058.20         3211.71         4738.56  
    