0.025       0          0        1522.15         2564.31         3761.22  
    0.031       0          1300.69        2449.23         3575.48         4399.98  
    0.038       0          1465.53        2357.41         3259.41         4340.90  
    0.044       79.61          1639.85        2622.11         3899.85         4821.56  
    0.050       920.49          1690.77        2816.42         4073.94         4913.98  
    0.056       13.32          1040.88        1798.10         3264.89         4347.89  
    0.062       1027.40          1622.29        3096.75         3432.43         4843.00  
    0.069       14.89          1091.30        2442.34         3618.13         4802.17  
    0.075       0          1092.03        2306.68         3499.65         4521.86  
    0.081       0          1185.24        2288.02         3471.99         4312.84  
    0.088       0          1178.99        2370.81         3469.48         4275.94  
    0.094       0          1206.83        2441.62         3307.31         4219.98  
    0.100       0          962.31        2266.44         3613.30         4040.15  
    0.106       0          872.92        2285.21         3601.19         4381.65  
    0.113       0          1142.16        1662.59         3278.61         4349.32  
    0.119       629.21          1596.27        3007.29         3786.01         4876.57  
    0.125       9.12          1443.64        2268.95         3363.55         4617.80  
    0.131       0          1182.53        2332.52         3499.85         4162.45  
    0.138       0          1299.52        2335.77         3354.78         4384.88  
    0.144       0          246.90        1588.86         3048.62         4191.39  
    0.150       811.88          1812.65        3023.83         4310.83         4963.88  
    0.156       761.10          1772.27        2754.30         3921.39         5047.37  
    0.163       655.07          1637.59        2723.56         3880.00         5033.24  
    0.169       596.68          1612.56        2740.47         3817.62         4968.27  
    0.175       8.51          1034.73        2212.65         3314.94         4565.18  
    0.181       0          894.88        2323.92         3159.77         4514.00  
    0.188       0          904.42        2591.22         2868.99         4663.52  
    0.194       0          1393.68        2402.62         3187.52         4820.27  
    0.200       0          1584.09        1919.80         3141.69         4318.03  
    0.206       0          1445.37        2957.80         3516.65         4116.76  
    0.213       0          1184.72        2468.98         3714.03         4862.84  
    0.219       0          1135.18        2366.09         3544.55         4438.81  
    0.225       620.22          1626.98        2741.55         3707.90         4829.62  
    0.231       866.41          1732.57        2852.30         3949.59         4759.95  
    0.238       587.97          1751.45        2980.87         4013.38         4906.44  
    0.244       8.34          1665.34        2897.64         4179.14         4902.30  
    0.250       0          1442.82        2456.71         3532.30         4526.86  
    0.256       0          996.08        2006.05         3357.10         4421.35  
    0.263       814.30          1920.52        2911.91         3711.67         4663.87  
    0.269       11.80          27.63        1322.06         2314.39         3717.81  
    0.275       0          1114.22        2396.67         3527.62         4638.88  
    0.281       0          1237.71        2254.81         3470.96         4334.68  
    0.288       0          1226.76        2292.20         3462.39         4429.39  
    0.294       0          1092.94        2350.77         3346.41         4444.46  
    0.300       0          782.12        2127.77         3149.75         4256.71  
    0.306       683.91          1861.22        2927.57         4108.14         5482.20  
    0.312       584.78          1763.04        2866.96         3872.86         5500.00  
    0.319       492.27          1655.77        2670.99         3875.35         5500.00  
    0.325       7.01          1246.18        2378.92         3627.28         4504.68  
    0.331       637.48          1755.08        2691.62         3872.01         4845.70  
    0.338       725.35          1580.86        2591.00         3740.17         4902.93  
    0.344       10.38          22.55        882.80         2476.13         3592.67  
    0.350       0          848.91        2298.73         3448.75         4749.00  
    0.356       0          12.30        901.80         2514.79         3454.19  
    0.363       591.64          1030.77        2455.42         3379.65         5099.23  
    0.369       588.81          804.35        2441.26         3412.37         4840.19  
    0.375       512.75          839.45        2501.16         3512.04         4964.44  
    0.381       487.00          903.37        2502.01         3547.80         4855.96  
    0.388       480.25          902.65        2561.24         3525.09         4907.06  
    0.394       475.44          895.59        2585.63         3515.40         4949.55  
    0.400       472.14          893.40        2570.25         3505.09         4804.02  
    0.406       468.56          889.81        2611.41         3511.62         4807.71  
    0.413       461.82          878.67        2702.67         3653.94         4984.01  
    0.419       451.33          869.12        2706.08         3668.61         4824.03  
    0.425       448.93          855.28        2719.64         3688.90         4762.66  
    0.431       444.47          860.38        2690.34         3559.07         4764.52  
    0.438       446.17          856.19        2688.26         3540.68         4795.00  
    0.444       438.57          846.00        2663.93         3555.93         4804.42  
    0.450       432.05          841.32        2667.24         3568.59         4932.09  
    0.456       439.00          837.16        2676.81         3528.33         4964.68  
    0.463       441.49          833.42        2746.64         3514.48         4944.39  
    0.469       440.03          828.51        2734.59         3539.96         5123.15  
    0.475       432.91          823.30        2662.04         3517.98         4983.91  
    0.481       426.75          821.26        2720.66         3493.46         4946.24  
    0.488       436.38          810.95        2760.70         3499.44         4787.38  
    0.494       439.58          799.44        2780.51         3694.31         4863.25  
    0.500       439.65          788.99        2760.24         3804.06         4953.19  
    0.506       504.25          719.01        2879.17         3879.14         4823.47  
    0.513       523.41          579.96        2948.94         3709.02         4914.41  
    0.519       7.48          605.51        2758.24         3662.63         4599.30  
    0.525       0          599.31        2261.50         3261.72         4129.06  
    0.531       0          512.66        1847.48         3262.87         4352.67  
    0.537       0          500.58        2040.89         3269.30         4334.45  
    0.544       0          484.88        2049.92         3465.24         4441.02  
    0.550       0          766.09        2073.63         3544.52         4534.94  
    0.556       0          827.01        2177.57         3392.64         4603.54  
    0.562       0          874.20        2369.86         3293.50         4484.86  
    0.569       0          899.48        2254.08         3260.70         4342.19  
    0.575       0          802.44        2066.47         3312.94         4235.07  
    0.581       629.00          1713.34        3417.95         3473.28         4853.65  
    0.588       9.12          850.47        2117.55         3369.16         4468.22  
    0.594       706.86          1810.64        2855.77         3708.06         4892.65  
    0.600       647.58          1814.38        2853.37         3699.04         4848.76  
    0.606       626.85          1912.33        2887.85         3849.16         4869.70  
    0.613       672.16          1962.10        2856.05         3892.56         4826.45  
    0.619       9.61          840.42        2054.16         3276.41         4547.91  
    0.625       512.15          1776.31        2972.91         4066.47         4710.85  
    0.631       597.61          1853.88        3014.80         4223.63         5488.76  
    0.638       657.89          1828.91        2951.83         4227.62         5500.00  
    0.644       575.11          1646.87        2785.33         3979.13         5029.34  
    0.650       8.20          1405.46        2437.23         3548.57         4634.56  
    0.656       0          1392.75        2314.29         3539.39         4698.41  
    0.663       766.15          1385.60        2775.78         3828.76         4738.13  
    0.669       837.10          1465.08        2755.09         3684.75         4738.20  
    0.675       501.33          1500.01        2710.21         3895.23         4922.22  
    0.681       274.67          1577.39        2699.96         3906.25         4997.28  
    