0.025       0          482.11        2379.13         3140.66         3780.60  
    0.031       0          466.26        2478.32         3298.62         3809.28  
    0.038       0          478.62        2495.29         3355.58         3804.00  
    0.044       0          467.42        2461.01         2936.08         3782.42  
    0.050       0          459.79        2436.75         2927.51         3750.57  
    0.056       0          461.68        1052.59         3073.75         3734.81  
    0.062       417.17          633.80        2420.89         3633.99         5235.94  
    0.069       73.29          517.70        2389.93         2722.19         3975.06  
    0.075       0          499.59        2517.93         2881.73         3675.18  
    0.081       0          488.53        2554.38         3593.59         4170.51  
    0.088       385.59          491.58        2619.29         3706.16         4324.10  
    0.094       67.74          498.77        2587.16         3078.44         3823.49  
    0.100       0          494.89        2538.06         3633.41         3810.69  
    0.106       0          497.17        2515.76         3715.30         3743.78  
    0.113       0          504.77        2502.03         3556.19         3676.51  
    0.119       0          506.46        2568.57         3577.61         3717.98  
    0.125       0          75.69        814.69         2809.05         3582.86  
    0.131       0          0        499.51         2600.66         3588.35  
    0.138       417.02          494.92        2302.19         3519.59         5215.15  
    0.144       473.00          660.13        2625.73         3662.29         4891.78  
    0.150       477.61          629.03        2635.60         3602.48         4418.19  
    0.156       441.49          500.43        2871.11         3591.35         5328.71  
    0.163       466.23          599.33        2793.77         3519.09         5500.00  
    0.169       461.14          647.07        2828.94         3509.26         5500.00  
    0.175       450.23          651.33        2650.73         3476.38         4820.43  
    0.181       451.10          638.47        2713.17         3436.38         4943.78  
    0.188       455.14          634.73        2633.15         3464.27         5003.51  
    0.194       454.02          651.68        2568.15         3508.21         5426.26  
    0.200       67.80          489.67        1239.49         2722.20         3827.12  
    0.206       392.95          613.62        2444.63         3420.11         5206.10  
    0.213       455.30          682.20        2886.58         3668.75         5500.00  
    0.219       454.31          703.14        2775.00         3751.19         4906.15  
    0.225       459.62          733.23        2572.34         3766.73         5395.67  
    0.231       456.28          721.92        2507.82         3714.79         5500.00  
    0.238       451.45          700.30        2507.77         3679.78         5097.74  
    0.244       449.90          694.13        2497.34         3689.99         4875.10  
    0.250       450.39          695.92        2470.12         3708.87         4823.70  
    0.256       448.93          701.70        2469.13         3705.59         4568.53  
    0.263       428.00          707.21        2481.37         3689.54         4291.51  
    0.269       414.71          721.04        2472.35         3684.25         4205.51  
    0.275       432.63          716.53        2485.99         3713.05         4202.59  
    0.281       431.23          701.07        2566.17         3717.03         4183.68  
    0.288       135.68          684.52        2634.51         3707.04         4372.18  
    0.294       318.93          646.15        2654.30         3697.41         4649.87  
    0.300       407.64          645.98        2605.05         3696.74         4901.38  
    0.306       416.11          663.06        2683.70         3722.30         4970.73  
    0.312       408.34          713.74        2750.20         3746.03         4854.46  
    0.319       406.83          692.56        2685.09         3791.97         4824.56  
    0.325       330.93          546.40        2685.61         3793.62         5031.05  
    0.331       47.46          77.95        975.30         2928.91         3965.36  
    0.338       0          0        639.83         2688.27         3803.95  
    0.344       0          538.37        2258.51         3647.22         4731.44  
    0.350       0          662.14        2570.82         3842.54         4353.80  
    0.356       0          660.42        2532.26         3875.64         4387.26  
    0.363       0          598.43        2579.50         3805.65         4283.29  
    0.369       0          632.75        2638.86         3756.09         4536.97  
    0.375       0          606.14        2575.82         3721.98         4714.50  
    0.381       0          674.10        2566.48         3726.08         4788.22  
    0.388       343.97          996.24        2682.90         3756.68         4901.41  
    0.394       60.43          156.99        958.20         2780.87         3978.23  
    0.400       345.06          1369.77        2164.96         3679.85         4719.58  
    0.406       218.29          1949.84        2387.73         3928.50         5407.18  
    