0.025       0          491.79        1715.89         3027.16         3963.59  
    0.031       0          460.90        1738.21         2857.06         3987.24  
    0.038       0.49          431.56        1740.66         2753.56         3972.01  
    0.044       430.35          1730.54        2730.41         3926.47         5498.22  
    0.050       0          447.40        1712.01         2682.95         3932.35  
    0.056       0.62          511.77        1639.39         2716.09         3887.15  
    0.062       545.67          1500.35        2586.20         3810.48         5500.00  
    0.069       532.00          1404.50        2476.69         3802.44         5498.35  
    0.075       544.68          1177.12        2498.02         3822.57         4047.86  
    0.081       547.75          1137.26        2464.66         3736.98         3929.63  
    0.088       545.91          1143.89        2521.17         3730.85         3935.73  
    0.094       558.12          1155.99        2559.56         3862.00         4095.40  
    0.100       571.22          1134.06        2494.39         3876.59         3903.63  
    0.106       568.40          1116.84        2500.51         3865.62         4145.07  
    0.113       567.08          1110.66        2470.35         3880.93         4416.09  
    0.119       575.51          1131.30        2526.76         3855.70         4302.18  
    0.125       578.16          1137.14        2560.02         3841.57         4098.68  
    0.131       582.09          1142.21        2503.09         3663.12         3845.67  
    0.138       588.59          1155.40        2491.61         3500.32         3855.62  
    0.144       590.99          1156.76        2533.49         3479.70         3845.51  
    0.150       594.79          1159.53        2530.19         3468.20         3846.61  
    0.156       598.04          1147.83        2517.53         3450.79         3859.72  
    0.163       589.66          1131.04        2501.59         3429.77         3849.89  
    0.169       590.44          1144.88        2497.30         3428.85         3841.60  
    0.175       607.31          1179.45        2513.16         3428.06         3883.40  
    0.181       623.15          1185.04        2552.81         3465.41         3903.04  
    0.188       632.22          1174.36        2567.82         3488.72         3908.91  
    0.194       633.59          1148.51        2579.64         3513.03         3940.66  
    0.200       644.24          1169.77        2578.25         3535.68         3913.13  
    0.206       696.41          1217.29        2581.67         3623.33         3975.73  
    0.213       706.97          1205.88        2556.47         3554.76         4216.56  
    0.219       729.80          1206.53        2512.94         3511.86         4209.74  
    0.225       752.52          1266.13        2525.12         3590.24         4138.07  
    0.231       730.07          1327.41        2522.18         3596.88         4268.67  
    0.238       723.79          1334.10        2475.07         3568.65         4386.22  
    0.244       729.26          1337.18        2459.18         3551.17         4361.21  
    0.250       730.05          1359.15        2496.99         3589.86         4355.76  
    0.256       712.54          1413.34        2516.05         3588.14         4369.01  
    0.263       708.86          1398.91        2524.18         3575.70         4359.75  
    0.269       713.70          1377.80        2530.81         3554.12         4373.91  
    0.275       715.72          1362.37        2539.66         3581.69         4431.05  
    0.281       712.77          1309.71        2527.25         3521.58         4465.68  
    0.288       694.58          1327.32        2479.78         3481.87         4426.30  
    0.294       686.50          1397.94        2482.74         3563.45         4382.01  
    0.300       683.89          1487.56        2503.96         3571.97         4357.78  
    0.306       683.43          1572.97        2480.46         3539.63         4384.20  
    0.312       687.74          1595.06        2437.50         3542.60         4239.47  
    0.319       676.29          1445.78        2457.24         3549.32         4279.07  
    0.325       665.89          1417.62        2425.96         3537.68         4324.00  
    0.331       662.89          1444.95        2326.26         3504.55         4339.14  
    0.338       655.29          1395.50        2300.37         3498.76         4301.71  
    0.344       630.27          1342.54        2396.13         3474.45         4289.12  
    0.350       614.59          1385.40        2454.26         3518.83         4238.59  
    0.356       607.03          1415.97        2409.97         3573.46         4242.42  
    0.363       596.31          1383.35        2428.45         3560.27         4245.19  
    0.369       601.78          1323.52        2369.94         3437.58         4291.46  
    0.375       586.10          1223.39        2470.85         3503.55         4299.14  
    0.381       565.87          1157.37        2481.67         3556.66         4265.84  
    0.388       548.89          1140.61        2477.69         3609.07         4013.13  
    0.394       534.58          1121.61        2450.20         3396.32         3815.08  
    0.400       530.90          1103.33        2461.98         3435.09         3788.37  
    0.406       528.92          1124.44        2461.26         3714.63         3886.02  
    0.413       524.21          1087.92        2409.21         3765.28         3939.88  
    0.419       522.28          1070.95        2363.20         3772.11         3860.26  
    0.425       528.80          1068.57        2428.60         3659.78         3811.84  
    0.431       534.61          1078.11        2467.51         3527.83         3824.96  
    0.438       537.33          1083.23        2500.38         3489.48         3819.15  
    0.444       531.54          1084.03        2526.10         3567.87         3868.83  
    0.450       541.73          1116.37        2537.28         3656.30         3810.99  
    0.456       562.41          1116.52        2489.95         3797.84         3821.32  
    0.463       577.73          1048.37        2433.23         3776.86         3799.26  
    0.469       601.91          922.48        2390.53         3735.25         3888.76  
    0.475       449.34          993.38        2453.90         3794.90         4988.14  
    0.481       0          170.31        948.02         2732.42         3818.88  
    0.488       0.32          313.96        1459.18         3156.26         3709.83  
    0.494       282.46          1244.90        2585.08         3700.88         5499.32  
    0.500       256.78          1185.90        2633.36         3720.01         4904.05  
    0.506       328.45          1159.73        2863.50         3871.71         5499.61  
    