0.025       398.07          746.23        3082.48         3693.68         4599.28  
    0.031       420.33          749.22        3087.31         3672.40         4586.98  
    0.038       373.57          745.79        3004.54         3631.92         4551.19  
    0.044       422.66          758.74        2970.52         3622.58         4528.47  
    0.050       488.37          795.73        2984.32         3654.42         4550.23  
    0.056       554.87          736.30        2967.13         3619.97         4603.49  
    0.062       483.20          681.14        2931.43         3593.63         4606.95  
    0.069       466.74          651.02        2907.72         3619.05         4591.23  
    0.075       571.39          660.08        2885.37         3629.55         4584.88  
    0.081       615.66          644.93        2885.80         3616.66         4582.09  
    0.088       543.62          643.05        2857.54         3599.24         4543.27  
    0.094       346.55          662.60        2834.61         3586.61         4514.98  
    0.100       82.69          200.86        1321.09         3049.97         3855.92  
    0.106       0          0        674.51         2809.99         3558.86  
    0.113       0          0        683.83         2796.28         3547.35  
    0.119       0          0        693.05         2797.28         3554.47  
    0.125       0          0        700.98         2823.59         3580.63  
    0.131       0          0        712.99         2897.34         3622.26  
    0.138       232.09          515.44        2266.56         3412.27         4436.47  
    0.144       335.14          740.45        2908.99         3602.31         4908.74  
    0.150       101.00          222.66        1378.22         3084.52         4032.79  
    0.156       0          0        709.67         2874.84         3647.24  
    