0.025       0          549.37        987.07         2538.75         4001.80  
    0.031       0          552.87        1062.73         2512.59         3990.31  
    0.038       0          608.83        1046.56         2360.28         3958.04  
    0.044       0          540.89        928.80         2781.10         3812.61  
    0.050       493.19          882.87        2715.27         3482.67         5464.35  
    0.056       518.56          930.97        2702.36         3446.70         5500.00  
    0.062       10.94          522.28        1078.57         2665.50         3515.85  
    0.069       0          524.20        1127.45         2653.18         3443.95  
    0.075       0          525.21        1062.31         2643.63         3454.16  
    0.081       0          542.94        985.84         2676.45         3465.75  
    0.088       0          532.38        931.00         2712.25         3418.33  
    0.094       0          530.09        917.85         2733.37         3475.20  
    0.100       518.99          906.04        2723.64         3463.36         5457.33  
    0.106       524.80          924.28        2665.34         3454.50         4211.89  
    0.113       525.72          924.32        2659.65         3380.84         3948.50  
    0.119       523.90          921.15        2652.13         3361.50         3856.44  
    0.125       523.07          926.29        2669.84         3375.46         4472.55  
    0.131       530.98          938.70        2700.10         3398.43         4674.26  
    0.138       541.14          952.35        2717.71         3433.56         4672.50  
    0.144       555.49          965.37        2741.23         3388.85         4797.93  
    0.150       561.48          995.78        2699.71         3337.64         4801.46  
    0.156       565.77          1033.00        2715.48         3327.03         4857.59  
    0.163       578.69          1033.92        2825.21         3314.26         4868.50  
    0.169       583.48          1034.82        2823.40         3354.22         4953.84  
    0.175       571.17          1074.13        2719.09         3359.55         5005.43  
    0.181       570.72          1129.99        2697.00         3362.11         5136.72  
    0.188       570.22          1278.41        2850.46         3365.18         5492.40  
    0.194       565.37          1222.32        2745.67         3345.76         4837.46  
    0.200       555.52          1156.55        2669.77         3337.73         4720.27  
    0.206       555.45          1262.37        2723.72         3347.57         4875.11  
    0.213       558.50          1279.55        2737.57         3365.30         4789.53  
    0.219       555.13          1246.53        2704.41         3358.25         4739.25  
    0.225       554.42          1251.75        2698.18         3358.58         4824.72  
    0.231       556.82          1271.42        2712.36         3361.73         4862.69  
    0.238       563.75          1319.69        2763.76         3351.27         4887.75  
    0.244       567.50          1370.47        2789.45         3342.80         4784.48  
    0.250       568.03          1328.14        2775.46         3370.28         5036.25  
    0.256       573.19          1192.70        2745.40         3370.85         4857.63  
    0.263       578.84          1143.43        2759.51         3395.68         4958.13  
    0.269       572.43          1152.95        2751.28         3405.12         4951.88  
    0.275       568.48          1141.20        2747.02         3384.25         4899.66  
    0.281       576.66          1140.68        2736.50         3407.30         4980.44  
    0.288       582.56          1144.61        2770.61         3384.27         5049.60  
    0.294       585.79          1098.63        2743.38         3374.72         4822.77  
    0.300       568.19          1067.37        2708.01         3386.52         4674.57  
    0.306       559.97          1044.75        2719.28         3413.44         4977.26  
    0.312       558.22          1028.78        2723.72         3402.07         5489.12  
    0.319       560.17          1015.88        2741.64         3394.94         5500.00  
    0.325       569.82          1005.45        2728.12         3432.12         5250.89  
    0.331       580.16          1023.25        2753.87         3485.72         5428.85  
    0.338       582.03          1018.67        2745.40         3467.96         5498.58  
    0.344       578.72          1014.84        2733.09         3447.66         5117.80  
    0.350       569.44          1008.10        2728.19         3449.18         5491.77  
    0.356       559.83          1012.97        2716.74         3418.24         5287.27  
    0.363       549.33          983.47        2696.43         3411.09         4757.73  
    0.369       546.74          967.00        2708.01         3422.05         5094.26  
    0.375       542.68          946.54        2717.02         3430.15         5344.79  
    0.381       535.96          928.80        2715.19         3406.99         5496.84  
    0.388       535.27          929.57        2713.42         3404.37         5101.89  
    0.394       534.03          924.62        2718.13         3411.74         5399.38  
    0.400       528.37          925.57        2720.92         3395.82         5498.02  
    0.406       526.00          925.68        2728.33         3369.66         5202.65  
    0.413       522.77          923.03        2733.00         3354.78         5041.28  
    0.419       521.16          918.19        2715.84         3379.77         5061.96  
    0.425       521.83          917.53        2706.49         3374.17         5490.77  
    0.431       522.17          919.24        2689.18         3357.52         5500.00  
    0.438       521.17          916.49        2693.39         3437.03         5500.00  
    0.444       518.35          910.34        2629.13         3446.19         4694.30  
    0.450       514.63          906.41        2604.09         3463.16         4592.18  
    0.456       510.76          903.37        2879.63         3484.99         4483.45  
    0.463       506.89          900.18        3086.26         3513.81         5478.51  
    0.469       505.93          895.33        2977.02         3512.32         5500.00  
    0.475       505.69          895.39        2873.69         3513.60         5500.00  
    0.481       500.20          891.37        2883.88         3529.59         5500.00  
    0.488       10.55          495.19        904.18         2834.59         3611.12  
    0.494       414.42          784.98        2725.26         3606.85         5459.31  
    0.500       423.80          842.92        2541.00         3626.39         5377.62  
    0.506       439.69          873.27        2443.81         3580.88         4926.53  
    0.513       374.18          850.41        2453.35         3542.15         4766.61  
    0.519       7.86          17.92        661.49         2558.98         3628.82  
    0.525       0          536.79        2276.40         3635.61         3967.47  
    0.531       0          625.43        2309.68         3610.08         4228.82  
    0.537       0          459.92        2175.63         3312.21         4374.51  
    0.544       0          9.62        45.82         2093.66         3354.31  
    