0.025       591.67          772.93        2770.57         3845.51         4222.70  
    0.031       594.91          774.58        2773.61         3846.37         4209.73  
    0.038       594.96          786.88        2779.54         3841.43         4178.99  
    0.044       597.12          794.26        2786.69         3831.90         4188.07  
    0.050       608.06          780.45        2788.37         3825.93         4201.05  
    0.056       618.18          764.71        2782.03         3816.21         4170.40  
    0.062       619.68          767.57        2776.78         3809.02         4144.93  
    0.069       609.97          784.85        2768.17         3797.62         4130.44  
    0.075       610.58          779.89        2752.97         3788.70         4158.39  
    0.081       623.00          724.42        2739.79         3793.74         4244.92  
    0.088       627.75          671.55        2728.70         3783.17         4271.25  
    0.094       626.06          687.91        2726.00         3752.39         4239.96  
    