0.025       0          1261.41        2019.86         2994.06         4831.43  
    0.031       0          1281.98        2012.54         2900.78         4655.90  
    0.038       198.71          1594.84        2463.48         3481.70         4901.57  
    0.044       94.47          776.64        2078.77         3210.87         4840.86  
    0.050       239.99          536.22        2397.54         4314.58         5254.34  
    0.056       114.09          439.14        1343.72         3450.06         4937.79  
    0.062       258.01          619.45        2022.46         3759.32         4813.16  
    0.069       390.98          768.75        2673.38         4151.82         4937.95  
    0.075       393.85          781.42        2692.09         4067.75         5016.94  
    0.081       390.35          780.81        2697.32         4022.04         4922.85  
    0.088       392.82          787.82        2746.32         3969.43         4854.78  
    0.094       404.83          793.67        2790.56         3930.46         4861.42  
    0.100       413.74          807.41        2815.98         3912.31         4837.05  
    0.106       422.62          830.66        2772.25         3898.85         4811.24  
    0.113       431.06          837.46        2751.99         3895.21         4828.78  
    0.119       433.22          845.07        2649.88         3882.73         4856.50  
    0.125       440.68          849.79        2515.14         3869.27         4954.14  
    0.131       444.82          862.94        2511.16         3866.58         5088.70  
    0.138       437.53          874.66        2495.10         3845.55         4965.35  
    0.144       445.41          876.13        2340.90         3815.82         4845.00  
    0.150       465.31          901.57        2180.37         3815.86         4851.92  
    0.156       478.26          973.02        2099.92         3820.84         4784.12  
    0.163       480.61          1018.91        2183.51         3839.66         4696.79  
    0.169       465.32          981.06        2433.75         3869.48         4765.88  
    0.175       452.23          960.55        2521.41         3845.78         4823.60  
    0.181       459.61          978.41        2481.14         3746.29         4832.17  
    0.188       475.68          965.02        2480.67         3709.25         4825.29  
    0.194       496.96          918.20        2376.90         3786.49         4776.70  
    0.200       515.77          932.74        2293.59         3920.22         4723.34  
    0.206       522.39          864.78        2348.63         3910.94         4759.98  
    0.213       520.36          813.90        2311.57         3788.84         4792.42  
    0.219       530.86          787.68        2143.79         3722.31         4690.94  
    0.225       545.51          663.64        1974.69         3681.27         4666.70  
    0.231       538.28          707.12        2112.53         3688.19         4759.43  
    0.238       538.99          749.18        2186.61         3712.52         4788.95  
    0.244       553.97          724.62        2230.88         3748.13         4738.28  
    0.250       562.19          735.45        2362.04         3767.72         4737.69  
    0.256       554.77          780.53        2425.65         3752.30         4764.74  
    0.263       557.39          777.37        2399.42         3785.38         4809.24  
    0.269       558.71          774.87        2238.42         3803.88         4844.04  
    0.275       542.17          880.28        2132.70         3796.90         4818.79  
    0.281       516.63          991.84        2181.02         3790.55         4762.10  
    0.288       490.78          1081.32        2299.98         3818.75         4684.90  
    0.294       476.21          1125.47        2385.34         3848.56         4812.53  
    0.300       475.42          1144.07        2365.55         3865.64         4964.40  
    0.306       481.69          1165.53        2390.78         3841.46         4955.14  
    0.312       487.22          1186.47        2428.79         3799.31         4875.85  
    0.319       495.21          1251.66        2424.93         3787.15         4834.28  
    0.325       502.56          1303.68        2383.09         3746.26         4808.68  
    0.331       510.94          1360.08        2414.76         3754.40         4813.11  
    0.338       517.68          1437.26        2461.83         3794.44         4824.77  
    0.344       517.01          1450.60        2446.29         3853.76         4823.45  
    0.350       521.04          1424.16        2482.52         3872.30         4818.04  
    0.356       517.70          1402.45        2490.19         3856.10         4771.57  
    0.363       506.90          1428.11        2485.94         3844.43         4752.46  
    0.369       511.51          1458.10        2387.53         3804.31         4781.28  
    0.375       551.39          1415.76        2108.90         3809.53         4778.09  
    0.381       183.17          448.61        1130.68         2606.84         4153.99  
    0.388       285.42          518.88        1697.33         3261.13         4452.13  
    0.394       492.36          793.83        2289.59         3846.14         4748.18  
    0.400       497.68          791.76        2432.24         3839.19         4850.39  
    0.406       452.81          737.54        2552.25         3856.84         4862.36  
    0.413       420.79          709.77        2638.43         3887.38         4802.14  
    0.419       397.44          702.84        2775.88         3949.77         4776.27  
    0.425       368.13          705.07        2931.84         4299.77         4718.71  
    0.431       368.78          716.43        2999.58         4373.31         5150.93  
    0.438       399.02          714.89        2975.75         4132.66         5084.12  
    0.444       430.87          703.14        2843.81         4002.64         4931.12  
    0.450       539.62          749.87        2663.26         4100.83         4811.69  
    0.456       533.98          788.37        2648.31         4276.23         4716.35  
    0.463       456.48          750.75        2751.58         4416.13         4606.55  
    0.469       595.59          706.24        2774.68         4172.65         4671.46  
    0.475       682.74          736.92        2989.65         4344.71         4601.20  
    0.481       221.40          746.41        2198.77         3763.48         4518.45  
    0.488       324.75          963.80        2398.02         3778.39         4685.46  
    0.494       458.54          1073.05        2766.76         3793.33         4804.32  
    