0.025       0          1453.62        2144.77         3363.65         4163.69  
    0.031       0          216.56        1665.80         2687.75         3852.88  
    0.038       733.70          1719.03        2388.35         3670.46         4810.50  
    0.044       128.44          300.93        1524.02         2731.46         3934.49  
    0.050       0          1124.88        2338.41         3168.44         4333.15  
    0.056       0          1220.34        2471.84         3498.58         4256.10  
    0.062       912.50          1625.44        2471.36         3791.40         4950.03  
    0.069       761.64          1847.22        2715.53         3845.86         5084.72  
    0.075       105.37          279.05        2024.40         2958.12         4313.17  
    0.081       0          985.98        2101.08         3295.96         4560.20  
    0.088       0          1220.69        2210.04         3289.86         4363.59  
    0.094       392.45          1717.14        2734.82         3983.09         5323.83  
    0.100       649.11          1916.31        2725.92         3899.10         5239.04  
    0.106       700.51          1742.22        2597.33         3863.52         5454.32  
    0.113       104.84          1380.88        2384.05         3687.16         4879.28  
    0.119       0          1006.95        2164.05         3438.01         4753.60  
    0.125       722.13          1903.46        2976.37         4336.06         5388.36  
    0.131       534.87          1804.06        2926.26         4028.32         5222.12  
    0.138       71.50          1445.17        2708.77         3106.24         4332.77  
    0.144       626.35          1727.56        3005.46         3738.38         4584.27  
    0.150       805.06          1853.40        3037.55         4103.24         4880.55  
    0.156       841.26          1864.54        2948.97         3994.05         5413.62  
    0.163       959.21          1409.94        2643.04         3861.34         5500.00  
    0.169       569.92          1762.96        2735.00         3837.60         5025.63  
    0.175       542.78          1859.89        2754.31         3770.26         4772.30  
    0.181       82.02          1092.77        2285.16         3583.41         4549.21  
    0.188       0          1283.58        2365.93         3632.33         4689.10  
    0.194       0          1326.16        2478.14         3688.51         4859.52  
    0.200       0          1272.46        2321.53         3295.69         4373.82  
    0.206       0          1033.93        1889.58         3188.41         4338.88  
    0.213       0          1195.88        1622.89         3208.20         4265.12  
    0.219       0          1494.97        2030.46         2944.84         4225.73  
    0.225       0          837.08        2115.52         3051.40         4505.50  
    0.231       559.14          1767.26        2863.07         4085.21         5359.25  
    0.238       773.28          1816.31        2865.70         4054.36         5068.60  
    0.244       876.60          1871.77        3030.80         4322.63         5424.48  
    0.250       788.62          1943.13        2767.25         3888.13         4895.54  
    0.256       791.79          1868.28        2617.86         3793.63         4809.70  
    0.263       774.57          1982.82        2996.11         4511.35         4667.25  
    0.269       114.85          1239.33        2227.88         3416.02         4493.71  
    0.275       0          1161.33        2132.64         3285.09         4458.82  
    0.281       0          1301.94        2312.91         3401.55         4742.53  
    0.288       705.82          1565.50        2743.73         3664.19         4887.45  
    0.294       572.57          1606.53        2875.77         3645.49         4896.14  
    0.300       78.60          1346.20        2561.58         3626.63         4101.19  
    0.306       0          870.92        2038.70         3032.80         4197.64  
    0.312       458.29          1807.97        2811.95         4133.51         5312.11  
    0.319       80.23          1324.95        2390.86         3580.98         4632.74  
    0.325       788.80          1593.25        2985.00         3882.26         4643.56  
    0.331       138.09          1426.06        2356.51         3333.21         4764.44  
    0.338       502.44          1679.27        2502.67         3595.72         4921.18  
    0.344       596.64          2054.40        2907.31         4019.73         5417.43  
    0.350       457.38          1932.37        2802.19         3923.81         4994.54  
    0.356       64.48          666.03        2262.53         3694.81         4762.93  
    0.363       0          462.99        2193.83         3464.79         4650.20  
    0.369       0          459.77        1976.55         3448.42         4526.38  
    0.375       0          535.20        1999.69         3350.90         4230.53  
    0.381       0          571.48        2238.33         3313.42         4279.54  
    0.388       446.97          771.53        2577.67         3292.55         4611.70  
    0.394       503.60          835.91        2710.61         3674.77         4675.22  
    0.400       544.36          785.94        2627.03         3667.82         4745.35  
    0.406       569.53          632.97        2597.03         3597.83         4733.76  
    0.413       517.30          638.36        2457.07         3699.54         4698.69  
    0.419       530.86          666.63        2463.10         3644.04         4834.46  
    0.425       529.82          686.47        2559.49         3619.47         4881.74  
    0.431       78.80          102.68        950.49         2644.40         3798.29  
    0.438       0          0        649.25         2375.12         3711.97  
    0.444       0          0        628.72         2336.26         3665.92  
    0.450       215.09          507.64        2288.41         3653.94         4929.70  
    0.456       515.54          679.34        2541.01         3946.68         5028.04  
    0.463       83.66          588.17        1853.89         3402.66         4460.31  
    0.469       0          564.16        1854.66         3253.83         4368.39  
    0.475       473.58          664.33        2462.21         3694.96         4703.53  
    0.481       511.12          596.79        2476.96         3838.97         4766.33  
    0.488       74.96          556.83        2276.27         3677.93         4741.90  
    0.494       0          82.30        790.54         2458.13         3835.78  
    0.500       0          0        554.44         2345.06         3731.08  
    0.506       0          431.27        2065.65         3604.16         4548.04  
    0.513       0          75.50        775.56         2608.47         3993.48  
    0.519       423.94          508.83        2139.39         3608.85         4530.01  
    0.525       74.21          89.07        788.81         2695.42         4058.66  
    0.531       410.53          962.27        2236.62         3715.03         4789.92  
    0.537       71.87          168.45        822.33         2753.99         3943.44  
    0.544       0          439.44        2263.95         3276.88         4421.43  
    0.550       0          522.81        2400.24         3446.89         4651.90  
    0.556       385.16          804.83        2371.38         3526.26         4821.90  
    0.562       67.43          501.05        1960.22         3392.98         4729.60  
    0.569       0          450.45        1852.70         3301.46         4452.77  
    0.575       0          463.04        1838.09         3347.10         4517.33  
    0.581       363.89          1414.76        2926.15         3838.08         5356.45  
    0.588       63.70          664.28        2004.52         3317.06         4393.48  
    0.594       378.87          1433.63        2472.19         3922.68         4869.55  
    0.600       66.32          237.83        805.02         2759.61         4049.83  
    0.606       344.61          1304.75        2702.65         4019.75         4651.97  
    0.613       305.86          1675.60        3116.09         4335.58         5393.64  
    0.619       42.98          253.35        1827.99         2900.34         4015.54  
    0.625       0          0        1702.98         2830.58         3977.65  
    0.631       0          279.15        1820.16         3258.89         4248.22  
    0.638       149.88          1507.95        2830.36         4100.68         5319.55  
    0.644       26.24          255.43        1990.68         3079.03         4154.83  
    0.650       0          0        1967.87         2929.55         3704.32  
    0.656       0          1014.36        2639.77         3748.81         4577.82  
    0.663       321.42          1439.63        2647.32         3585.10         4790.81  
    0.669       460.44          1774.34        2839.51         3649.38         5025.44  
    0.675       70.75          1068.92        2296.61         3507.26         4339.39  
    0.681       630.52          1682.01        2678.10         4043.52         5308.17  
    0.688       689.04          1803.99        2887.56         4199.53         5500.00  
    0.694       101.30          930.36        2048.71         3203.74         4489.30  
    0.700       501.27          1580.29        2864.16         4140.63         5323.07  
    0.706       87.75          1355.97        2696.04         3432.21         4487.01  
    0.713       0          1332.93        2609.98         3684.74         4864.53  
    0.719       0          199.64        1488.14         2801.90         3987.18  
    