0.025       408.92          1425.18        2721.21         3876.75         5500.00  
    0.031       406.49          1550.14        2805.28         3879.52         5500.00  
    0.038       392.00          1672.82        2994.72         3940.84         5500.00  
    0.044       36.31          516.34        1836.50         3011.85         4125.83  
    0.050       373.07          1608.55        2667.96         3883.40         5359.15  
    0.056       418.60          1722.09        2753.89         3947.38         5500.00  
    0.062       430.78          1675.27        2730.96         3911.21         5500.00  
    0.069       447.93          1673.65        2843.39         3818.75         5500.00  
    0.075       489.79          1526.75        2814.35         3654.79         5500.00  
    0.081       494.04          1357.26        2601.29         3620.39         5500.00  
    0.088       531.04          1154.08        2608.23         3614.63         4940.98  
    0.094       538.34          1131.14        2600.89         3711.13         4274.34  
    0.100       535.66          1105.87        2626.81         3737.74         4187.66  
    0.106       554.39          1103.79        2692.98         3696.69         4764.99  
    0.113       574.61          1106.33        2813.46         3712.65         4808.25  
    0.119       562.18          1077.39        2885.64         3759.19         5435.53  
    0.125       551.12          1044.96        2670.78         3797.94         5500.00  
    0.131       551.41          1053.12        2604.41         3734.43         5227.90  
    0.138       555.06          1056.46        2634.04         3716.34         5279.50  
    0.144       563.44          1066.96        2620.04         3699.50         4830.68  
    0.150       569.67          1074.08        2611.28         3643.53         4319.74  
    0.156       574.59          1070.01        2642.99         3608.81         4363.10  
    0.163       582.30          1087.45        2661.65         3595.95         4746.60  
    0.169       587.85          1088.81        2660.10         3590.51         4337.67  
    0.175       576.19          1072.61        2659.88         3613.76         4047.16  
    0.181       564.55          1076.31        2648.58         3597.08         3961.80  
    0.188       584.95          1114.54        2675.63         3670.72         4057.35  
    0.194       609.89          1133.18        2678.98         3664.18         4519.51  
    0.200       617.95          1123.74        2654.31         3639.60         4480.47  
    0.206       615.87          1086.21        2645.64         3613.35         4460.65  
    0.213       612.47          1109.67        2666.33         3638.77         4518.32  
    0.219       620.40          1169.09        2673.51         3651.29         5073.90  
    0.225       613.37          1165.59        2635.96         3584.83         4731.87  
    0.231       620.40          1166.80        2611.36         3525.86         4630.81  
    0.238       639.43          1190.01        2606.20         3577.72         4733.86  
    0.244       638.40          1228.59        2596.78         3612.14         4770.52  
    0.250       635.33          1237.77        2570.94         3597.20         4715.75  
    0.256       640.12          1232.50        2552.22         3572.04         4628.72  
    0.263       645.12          1235.36        2561.81         3601.22         4687.41  
    0.269       640.27          1263.95        2562.28         3608.48         4654.85  
    0.275       639.03          1267.83        2559.54         3604.88         4588.80  
    0.281       643.99          1258.42        2561.81         3581.30         4638.36  
    0.288       644.87          1258.12        2561.90         3599.65         4663.00  
    0.294       642.34          1232.07        2562.39         3559.19         4655.00  
    0.300       636.42          1247.44        2536.80         3505.70         4597.70  
    0.306       630.43          1297.63        2535.07         3572.84         4570.62  
    0.312       627.54          1378.30        2559.90         3589.88         4622.34  
    0.319       622.97          1466.66        2561.38         3561.05         4685.17  
    0.325       619.74          1490.93        2564.88         3568.43         4592.96  
    0.331       612.78          1421.07        2547.04         3578.01         4520.12  
    0.338       608.34          1403.06        2521.29         3563.20         4558.70  
    0.344       606.71          1419.26        2432.17         3521.93         4526.08  
    0.350       606.50          1389.30        2372.41         3516.86         4460.70  
    0.356       596.95          1328.01        2447.11         3499.92         4494.88  
    0.363       588.07          1338.15        2522.79         3539.56         4518.91  
    0.369       584.58          1375.14        2468.06         3583.02         4616.54  
    0.375       578.71          1347.42        2471.20         3561.99         4545.29  
    0.381       580.54          1319.85        2456.59         3442.92         4486.33  
    0.388       575.33          1220.30        2539.35         3506.91         4554.91  
    0.394       558.60          1136.74        2554.31         3547.58         4672.17  
    0.400       545.10          1118.42        2544.87         3571.56         4723.00  
    0.406       533.47          1105.56        2516.96         3494.15         4299.52  
    0.413       528.24          1086.81        2524.27         3506.71         4685.42  
    0.419       526.02          1065.38        2532.10         3551.04         5428.36  
    0.425       523.24          1015.45        2516.43         3655.42         5500.00  
    0.431       521.43          1022.04        2622.83         3705.79         4719.61  
    0.438       523.22          1041.98        2997.12         3761.14         5420.01  
    0.444       523.48          1041.06        3059.88         3764.37         4001.02  
    0.450       523.93          1036.24        2969.17         3627.70         3778.56  
    0.456       510.91          1021.46        2779.11         3499.83         3957.68  
    0.463       518.35          1007.68        2819.43         3704.02         3815.58  
    0.469       533.62          990.27        2811.43         3748.16         4043.02  
    0.475       471.31          752.01        2705.27         3631.47         3999.50  
    0.481       255.77          737.51        2753.23         3636.20         4018.18  
    0.488       21.79          68.66        256.53         1088.83         2958.96  
    0.494       0          0        718.67         2717.72         3664.94  
    0.500       0          448.19        1702.33         3422.11         3832.12  
    0.506       209.07          1095.40        2692.09         3591.41         5220.53  
    0.513       258.35          1180.06        2735.79         3650.24         4833.50  
    0.519       309.25          1095.71        2900.38         3841.07         4782.67  
    0.525       364.61          1114.74        2820.28         3806.80         4835.75  
    0.531       348.29          1385.13        2947.29         3888.64         5438.75  
    0.537       260.15          1390.97        2969.85         3923.56         5500.00  
    0.544       23.37          333.23        1805.25         3081.78         4263.11  
    0.550       0          260.44        2232.38         3218.18         4397.35  
    0.556       245.34          1342.67        2700.61         3919.70         4577.64  
    0.562       301.45          1377.12        2814.80         4117.10         4625.77  
    0.569       296.80          730.22        2830.72         4163.01         4640.35  
    0.575       27.52          61.80        1122.81         2954.66         4114.05  
    0.581       156.85          1654.11        2830.60         3877.63         4652.84  
    0.588       298.63          1862.59        2948.47         3971.00         4745.91  
    