0.025       435.61          853.90        2822.83         3912.96         5211.60  
    0.031       458.59          859.93        2776.73         3702.75         5205.54  
    0.038       472.28          866.38        2724.32         3484.35         5195.30  
    0.044       449.48          862.94        2717.48         3418.41         5152.27  
    0.050       438.44          841.27        2728.05         3434.30         5100.51  
    0.056       444.18          840.81        2771.14         3612.75         5116.33  
    0.062       446.59          839.83        2808.65         3743.01         5177.28  
    0.069       469.35          836.79        2806.74         3798.93         5426.26  
    0.075       114.76          677.57        1297.92         3077.99         4193.08  
    0.081       0          621.65        2313.68         2861.68         3782.68  
    0.088       0          629.69        2830.60         2875.32         3778.34  
    0.094       402.92          582.32        2816.73         3526.00         5084.96  
    0.100       127.81          136.38        1096.42         3025.13         4176.63  
    0.106       0          0        556.86         2827.26         3744.44  
    0.113       0          408.12        2331.32         2949.49         3728.57  
    0.119       0          583.44        2851.14         3245.54         3687.70  
    0.125       0          144.00        1087.70         2974.30         3672.03  
    0.131       0          0        524.40         2914.55         3659.39  
    0.138       324.83          387.41        2404.94         3472.04         5055.88  
    0.144       481.41          664.25        3044.59         3560.62         5500.00  
    0.150       393.02          554.25        3005.24         3535.94         5500.00  
    0.156       86.60          493.65        2705.78         3091.03         4026.95  
    0.163       0          490.20        2805.16         3138.93         3514.07  
    0.169       0          118.03        1060.05         2913.39         3532.00  
    0.175       359.03          481.34        2266.77         3371.99         5028.55  
    0.181       471.51          565.87        2862.38         3507.07         5500.00  
    0.188       477.33          588.97        2834.58         3479.83         5500.00  
    0.194       470.08          695.00        2801.70         3466.36         5359.58  
    0.200       467.59          728.81        2797.78         3430.85         5342.45  
    0.206       469.66          737.99        2798.19         3443.61         5387.39  
    0.213       458.64          753.99        2789.56         3436.25         5326.20  
    0.219       474.21          724.22        2803.39         3387.66         5452.59  
    0.225       115.67          171.80        1093.46         2950.52         3882.96  
    0.231       0          0        563.90         2782.32         3347.87  
    0.238       0          0        574.69         2749.56         3320.11  
    0.244       225.54          448.40        2213.36         3170.06         4810.03  
    0.250       430.09          598.69        2735.44         3309.30         5198.12  
    0.256       417.51          605.07        2738.23         3326.12         5139.96  
    0.263       479.34          614.56        2748.02         3365.89         5186.45  
    0.269       511.79          649.93        2754.17         3425.05         5321.97  
    0.275       531.01          636.71        2762.43         3433.63         5305.45  
    0.281       523.07          645.30        2803.85         3383.69         5228.37  
    0.288       504.53          669.58        2843.67         3362.30         5220.70  
    0.294       467.68          681.30        2885.85         3371.55         5288.12  
    0.300       226.11          687.05        2862.65         3393.35         5219.89  
    0.306       36.78          165.76        1211.61         2938.73         3876.98  
    0.312       0          0        689.75         2784.46         3475.54  
    0.319       0          0        686.04         2765.95         3444.75  
    0.325       0          0        682.60         2737.27         3488.02  
    0.331       0          0        677.87         2763.95         3579.10  
    0.338       0          0        680.25         2774.61         3629.82  
    0.344       0          0        686.95         2782.82         3648.64  
    0.350       0          0        699.02         2817.91         3654.62  
    0.356       0          0        715.26         2812.34         3676.41  
    0.363       247.12          547.94        2309.95         3509.20         5062.45  
    0.369       351.84          733.98        2775.01         3709.10         5301.78  
    0.375       386.86          761.28        2710.19         3682.17         5437.12  
    0.381       376.91          802.89        2608.44         3635.11         5500.00  
    0.388       323.66          807.42        2576.12         3605.23         5115.83  
    0.394       199.80          783.45        2697.95         3655.78         4934.93  
    0.400       39.80          186.99        1251.00         3055.20         4076.23  
    0.406       80.75          549.12        2282.87         3553.62         4569.75  
    0.413       212.36          742.00        2762.61         3771.37         4836.14  
    0.419       231.56          946.84        2733.52         3760.11         4843.53  
    0.425       231.80          1043.28        2633.95         3670.28         5031.44  
    0.431       233.77          1019.82        2648.02         3639.21         5129.34  
    0.438       227.86          1001.72        2815.95         3715.30         5177.21  
    0.444       219.24          1056.96        2867.23         3758.79         5151.66  
    0.450       202.94          1083.69        2864.70         3889.37         5024.60  
    0.456       47.79          261.62        1228.12         3099.37         4201.17  
    0.463       0          500.96        2199.52         3522.61         4969.91  
    