0.025       0          0        1394.64         2586.87         3692.58  
    0.031       0          741.39        1894.42         3023.16         4114.22  
    0.038       0          1235.09        2131.92         3309.48         4435.06  
    0.044       451.44          1493.64        2608.47         3765.54         5076.53  
    0.050       712.45          1542.86        2929.25         4058.40         5211.55  
    0.056       711.43          1500.04        2838.88         3988.93         5106.55  
    0.062       740.28          1661.87        2790.60         3934.50         5099.21  
    0.069       737.99          1727.06        2852.79         3896.06         5005.88  
    0.075       739.10          1703.90        2894.76         3922.60         5022.68  
    0.081       737.73          1612.27        2950.52         3882.69         4942.62  
    0.088       298.08          1382.59        2640.18         3476.17         4579.79  
    0.094       0          1257.06        2607.58         3264.38         4342.88  
    0.100       393.93          1561.90        2925.37         3692.37         4775.24  
    0.106       694.90          1820.06        2775.98         3932.27         4947.03  
    0.113       717.23          1707.67        2570.63         3825.54         4833.78  
    0.119       710.53          1718.31        2732.40         3834.97         4900.08  
    0.125       706.19          1843.99        2888.41         4117.37         5277.67  
    0.131       286.96          1479.09        2609.89         3828.88         4856.54  
    0.138       0          1157.32        2335.70         3434.34         4600.96  
    0.144       0          974.60        2217.63         3317.03         4565.21  
    0.150       380.75          1480.05        2718.59         3707.48         5075.40  
    0.156       574.02          1867.44        3067.28         4118.40         5500.00  
    0.163       683.61          1932.54        3144.12         4301.83         5500.00  
    0.169       774.59          1915.48        3114.74         4177.19         5149.32  
    0.175       310.31          757.15        2126.82         3047.58         4267.97  
    0.181       468.91          1273.89        2667.78         3087.53         4821.47  
    0.188       712.99          2044.12        3232.37         3815.67         5500.00  
    0.194       608.07          1832.20        2966.11         3938.21         5128.25  
    0.200       232.36          1180.89        2411.21         3600.33         4696.23  
    0.206       0          1278.29        2043.91         3245.39         4414.78  
    0.213       245.71          1602.70        2699.28         3885.68         5014.87  
    0.219       621.60          1641.51        3044.67         4251.69         5201.59  
    0.225       824.33          1591.42        2774.57         4098.22         5003.72  
    0.231       351.60          1307.27        2464.40         3617.29         4586.58  
    0.238       0          1099.25        2126.20         3265.55         4365.00  
    0.244       551.50          1645.09        2354.35         3520.88         5057.54  
    0.250       377.14          1614.98        2761.25         3283.53         4588.23  
    0.256       0          537.38        1977.80         2966.44         4094.18  
    0.263       402.80          861.66        2242.84         3639.72         4965.02  
    0.269       751.84          1641.92        2762.00         4000.06         5500.00  
    0.275       325.77          1349.66        2312.50         3573.51         4738.05  
    0.281       495.47          1481.27        2504.66         3705.79         4646.14  
    0.288       518.76          1684.94        2759.62         3957.02         4977.82  
    0.294       669.93          1829.16        2531.47         3836.13         5023.74  
    0.300       830.91          1937.09        2578.24         3763.88         5028.25  
    0.306       670.65          1797.22        2710.87         3873.40         4932.19  
    0.312       244.95          696.75        1999.94         3219.14         4280.73  
    0.319       0          708.90        2070.66         3202.79         4184.09  
    0.325       0          1238.83        2249.45         3290.50         4363.48  
    0.331       121.24          1458.46        2469.39         3485.99         4781.38  
    0.338       82.91          644.73        2031.30         3116.95         4286.35  
    0.344       0          0        1579.72         2762.72         3919.50  
    0.350       288.67          1083.12        2480.85         3768.74         4282.11  
    0.356       621.28          1876.80        3272.12         4079.83         4601.28  
    0.363       289.86          1211.63        2455.91         3528.79         4542.62  
    0.369       0          1091.27        2110.29         3376.48         4485.30  
    0.375       0          542.98        1759.15         2896.61         4026.55  
    0.381       696.21          825.00        2081.80         3309.14         4470.21  
    0.388       476.10          1187.24        2279.06         3376.99         4647.00  
    0.394       0          879.23        2022.69         3250.84         4324.12  
    0.400       412.02          1493.34        2817.73         3441.09         5000.89  
    0.406       643.60          2040.02        3259.38         3464.92         5090.22  
    0.413       621.24          1931.18        2920.30         3613.53         4862.33  
    0.419       682.44          1761.00        2749.80         3785.19         5008.28  
    0.425       676.33          1711.15        2843.92         3897.56         5072.46  
    0.431       639.40          1740.49        2963.70         4057.41         5323.27  
    0.438       257.46          1653.01        2282.80         3550.65         4829.68  
    0.444       162.44          1571.47        2287.12         3545.36         4654.40  
    0.450       111.08          1204.36        2367.66         3768.35         4811.85  
    0.456       222.62          979.26        2544.35         3798.03         4765.27  
    0.463       417.16          980.74        2677.85         3865.22         4753.34  
    0.469       428.73          962.70        2619.64         3921.58         4739.05  
    0.475       421.41          958.43        2647.86         3937.63         4675.59  
    0.481       401.35          907.44        2675.47         3914.35         4629.73  
    0.488       440.08          914.46        2722.12         3881.28         4623.63  
    0.494       478.44          934.15        2743.73         3872.37         4599.48  
    0.500       483.49          925.21        2742.09         3882.51         4532.62  
    0.506       490.48          950.21        2735.26         3868.82         4503.06  
    0.513       492.93          973.57        2705.32         3841.94         4498.32  
    0.519       485.55          979.88        2763.67         3851.00         4485.93  
    0.525       475.95          980.05        2790.70         3860.11         4451.54  
    0.531       480.39          960.38        2744.44         3856.93         4463.16  
    0.537       484.55          944.70        2719.71         3867.97         4491.08  
    0.544       483.20          944.62        2716.32         3881.54         4516.98  
    0.550       481.74          943.30        2702.25         3885.04         4557.04  
    0.556       469.67          959.00        2688.72         3892.51         4553.26  
    0.562       462.11          985.23        2704.15         3886.47         4555.34  
    0.569       469.81          981.59        2706.91         3861.65         4597.61  
    0.575       477.65          963.46        2704.59         3851.96         4604.32  
    0.581       479.79          976.61        2708.83         3884.40         4558.84  
    0.588       478.06          946.26        2722.58         3887.11         4568.49  
    0.594       467.34          948.97        2716.77         3865.69         4677.12  
    0.600       454.55          988.47        2690.45         3857.26         4705.28  
    0.606       447.82          1001.64        2719.95         3851.05         4639.66  
    0.613       445.82          1002.05        2747.82         3849.43         4581.32  
    0.619       439.02          991.71        2754.31         3871.58         4629.45  
    0.625       426.08          972.31        2724.05         3879.39         4622.25  
    0.631       405.99          950.55        2716.27         3865.26         4604.80  
    0.638       418.08          886.15        2730.39         3844.89         4639.21  
    0.644       440.47          848.40        2700.58         3845.89         4701.46  
    0.650       450.78          892.19        2716.64         3851.67         4786.40  
    0.656       497.98          947.83        2721.09         3839.79         4822.65  
    0.663       528.36          1096.60        2701.03         3776.49         4875.11  
    0.669       572.02          1060.77        2701.13         3818.54         4971.31  
    0.675       244.33          395.94        1642.00         3100.97         4281.47  
    0.681       309.74          729.66        2052.44         3230.50         4426.27  
    0.688       599.24          1189.88        2801.98         3674.79         4912.60  
    0.694       264.94          886.39        2251.84         3430.03         4539.33  
    0.700       0          794.79        2012.21         3345.60         4358.64  
    0.706       0          889.60        2172.56         3342.51         4401.46  
    0.713       0          894.35        2156.09         3310.17         4365.58  
    0.719       451.76          1477.20        2588.04         3663.42         4726.94  
    0.725       615.34          1815.13        2878.51         3846.65         5000.56  
    0.731       634.84          1847.05        3259.06         3703.13         5124.29  
    0.738       745.39          1916.59        3243.03         3687.57         4976.95  
    0.744       766.28          2195.74        2900.64         3862.44         5225.36  
    0.750       753.15          2115.72        3024.57         3991.40         5500.00  
    0.756       302.06          1384.78        2483.67         3788.84         4687.92  
    0.763       0          1102.80        2064.16         3519.68         4287.93  
    0.769       370.08          1522.58        2610.34         3765.03         4915.59  
    0.775       253.08          1229.10        2251.63         3532.76         4767.07  
    0.781       183.43          1341.78        2433.65         3490.29         4644.03  
    0.788       220.25          1657.53        2835.40         3725.67         4831.69  
    0.794       377.74          1700.48        2875.24         3745.71         4874.45  
    0.800       560.90          1727.22        2986.15         3819.79         4860.23  
    0.806       635.49          1779.91        2925.70         3944.73         5232.73  
    0.812       675.54          1777.80        2685.46         3928.54         5216.81  
    0.819       776.81          1913.26        2951.77         3956.06         4995.74  
    0.825       801.92          1963.22        2936.43         3866.11         4886.39  
    0.831       812.99          1790.36        2778.34         3817.51         4821.22  
    0.838       341.19          690.94        2010.83         3249.19         4220.97  
    0.844       0          0        1429.86         2774.64         3813.71  
    0.850       0          723.07        1996.30         3092.59         4135.19  
    0.856       0          1187.25        2262.82         3359.67         4403.74  
    0.863       126.93          1426.56        2520.50         3602.93         4966.95  
    0.869       86.80          1295.59        2318.57         3668.34         4848.16  
    0.875       0          1109.24        1973.50         3600.45         4535.29  
    0.881       0          1235.89        2143.08         3635.32         4604.19  
    0.888       0          1345.96        2459.10         3830.76         4437.36  
    0.894       502.76          1482.60        2744.87         3955.21         4848.91  
    0.900       836.23          1572.33        2868.81         4028.72         5028.98  
    0.906       336.74          1595.56        2271.17         3455.43         4620.09  
    0.913       0          1542.65        2025.34         3044.94         4360.44  
    0.919       0          1289.80        2216.16         3321.27         4293.55  
    0.925       0          1182.19        2271.05         3510.63         4278.47  
    0.931       0          490.08        1827.53         3067.40         3967.27  
    0.938       0          0        1522.27         2760.30         3757.49  
    0.944       0          956.91        1776.10         2998.59         4089.20  
    0.950       0          1579.33        1831.29         3102.81         4376.53  
    0.956       0          1316.27        2224.79         3255.31         4525.74  
    0.963       0          1215.00        2575.42         3558.95         4351.13  
    0.969       0          1203.35        2385.49         3611.61         4443.94  
    0.975       475.41          1594.26        2867.02         3569.04         4817.29  
    0.981       787.87          1871.97        3243.80         3630.02         5016.15  
    0.988       637.25          1980.67        3343.95         3730.01         5165.59  
    0.994       601.40          1894.48        3211.29         3734.44         5119.79  
    1.000       645.38          1664.56        2940.70         3797.30         4987.66  
    1.006       629.09          1664.92        3033.17         4102.96         5277.45  
    1.012       250.56          1289.57        2622.55         3637.33         4867.86  
    1.019       0          1004.56        2237.63         3188.86         4483.04  
    1.025       0          1127.88        2192.35         3366.32         4530.60  
    1.031       0          1186.34        2150.15         3376.31         4522.99  
    1.038       489.76          1411.96        2596.88         3629.10         4753.66  
    1.044       598.65          1643.42        2846.95         3960.12         4874.60  
    1.050       180.35          1487.53        2568.99         3374.04         4568.54  
    1.056       618.19          2017.89        2588.43         3439.78         4628.17  
    1.062       955.66          2304.43        2803.27         3690.61         4772.27  
    1.069       857.79          2112.78        3143.57         4233.90         5197.41  
    1.075       813.57          1977.46        3008.97         4153.00         5185.77  
    1.081       826.35          1903.75        2896.76         3787.71         4930.22  
    