0.025       0          741.27        1996.86         3150.60         4375.41  
    0.031       0          686.77        2024.70         3192.32         4329.89  
    0.038       0          741.82        2109.09         3244.24         4158.63  
    0.044       0          859.05        2143.24         3258.82         4125.35  
    0.050       0          800.33        2094.20         3200.63         4266.73  
    0.056       0          568.15        2035.36         3219.48         4388.05  
    0.062       0          477.10        1446.14         3253.14         4359.07  
    0.069       267.72          684.29        1909.36         3732.05         4960.59  
    0.075       498.72          876.07        2628.81         4025.74         5094.13  
    0.081       508.34          930.23        2564.43         3915.84         4722.13  
    0.088       516.10          954.65        2437.42         3836.77         4699.74  
    0.094       587.44          966.88        2303.37         3793.16         4835.14  
    0.100       704.68          962.21        2208.36         3820.48         4928.85  
    0.106       773.80          939.54        2154.86         3813.61         4763.27  
    0.113       765.31          974.82        2170.96         3797.80         4684.65  
    0.119       744.92          1097.90        2216.61         3833.35         4851.42  
    0.125       739.29          1272.76        2266.09         3869.26         5254.92  
    0.131       706.30          1357.46        2337.30         3886.53         5500.00  
    0.138       670.28          1345.14        2393.51         3892.05         5500.00  
    0.144       667.84          1340.35        2402.65         3913.51         5500.00  
    0.150       665.88          1370.35        2397.74         3912.65         5500.00  
    0.156       663.69          1392.75        2401.32         3866.77         5500.00  
    0.163       659.31          1375.79        2475.93         3860.88         5500.00  
    0.169       633.40          1374.84        2577.99         3907.49         5500.00  
    0.175       590.61          1403.35        2638.81         3941.74         5261.98  
    0.181       556.26          1436.12        2684.99         3968.62         4907.08  
    0.188       545.38          1551.60        2854.21         3801.57         4724.26  
    0.194       540.30          1639.15        2879.56         4184.12         4731.76  
    0.200       526.31          1621.71        2705.44         4282.81         4819.91  
    0.206       507.43          1590.04        2682.31         3892.75         4783.22  
    0.213       491.27          1521.81        2713.58         3811.63         4652.24  
    0.219       476.66          1461.14        2744.25         3884.26         4523.09  
    0.225       464.03          1439.62        2786.19         3924.44         4618.97  
    0.231       456.60          1429.30        2784.14         3975.39         4871.80  
    0.238       450.90          1457.41        2697.68         4017.74         4977.89  
    0.244       444.40          1490.63        2685.42         4095.83         4921.38  
    0.250       439.90          1473.46        2703.40         4173.98         4739.17  
    0.256       439.78          1286.68        2621.67         4134.11         4506.85  
    0.263       441.98          869.50        2599.07         4062.92         4479.09  
    0.269       450.64          571.18        2651.64         4040.79         4567.64  
    0.275       205.01          230.98        1465.14         3345.75         4298.74  
    0.281       167.65          255.04        1784.01         3464.38         4308.85  
    0.288       360.49          456.54        2819.46         4016.11         4577.80  
    0.294       420.66          478.95        2852.37         4055.91         4624.52  
    0.300       364.14          471.10        2916.48         4077.56         4553.64  
    0.306       138.52          200.39        1564.14         3451.01         4248.82  
    0.312       0          0        446.65         2896.77         4070.17  
    0.319       0          0        443.33         2836.28         4081.72  
    0.325       0          0        448.22         2860.48         4063.59  
    0.331       0          0        453.37         2887.33         4057.30  
    0.338       164.68          256.85        1803.88         3535.64         4288.73  
    0.344       318.47          451.15        2857.63         4042.75         4499.25  
    0.350       259.71          412.92        2766.34         4016.43         4625.88  
    0.356       281.74          368.68        2725.57         4016.76         4791.39  
    0.363       301.43          457.18        2731.18         4039.30         4815.60  
    0.369       250.54          598.44        2716.29         4077.66         4785.20  
    0.375       236.51          665.89        2711.47         4120.68         5179.78  
    0.381       230.65          718.70        2730.01         4080.81         5273.10  
    0.388       229.02          785.78        2788.55         4055.45         5116.98  
    0.394       232.12          832.89        2835.28         4097.17         5088.12  
    0.400       236.02          848.08        2720.04         3999.64         4923.39  
    0.406       106.49          381.71        1317.10         2922.33         4237.58  
    0.413       0          143.81        1230.27         2888.56         4234.35  
    0.419       129.74          947.04        2262.76         3484.90         4625.91  
    0.425       232.03          1546.98        2495.81         3512.51         4642.61  
    0.431       102.91          709.32        1268.40         2827.31         4135.36  
    0.438       0          134.12        1224.62         2483.86         3977.02  
    0.444       0          216.29        1992.40         2843.15         4169.15  
    0.450       0          168.53        1783.14         3013.39         4100.07  
    0.456       0          138.39        1622.44         2962.09         4108.01  
    0.463       0          164.77        1850.00         2976.15         4103.41  
    0.469       0          199.92        2127.81         2998.66         4076.86  
    0.475       0          196.23        2257.04         2956.68         4140.29  
    0.481       0          208.12        2233.15         2979.93         4169.08  
    0.488       0          225.72        1860.17         2928.77         4153.65  
    0.494       0          212.19        1907.21         2929.35         4200.75  
    0.500       105.19          854.75        2515.68         3644.65         4934.86  
    0.506       198.19          1432.47        2767.58         4116.37         5500.00  
    