0.025       0          802.54        1901.76         2747.63         3699.56  
    0.031       0          784.09        1865.00         2675.14         3721.80  
    0.038       0          765.17        1808.21         2638.74         3726.10  
    0.044       0          788.07        1774.43         2626.66         3672.19  
    0.050       0          751.58        1732.51         2596.35         3591.30  
    0.056       333.63          1198.86        2069.86         3064.71         4463.20  
    0.062       321.92          1025.05        2446.06         4379.91         5340.27  
    0.069       388.90          626.58        2519.54         4717.53         5275.26  
    0.075       533.00          609.06        2497.99         3906.61         5123.59  
    0.081       212.54          254.18        1411.41         2892.77         4114.36  
    0.088       0          0        637.49         2432.19         3358.06  
    0.094       0          0        628.56         2460.37         3374.22  
    0.100       174.66          351.31        1688.74         3032.03         4335.65  
    0.106       126.46          254.35        1402.30         2864.21         4071.11  
    0.113       0          0        632.94         2455.36         3396.57  
    0.119       0          0        636.77         2441.65         3369.77  
    0.125       0          0        639.15         2423.54         3336.93  
    0.131       0          363.47        1669.35         2944.24         4162.78  
    0.138       0          616.99        2412.41         3311.88         4744.22  
    0.144       0          599.29        2413.50         3276.95         4642.67  
    0.150       0          580.21        2440.45         3302.94         4547.99  
    0.156       0          240.23        1348.46         2835.40         3964.48  
    0.163       0          0        527.53         2488.36         3734.19  
    0.169       292.97          329.51        1666.69         3302.81         4221.78  
    0.175       497.93          549.42        2505.21         3825.20         4538.87  
    0.181       472.21          600.33        2506.37         3783.50         4598.70  
    0.188       429.34          683.93        2495.62         3816.61         4610.31  
    0.194       407.18          710.95        2491.75         3928.51         4567.59  
    0.200       410.57          680.03        2507.02         3855.58         4579.36  
    0.206       409.70          639.55        2524.68         3715.53         4612.10  
    0.213       394.33          648.85        2549.65         3733.21         4612.72  
    0.219       377.69          638.30        2573.66         3715.20         4616.02  
    0.225       363.55          599.74        2577.82         3574.10         4605.47  
    0.231       346.38          600.52        2581.08         3550.52         4576.64  
    0.238       334.75          622.22        2592.18         3719.68         4577.40  
    0.244       332.73          638.65        2579.75         3881.77         4577.61  
    0.250       343.70          637.71        2605.23         3797.24         4565.66  
    0.256       382.37          620.62        2627.13         3597.17         4560.02  
    0.263       408.86          626.35        2583.82         3478.90         4571.91  
    0.269       402.80          633.82        2559.49         3546.74         4585.77  
    0.275       382.35          641.81        2563.50         3663.36         4568.54  
    0.281       369.66          650.34        2558.16         3666.51         4542.63  
    0.288       369.19          661.66        2527.88         3527.41         4529.20  
    0.294       370.43          675.13        2423.81         3371.10         4530.36  
    0.300       379.72          695.64        2426.54         3290.89         4525.28  
    0.306       392.80          690.78        2511.56         3232.81         4449.66  
    0.312       392.40          608.86        2506.30         3075.80         4414.41  
    0.319       163.24          234.44        1352.20         2696.86         3763.55  
    0.325       138.16          187.45        1673.52         2991.69         4088.82  
    0.331       100.03          135.72        1212.84         2836.62         3899.80  
    0.338       0          0        418.93         2360.88         3374.37  
    0.344       140.76          510.24        1650.67         3353.02         4217.21  
    0.350       251.92          1045.05        2601.55         4111.66         4856.84  
    0.356       108.61          489.16        1508.18         3106.03         4402.29  
    0.363       0          0        533.41         2398.34         4040.18  
    0.369       0          0        350.52         2276.80         4018.68  
    0.375       131.66          788.93        1477.79         3094.70         4327.52  
    