0.025       0          542.83        1906.45         2824.83         3916.89  
    0.031       368.68          1170.60        2396.10         3238.86         4757.93  
    0.038       541.51          1476.67        2517.90         3476.25         4978.83  
    0.044       542.05          1490.32        2408.72         3540.44         4825.75  
    0.050       558.39          1512.08        2334.72         3553.89         4736.57  
    0.056       563.73          1535.03        2375.64         3556.41         4654.58  
    0.062       588.67          1634.32        2407.01         3429.99         4589.53  
    0.069       631.00          1825.52        2146.95         3275.39         4550.22  
    0.075       212.86          1071.29        1987.57         3177.42         4545.27  
    0.081       0          649.33        2053.01         3167.67         4551.71  
    0.088       0          211.56        1101.46         2462.82         3603.06  
    0.094       0          0        619.06         2168.22         3119.60  
    0.100       386.68          1112.03        2102.79         2874.08         4092.23  
    0.106       567.10          1583.05        2800.90         3462.34         4593.54  
    0.113       545.97          1501.32        2754.43         3907.08         4616.79  
    0.119       529.22          1491.95        2774.00         4074.12         4840.05  
    0.125       516.73          1495.38        2752.14         3928.95         4850.70  
    0.131       515.24          1539.36        2820.44         3790.79         4653.99  
    0.138       505.50          1546.64        2775.85         4038.30         4442.59  
    0.144       490.42          1498.76        2589.07         3812.61         4511.38  
    0.150       478.74          1478.65        2430.44         3616.14         4620.98  
    0.156       468.70          1473.89        2343.99         3672.86         4643.48  
    0.163       469.74          1465.80        2346.42         3568.54         4672.22  
    0.169       476.62          1396.31        2313.33         3499.98         4698.18  
    0.175       504.56          1256.37        2224.83         3500.81         4646.03  
    0.181       540.97          1187.82        2147.13         3430.31         4511.90  
    0.188       551.92          1103.98        2220.17         3397.35         4476.07  
    0.194       507.04          1078.69        2414.41         3434.52         4519.00  
    0.200       461.65          1104.80        2541.72         3487.23         4437.15  
    0.206       441.55          1131.67        2634.98         3463.47         4315.87  
    0.213       407.98          1165.23        2612.93         3427.95         4383.30  
    0.219       410.83          1029.59        2454.49         3433.09         4464.26  
    0.225       419.69          770.04        2399.25         3449.55         4607.06  
    0.231       421.63          576.71        2690.73         3504.65         4619.55  
    0.238       416.54          567.01        2832.57         3541.48         4606.50  
    0.244       401.21          608.09        2863.56         3542.02         4754.64  
    0.250       421.33          534.75        2873.70         3532.41         4871.69  
    0.256       387.67          593.83        2776.92         3535.68         5049.54  
    0.263       361.90          686.20        2779.79         3529.71         5376.57  
    0.269       118.85          496.53        2477.31         3454.19         4163.25  
    0.275       0          129.51        1111.83         2842.77         3512.02  
    0.281       0          280.48        1598.55         2854.36         3884.04  
    0.288       0          611.46        2201.08         3235.78         4228.99  
    0.294       0          695.54        2219.62         3355.72         4751.99  
    0.300       0          227.56        1155.54         2752.56         3992.94  
    0.306       0          0        566.74         2337.24         3481.42  
    0.312       0          0        532.41         2128.92         3413.86  
    