0.025       1117.78          1937.98        2914.14         3993.15         4891.80  
    0.031       1188.45          1898.48        2840.80         3937.79         4851.19  
    0.038       1061.08          1659.12        2871.99         3910.79         4875.69  
    0.044       853.65          1375.97        2787.46         3834.20         4851.79  
    0.050       201.44          899.39        2611.82         3424.88         4736.23  
    0.056       360.59          830.87        2563.96         3287.35         4719.82  
    0.062       466.46          858.44        2533.56         3268.07         4708.37  
    0.069       455.46          854.63        2510.35         3286.13         4717.91  
    0.075       441.14          841.88        2507.67         3300.03         4768.89  
    0.081       420.76          823.08        2535.75         3269.86         4775.58  
    0.088       418.59          816.32        2558.17         3272.17         4687.92  
    0.094       432.60          824.13        2549.92         3280.57         4620.32  
    0.100       429.27          813.94        2542.32         3296.71         4593.54  
    0.106       427.42          808.07        2535.78         3304.28         4662.50  
    0.113       420.17          801.07        2530.19         3310.50         4708.21  
    0.119       409.52          791.74        2543.35         3321.49         4654.99  
    0.125       409.89          791.60        2558.99         3322.18         4616.87  
    0.131       409.97          794.99        2558.74         3325.72         4607.20  
    0.138       403.34          793.73        2554.46         3334.76         4609.72  
    0.144       397.70          789.89        2560.17         3351.01         4536.57  
    0.150       395.05          788.78        2561.80         3371.72         4258.47  
    0.156       388.52          787.75        2560.45         3393.70         4261.64  
    0.163       326.00          781.90        2557.95         3394.49         4327.61  
    0.169       76.87          196.16        1221.21         2760.85         3613.19  
    0.175       0          0        767.38         2493.68         3230.35  
    0.181       0          0        762.43         2473.46         3039.82  
    0.188       0          0        758.07         2489.17         3178.47  
    0.194       225.23          564.72        2003.46         3436.32         3738.48  
    0.200       342.57          751.27        2722.55         3805.14         3887.30  
    0.206       355.33          747.19        2776.69         3778.68         4150.61  
    0.213       353.73          744.21        2701.27         3715.05         4233.17  
    0.219       348.77          736.48        2700.69         3572.95         4144.43  
    0.225       342.82          728.26        2748.80         3424.94         4135.70  
    0.231       338.71          729.03        2778.39         3301.18         4091.76  
    0.238       336.78          727.60        2785.85         3301.38         4032.80  
    0.244       338.77          715.69        2834.15         3444.47         4024.10  
    0.250       339.58          718.66        2927.22         3761.15         4133.58  
    0.256       326.97          721.73        2936.34         3856.96         4010.42  
    0.263       295.94          708.37        2865.32         3632.76         4038.00  
    0.269       287.05          703.46        2866.96         3753.40         4071.59  
    0.275       303.13          692.36        2859.47         3846.90         4945.91  
    0.281       318.68          681.33        2798.83         3858.47         4861.36  
    0.288       324.26          678.22        2746.57         3686.80         4572.60  
    0.294       318.38          675.09        2745.17         3601.04         4456.95  
    0.300       295.85          669.08        2804.30         3762.70         4324.17  
    0.306       275.90          662.12        2823.56         3821.55         4384.43  
    0.312       272.22          652.48        2790.38         3851.45         4913.44  
    0.319       300.80          627.15        2652.72         3790.61         5025.27  
    0.325       78.04          453.15        999.69         2920.36         3864.70  
    0.331       0          432.20        2156.06         2969.75         3833.94  
    0.338       0          415.49        2833.02         2961.75         4224.18  
    0.344       0          344.05        2470.61         2939.03         4121.50  
    0.350       0          276.29        2376.45         2889.09         4029.13  
    0.356       0          65.51        760.71         2659.39         3646.33  
    0.363       150.68          864.88        2115.01         3247.45         4544.36  
    0.369       203.45          1504.44        2775.16         3547.01         4725.25  
    0.375       199.81          1835.32        2802.21         3954.80         5291.40  
    0.381       198.11          2002.32        2845.79         3820.26         4907.92  
    0.388       194.87          1966.28        2852.99         3784.48         4803.15  
    0.394       191.02          2064.19        2846.04         4042.41         4839.47  
    