0.025       490.56          822.89        2651.41         3441.40         3990.74  
    0.031       476.78          790.24        2676.27         3700.56         4063.74  
    0.038       472.14          800.54        2665.31         3655.97         4220.93  
    0.044       485.54          786.80        2673.70         3566.35         4150.14  
    0.050       494.36          824.77        2665.59         3453.31         4112.20  
    0.056       503.97          816.48        2683.44         3451.54         4121.07  
    0.062       548.05          746.73        2668.40         3446.06         4110.54  
    0.069       564.13          816.67        2702.64         3504.37         4465.64  
    0.075       560.88          1100.26        2696.21         3525.44         4554.68  
    0.081       554.46          1348.81        2641.58         3572.22         4454.02  
    0.088       554.08          1491.78        2663.92         3681.66         4721.35  
    0.094       555.81          1547.07        2662.71         3758.14         5401.07  
    0.100       556.11          1595.46        2676.10         3820.01         5500.00  
    0.106       554.24          1595.58        2703.61         3868.99         5500.00  
    0.113       74.61          693.60        1755.57         2843.54         4117.94  
    0.119       0          554.85        1586.98         2671.11         3872.42  
    0.125       0          558.41        1561.61         2717.77         3828.54  
    0.131       0          566.47        1564.22         2804.66         3854.53  
    0.138       0          571.10        1567.05         2933.22         3881.93  
    0.144       0          564.79        1549.22         3082.91         3898.18  
    0.150       0          558.76        1592.63         3043.42         3911.68  
    0.156       473.96          1403.28        2643.03         3502.22         4430.73  
    0.163       544.83          1411.42        2633.63         3471.34         4572.62  
    0.169       536.43          1331.00        2548.65         3466.04         4559.29  
    0.175       522.12          1240.52        2477.19         3456.14         4507.25  
    0.181       507.93          1018.52        2543.02         3538.45         4501.46  
    0.188       497.36          795.53        2635.93         3580.35         4440.89  
    0.194       464.58          736.47        2593.56         3545.75         4571.47  
    0.200       447.72          729.90        2540.92         3443.63         4602.26  
    0.206       454.61          706.12        2558.58         3443.10         4554.61  
    0.213       437.13          717.06        2651.66         3493.89         4544.98  
    0.219       425.03          728.47        2792.21         3650.49         4459.66  
    0.225       423.03          710.78        2766.91         3733.90         4491.56  
    0.231       428.33          698.60        2983.57         3956.68         4521.12  
    0.238       423.81          707.98        2921.92         3981.83         4156.88  
    0.244       423.48          699.56        2772.97         3958.84         4052.53  
    0.250       423.34          724.01        2717.87         3596.35         4100.21  
    0.256       409.76          766.99        2738.91         3572.91         4135.82  
    0.263       414.63          732.07        2757.93         3869.81         4429.52  
    0.269       496.41          586.92        2647.88         3921.01         5361.88  
    0.275       491.85          547.31        2548.73         3896.69         5500.00  
    0.281       402.74          562.18        2429.62         3912.42         4718.13  
    0.288       507.24          569.49        2330.96         3842.54         4762.56  
    0.294       70.80          560.48        1162.46         3169.72         4038.05  
    0.300       0          555.55        932.15         3044.00         3929.27  
    0.306       0          576.93        1383.58         2880.32         3926.51  
    0.312       0          576.45        1499.50         2719.62         3945.32  
    0.319       0          590.43        1548.97         2714.76         3930.58  
    0.325       0          79.83        739.43         2367.56         3748.65  
    0.331       0          533.17        1136.90         2657.32         3949.78  
    0.338       0          601.12        1277.06         2708.39         4025.11  
    