0.025       0          651.56        1522.35         2651.61         4265.02  
    0.031       0          658.13        1489.71         2786.39         5000.97  
    0.038       395.54          1089.36        2207.62         2987.03         5500.00  
    0.044       658.13          1459.27        2713.71         3236.13         5500.00  
    0.050       596.33          1428.44        2739.64         3121.44         5500.00  
    0.056       543.62          1176.32        2783.31         3143.02         5377.88  
    0.062       531.13          1021.27        2777.20         3392.93         5250.00  
    0.069       533.68          989.21        2775.37         3527.64         5230.90  
    0.075       538.68          965.35        2803.04         3618.51         5248.05  
    0.081       538.94          949.22        2832.03         3689.73         5287.09  
    0.088       538.04          934.38        2828.90         3700.38         5156.63  
    0.094       541.16          926.45        2821.53         3750.51         4888.18  
    0.100       542.53          945.87        2821.11         3648.82         4862.22  
    0.106       538.21          966.05        2808.70         3502.72         4947.49  
    0.113       531.82          961.56        2800.37         3478.47         4958.73  
    0.119       522.19          938.48        2834.88         3484.22         4953.93  
    0.125       529.60          885.02        2866.56         3491.71         4947.20  
    0.131       527.82          842.77        2858.03         3427.92         4912.98  
    0.138       502.95          838.92        2852.82         3339.26         4847.21  
    0.144       481.52          843.41        2879.64         3297.89         4802.65  
    0.150       447.35          832.64        2846.47         3279.41         4776.63  
    0.156       333.35          813.41        2778.15         3275.06         4784.68  
    0.163       108.66          325.51        1576.13         2965.36         3908.77  
    0.169       0          0        758.85         2759.64         3312.53  
    0.175       0          0        723.14         2771.50         3316.08  
    0.181       0          0        663.68         2779.21         3284.02  
    0.188       0          0        599.86         2775.79         3248.95  
    0.194       0          317.49        1850.42         3025.58         4255.71  
    0.200       0          511.62        2727.42         3240.91         4968.18  
    0.206       0          200.94        1386.74         2931.94         4015.69  
    0.213       0          273.72        1779.46         3070.32         4474.79  
    0.219       0          439.49        2659.05         3328.81         5229.04  
    0.225       0          401.84        2651.33         3377.12         5257.87  
    0.231       0          365.32        2652.38         3417.19         5306.94  
    0.238       0          345.25        2641.39         3438.48         5429.78  
    0.244       0          334.09        2604.61         3427.64         5500.00  
    0.250       0          133.14        1234.76         2920.99         4274.92  
    0.256       0          0        320.96         2616.76         3456.07  
    0.263       0          0        334.71         2632.12         3493.67  
    0.269       0          0        364.68         2632.13         3516.96  
    0.275       225.20          230.06        1732.82         3163.60         4643.29  
    0.281       359.99          378.42        2668.63         3518.48         5461.83  
    0.288       140.56          150.82        1298.93         2988.84         4327.84  
    0.294       0          0        367.96         2609.31         3534.02  
    0.300       0          0        359.68         2644.71         3549.91  
    0.306       0          0        353.13         2806.18         3562.17  
    0.312       0          197.26        1846.01         3283.51         4717.49  
    0.319       0          133.76        1348.53         3159.44         4365.55  
    0.325       0          186.75        1851.30         3342.91         3933.49  
    0.331       0          313.98        2541.41         3632.51         4016.07  
    0.338       0          127.04        1205.47         2938.54         3793.38  
    0.344       0          340.69        1658.47         2702.43         3820.63  
    0.350       0          507.89        2532.89         2766.15         3929.53  
    0.356       0          419.20        2586.69         2702.98         3964.95  
    0.363       149.81          488.61        2628.37         3393.62         4883.19  
    0.369       221.52          814.48        2678.77         3884.31         5500.00  
    0.375       188.19          1146.66        2686.61         3902.92         5500.00  
    0.381       140.46          1105.71        2686.87         3980.45         5500.00  
    0.388       136.07          1329.35        2738.88         4126.32         5500.00  
    0.394       157.77          1669.12        2766.51         4095.51         5379.79  
    0.400       139.13          1682.32        2748.10         3983.84         5418.49  
    0.406       126.90          1600.86        2764.70         3969.62         5500.00  
    0.413       236.62          1637.66        2779.61         4037.27         5500.00  
    