0.025       0          938.49        2129.39         2837.34         4023.95  
    0.031       0          908.62        2077.42         2829.50         4019.86  
    0.038       0          930.87        1939.81         2799.55         3976.88  
    0.044       350.32          1347.55        2220.85         3172.71         4770.92  
    0.050       593.28          1778.87        2828.64         3380.47         5500.00  
    0.056       250.80          1156.38        2487.09         3395.49         5080.59  
    0.062       274.47          821.19        2640.63         3994.42         4865.41  
    0.069       526.82          979.39        3208.36         4360.62         4971.83  
    0.075       542.48          926.58        3198.65         4321.40         4852.21  
    0.081       544.94          1392.49        2666.22         4057.44         4751.18  
    0.088       538.06          1715.31        2276.01         3861.09         4719.01  
    0.094       531.43          1636.10        2400.94         3887.18         4717.39  
    0.100       526.52          1599.53        2493.85         3847.32         4690.35  
    0.106       522.35          1579.78        2552.11         3802.09         4669.07  
    0.113       519.30          1568.84        2558.51         3798.01         4728.29  
    0.119       517.93          1564.91        2555.92         3830.56         4800.56  
    0.125       517.94          1564.11        2555.69         3855.63         4817.94  
    0.131       518.33          1566.58        2551.17         3869.31         4824.01  
    0.138       518.74          1575.98        2552.79         3889.21         4781.29  
    0.144       519.50          1579.66        2579.56         3871.95         4736.33  
    0.150       521.62          1577.01        2599.12         3817.74         4773.91  
    0.156       524.78          1580.92        2595.60         3817.77         4830.03  
    0.163       527.70          1589.43        2597.57         3881.89         5196.97  
    0.169       530.02          1593.30        2596.78         3920.61         5500.00  
    0.175       531.89          1593.01        2600.13         3928.03         5272.00  
    0.181       532.94          1594.24        2613.38         3942.34         5002.83  
    0.188       532.99          1595.78        2621.00         3929.56         4885.49  
    0.194       533.15          1597.94        2626.27         3929.45         4807.69  
    0.200       534.42          1599.95        2635.31         3919.80         4760.41  
    0.206       537.61          1606.32        2652.54         3904.59         4750.40  
    0.213       541.82          1616.58        2666.49         3895.09         4751.85  
    0.219       545.03          1625.29        2669.88         3907.69         4764.49  
    0.225       547.62          1636.22        2680.84         3943.83         4775.92  
    0.231       549.41          1645.75        2696.46         3913.54         4762.01  
    0.238       550.63          1652.19        2714.80         3879.62         4768.27  
    0.244       553.92          1662.75        2731.62         3831.59         4796.82  
    0.250       557.47          1669.64        2743.12         3801.14         4818.61  
    0.256       558.52          1672.42        2758.44         3836.21         4790.25  
    0.263       558.70          1681.33        2780.78         3915.01         4708.64  
    0.269       560.04          1691.39        2801.75         3970.67         4767.45  
    0.275       563.66          1700.23        2813.93         3985.98         4999.33  
    0.281       569.17          1710.51        2823.57         4002.11         5057.87  
    0.288       573.52          1719.37        2834.63         3997.85         4960.93  
    0.294       575.35          1726.16        2841.98         3998.83         4997.18  
    0.300       575.60          1728.90        2847.03         4004.69         5052.15  
    0.306       574.52          1726.19        2854.87         3999.78         5051.83  
    0.312       574.44          1725.35        2862.11         3993.85         5080.08  
    0.319       576.12          1728.69        2866.86         3986.20         5117.74  
    0.325       576.44          1728.68        2866.49         3990.25         5054.00  
    0.331       575.44          1724.44        2864.43         3999.13         4984.78  
    0.338       574.04          1719.37        2863.76         4002.94         4978.55  
    0.344       572.59          1715.54        2859.03         4009.32         4944.20  
    0.350       572.22          1713.85        2850.84         4013.54         4950.84  
    0.356       571.50          1711.08        2841.51         4007.55         4958.77  
    0.363       569.63          1704.30        2826.08         3983.89         4808.79  
    0.369       567.12          1695.17        2799.56         3937.68         4680.21  
    0.375       563.57          1682.79        2768.73         3910.42         4722.39  
    0.381       558.80          1669.83        2745.47         3897.14         4836.08  
    0.388       554.81          1658.62        2725.76         3883.91         4871.14  
    0.394       552.69          1654.21        2710.74         3903.92         4841.70  
    0.400       551.44          1653.47        2718.23         3963.65         4913.93  
    0.406       549.65          1645.38        2725.52         3986.55         4907.32  
    0.413       544.62          1625.27        2705.48         3955.07         4818.20  
    0.419       535.31          1595.24        2650.77         3965.80         4831.76  
    0.425       527.75          1565.72        2599.88         3935.16         4890.56  
    0.431       522.61          1545.91        2569.67         3887.85         4906.52  
    0.438       518.88          1536.67        2554.02         3925.67         4860.58  
    0.444       515.79          1544.86        2547.50         3922.38         4881.85  
    0.450       509.54          1618.88        2584.94         3925.82         5020.47  
    0.456       504.27          1706.44        2679.30         4048.29         5313.22  
    0.463       503.50          1765.26        2622.95         4158.77         5500.00  
    0.469       235.87          1146.84        2118.62         3154.78         4804.62  
    0.475       268.12          1060.30        2163.42         3275.10         4888.20  
    0.481       491.79          1464.66        2636.98         4203.56         5500.00  
    0.488       484.64          1415.86        2784.53         4214.57         5500.00  
    0.494       508.65          1308.79        2848.35         4278.36         5500.00  
    0.500       246.64          854.75        2211.53         3597.68         4960.41  
    0.506       267.58          689.75        2356.19         3779.08         5025.27  
    0.513       457.31          841.51        2987.55         4507.41         5104.42  
    0.519       434.56          798.30        2935.57         4461.55         4872.30  
    0.525       471.55          754.04        2914.65         4407.12         5253.95  
    0.531       463.23          798.80        2931.23         4377.92         4927.19  
    0.537       448.81          796.05        2878.02         4356.89         4480.81  
    0.544       469.20          748.58        2850.38         4334.17         4549.43  
    0.550       458.05          756.58        2814.38         4308.87         4560.26  
    0.556       430.69          729.96        2713.10         4289.75         4579.74  
    0.562       399.09          733.05        2729.26         4235.19         4585.04  
    0.569       372.54          801.03        2893.40         4241.07         4537.54  
    0.575       359.23          855.21        2984.23         4298.26         4501.81  
    0.581       350.25          867.16        3025.25         4300.34         4486.24  
    0.588       350.11          860.55        3095.34         4383.47         4527.83  
    0.594       354.30          822.00        3096.57         4462.23         4547.93  
    0.600       360.42          796.78        3059.98         4456.51         5044.36  
    0.606       170.01          565.99        1881.70         3682.94         4958.90  
    0.613       0          359.53        817.45         3001.18         4478.25  
    0.619       181.84          603.80        1997.43         3793.19         5019.90  
    0.625       336.07          818.86        2942.03         4315.59         4968.32  
    0.631       323.83          808.48        2761.22         4086.32         4541.25  
    0.638       323.51          765.36        2730.98         3883.31         4606.39  
    0.644       337.11          757.99        2824.87         3777.59         4609.15  
    0.650       375.00          770.43        2899.29         4127.05         4859.80  
    0.656       416.19          757.52        2752.63         4396.19         4785.05  
    0.663       438.30          630.63        2573.99         4096.95         4550.20  
    0.669       397.62          618.18        2389.38         3533.52         4630.92  
    0.675       355.08          655.47        2426.10         3378.05         4724.58  
    0.681       166.45          288.43        1206.10         1904.90         3635.87  
    0.688       197.43          312.85        1356.00         2446.36         3587.55  
    0.694       343.60          705.80        2619.88         3976.30         4564.22  
    0.700       320.45          781.72        2796.76         3976.67         5119.53  
    