0.025       605.71          1163.47        2693.29         3413.62         4254.04  
    0.031       580.09          1138.73        2700.05         3425.74         4176.98  
    0.038       539.92          1111.84        2738.45         3441.56         4145.92  
    0.044       512.73          1079.73        2808.44         3413.27         4128.13  
    0.050       508.59          1056.79        2809.94         3355.88         4095.03  
    0.056       503.24          1025.61        2753.95         3254.69         4137.10  
    0.062       488.09          997.14        2709.15         3238.83         4177.23  
    0.069       472.95          979.69        2674.62         3263.64         4137.75  
    0.075       453.34          968.99        2654.85         3324.89         4163.17  
    0.081       443.73          948.41        2707.87         3349.99         4180.81  
    0.088       441.20          918.26        2749.73         3327.85         4143.45  
    0.094       440.12          900.96        2716.75         3284.78         4064.46  
    0.100       432.30          888.72        2701.32         3266.80         3953.88  
    0.106       425.32          857.84        2749.01         3273.63         3929.53  
    0.113       421.82          821.59        2743.86         3301.10         3924.87  
    0.119       418.42          796.00        2714.93         3309.79         3882.65  
    0.125       413.65          776.80        2702.13         3299.74         3897.73  
    0.131       406.98          769.57        2752.05         3311.50         3947.29  
    0.138       400.60          769.40        2847.31         3316.17         4003.56  
    0.144       395.21          769.91        2913.79         3418.44         4036.89  
    0.150       387.07          749.14        2966.13         3443.72         4120.91  
    0.156       380.87          714.42        3023.92         3298.86         4431.13  
    0.163       375.11          695.02        3028.34         3235.32         4865.81  
    0.169       368.66          693.96        2931.74         3397.93         5339.21  
    0.175       355.92          697.00        2885.42         3556.08         4374.38  
    0.181       343.21          693.34        2762.25         3436.35         3924.36  
    0.188       333.34          699.19        2745.54         3354.33         4082.53  
    0.194       317.64          690.10        2741.39         3288.63         4195.08  
    0.200       306.60          667.04        2754.89         3298.73         4272.38  
    0.206       315.90          650.64        2819.01         3442.55         4514.78  
    0.213       327.44          646.67        2803.19         3594.37         4788.58  
    0.219       336.97          628.64        2775.42         3665.10         4929.49  
    0.225       112.65          205.16        1150.77         3084.06         4107.22  
    0.231       0          258.16        1952.22         3132.37         4094.06  
    0.238       0          377.60        2547.11         3214.90         4009.70  
    0.244       0          382.90        2438.06         3092.96         3943.27  
    0.250       0          379.88        2387.31         3126.23         4064.22  
    0.256       0          311.01        2230.45         3222.98         4285.34  
    0.263       0          295.35        2176.15         3245.63         4394.55  
    0.269       0          100.49        950.48         2696.41         3667.36  
    0.275       219.71          455.18        2012.31         2924.37         4189.71  
    