0.025       322.56          1830.10        2722.28         3802.83         4587.79  
    0.031       321.96          1688.67        2627.23         3758.85         4799.11  
    0.038       323.14          1560.00        2750.05         3777.14         4821.73  
    0.044       312.48          1734.43        2644.19         3699.96         4839.63  
    0.050       313.71          2140.05        2397.21         3784.38         4777.38  
    0.056       316.76          2010.67        2349.06         3687.74         4793.91  
    0.062       315.01          1694.40        2515.28         3585.26         4734.50  
    0.069       337.57          1788.21        2854.34         3368.03         4614.15  
    0.075       586.43          1056.18        1637.68         3296.34         4589.74  
    0.081       524.63          813.50        2830.32         3740.65         4635.57  
    0.088       522.28          808.32        2949.48         4288.53         4790.36  
    0.094       547.42          827.96        2873.89         3818.00         4623.19  
    0.100       541.99          822.89        2867.75         3815.03         4618.01  
    0.106       524.14          803.30        2858.39         3829.72         4651.94  
    0.113       531.13          822.97        2856.91         3764.87         4655.85  
    0.119       537.12          821.27        2909.01         3772.73         4592.21  
    0.125       543.71          831.74        2908.14         3801.98         4565.94  
    0.131       546.23          829.80        2868.71         3754.81         4545.48  
    0.138       541.91          815.67        2861.80         3747.77         4648.25  
    0.144       563.95          827.28        2830.14         3778.82         4669.95  
    0.150       670.33          867.81        2687.61         3834.63         5432.33  
    0.156       675.10          969.92        2311.66         3731.96         5500.00  
    0.163       659.87          935.33        2143.08         3691.88         5066.02  
    0.169       639.27          1014.60        2152.22         3743.62         4848.43  
    0.175       604.84          1147.40        2156.30         3692.77         4761.58  
    0.181       592.15          1296.03        1989.30         3531.34         4762.42  
    0.188       593.25          1360.64        1974.30         3504.26         4752.64  
    0.194       593.96          1327.53        2023.20         3561.11         4767.94  
    0.200       589.01          1267.66        2038.07         3548.73         4682.27  
    0.206       588.32          1094.32        2122.08         3621.53         4603.36  
    0.213       593.88          964.06        2421.27         3586.03         4448.99  
    0.219       594.29          811.87        2568.46         3709.01         4497.30  
    0.225       571.65          775.22        2476.44         3676.63         4564.05  
    0.231       494.48          799.23        2715.24         3581.61         4539.04  
    0.238       453.98          780.75        2883.68         3684.30         4634.84  
    0.244       434.33          772.79        2890.20         3591.50         4681.80  
    0.250       423.09          774.53        2886.07         3493.67         4647.73  
    0.256       413.64          774.34        2879.78         3457.47         4620.91  
    0.263       405.10          764.01        2874.94         3446.00         4634.76  
    0.269       396.90          753.43        2871.98         3368.15         4605.29  
    0.275       387.30          735.96        2850.03         3256.22         4686.24  
    0.281       380.43          718.72        2836.04         3416.27         4855.60  
    0.288       373.36          717.44        2865.17         3468.08         4865.67  
    0.294       386.16          716.85        2842.15         3255.60         4876.25  
    0.300       415.80          698.18        2860.78         3308.07         4790.41  
    0.306       428.69          689.04        2880.68         3547.29         4621.39  
    0.312       415.20          694.47        2860.35         4046.47         5427.11  
    0.319       434.88          696.27        2831.60         4051.34         5500.00  
    0.325       467.74          671.38        2827.12         3599.83         5500.00  
    0.331       519.98          567.68        2837.50         3658.21         5500.00  
    0.338       449.01          524.81        2871.86         3898.17         5500.00  
    0.344       373.70          651.22        2882.19         3966.90         5500.00  
    0.350       369.36          663.06        2824.50         3783.59         5500.00  
    0.356       379.34          624.34        2741.09         3394.78         5500.00  
    0.363       381.23          633.68        2706.18         3292.78         5500.00  
    0.369       394.21          583.11        2738.65         3595.24         5500.00  
    0.375       32.27          47.23        223.82         768.54         3030.84  
    0.381       276.91          464.15        2650.42         3459.44         5280.52  
    0.388       24.61          494.94        2472.55         3034.31         4189.42  
    0.394       322.60          553.43        2749.01         3445.04         4983.94  
    0.400       356.82          586.07        2768.06         3646.83         5159.95  
    0.406       321.96          623.18        2893.89         3766.47         5210.42  
    0.413       265.92          559.51        2851.55         3667.01         5008.22  
    0.419       161.27          507.03        2700.94         3696.04         4959.60  
    0.425       12.44          41.05        690.26         2758.14         3833.35  
    0.431       0          0        440.23         2663.88         3486.54  
    0.438       182.15          479.74        2568.66         3286.34         4906.29  
    0.444       16.19          42.64        687.42         2835.17         3695.17  
    0.450       0          325.24        2085.94         3015.45         4380.11  
    0.456       0          28.91        536.34         2585.05         3587.27  
    0.463       0          408.35        2288.27         3303.97         4366.59  
    0.469       0          388.93        2175.85         3189.80         4191.77  
    0.475       0          277.73        1971.74         2957.88         3837.53  
    0.481       0          344.97        1927.40         2862.27         3693.33  
    0.488       0          400.62        1920.94         2740.81         3796.60  
    0.494       0          385.37        1787.76         2808.84         3903.36  
    0.500       0          318.16        1705.90         2830.77         3976.04  
    