0.025       0          1136.75        2478.38         3809.84         4874.60  
    0.031       0          1095.96        2447.69         3631.17         4679.82  
    0.038       0          1176.45        2391.76         3594.68         4377.08  
    0.044       503.81          1721.70        2838.35         3955.81         4845.82  
    0.050       722.91          1844.52        2944.21         4236.79         5208.80  
    0.056       164.11          1312.79        2578.10         3526.42         4653.63  
    0.062       848.37          1175.62        2951.38         3616.89         4555.25  
    0.069       906.75          1775.69        3031.44         3782.86         4732.29  
    0.075       188.55          1180.66        2336.83         3717.93         4851.48  
    0.081       0          1343.74        2427.24         3367.38         4280.65  
    0.088       0          1391.18        2528.38         3539.98         4427.63  
    0.094       0          302.90        1779.86         2817.60         3923.01  
    0.100       0          981.25        2129.57         3507.04         4490.01  
    0.106       0          974.45        2303.17         3426.70         4484.81  
    0.113       0          859.01        2281.83         3366.20         4423.59  
    0.119       0          1064.47        2397.91         3565.19         4757.51  
    0.125       634.53          1471.59        2862.82         3736.84         4905.87  
    0.131       867.76          1754.76        2899.94         3719.38         4943.00  
    0.138       794.65          1721.16        2932.88         3820.76         4879.72  
    0.144       169.64          1488.92        2444.23         3712.94         4620.15  
    0.150       0          1260.60        2267.38         3677.21         4683.89  
    0.156       480.28          2047.73        2556.53         3672.77         4899.07  
    0.163       632.55          2037.53        3073.85         3893.17         5378.64  
    0.169       773.31          1895.08        3246.74         4082.48         5500.00  
    0.175       178.92          1011.63        2083.62         3330.04         4471.81  
    0.181       0          1070.48        2017.30         3126.61         4377.33  
    0.188       775.00          1731.22        2691.05         3982.12         5264.78  
    0.194       853.73          1650.94        2753.17         3949.51         5194.65  
    0.200       179.42          348.75        1801.27         2718.81         4130.45  
    0.206       0          1278.86        1928.27         3016.48         4304.33  
    0.213       0          361.56        1751.45         2914.22         4127.54  
    0.219       0          0        1715.14         2827.27         3864.77  
    0.225       0          986.34        2170.95         3327.09         4547.44  
    0.231       0          1212.54        2246.31         3492.85         4661.22  
    0.238       0          1335.06        2222.38         3424.60         4610.36  
    0.244       0          1334.09        2428.09         3445.00         4738.74  
    0.250       0          1360.15        2463.23         3346.61         4535.94  
    0.256       0          1291.60        2391.65         3370.41         4427.47  
    0.263       0          1253.51        2348.24         3615.93         4751.36  
    0.269       0          1266.87        2328.77         3475.38         4676.64  
    0.275       671.89          1704.87        2684.32         3763.22         4899.78  
    0.281       686.75          1633.85        2780.31         3826.62         4926.56  
    0.288       785.07          1785.06        2941.72         3884.85         4929.41  
    0.294       182.25          1619.27        1886.12         3264.47         4384.09  
    0.300       0          1463.54        2317.39         3380.68         4351.37  
    0.306       0          1229.21        2405.49         3628.09         4619.98  
    0.312       698.65          1889.37        2452.15         3716.32         4869.02  
    0.319       873.04          1831.05        3028.39         3606.47         4741.78  
    0.325       190.98          1090.70        2160.93         3336.19         4503.17  
    0.331       630.71          1812.42        2907.81         4092.36         5268.57  
    0.338       752.76          1923.88        2917.83         4036.12         5500.00  
    0.344       162.41          1579.76        2554.84         3842.21         5083.74  
    0.350       375.73          1623.13        2630.84         4020.04         4974.29  
    0.356       106.23          1510.97        2747.35         3137.60         4396.13  
    0.363       599.67          1803.98        3128.23         3847.54         5220.53  
    0.369       753.86          1860.49        2887.02         4018.80         5052.74  
    0.375       720.42          1892.11        3003.70         3856.30         4908.84  
    0.381       156.97          419.68        1883.15         2912.01         3962.49  
    0.388       0          0        1485.64         2587.20         3763.81  
    0.394       0          0        1611.20         2693.88         3925.27  
    0.400       0          1145.40        2423.62         3555.93         4417.59  
    0.406       0          1386.60        2498.68         3342.96         4305.94  
    0.413       650.88          1558.50        2842.14         3803.54         5145.05  
    0.419       184.02          355.67        1636.18         3021.28         4292.38  
    0.425       0          768.48        2256.63         3482.76         4200.10  
    0.431       0          217.27        1247.79         2841.80         3906.02  
    0.438       313.05          728.85        2263.94         3557.46         4562.13  
    0.444       305.51          983.80        2650.60         3733.23         4795.78  
    0.450       230.04          1003.77        2688.98         3734.19         4730.75  
    0.456       344.36          987.05        2750.83         3759.54         4717.68  
    0.463       458.83          960.16        2728.03         3766.01         4718.44  
    0.469       508.18          879.14        2694.31         3780.90         4658.84  
    0.475       524.37          857.22        2668.03         3798.83         4637.63  
    0.481       510.33          934.21        2728.67         3787.58         4595.44  
    0.488       504.19          954.20        2688.28         3810.35         4538.92  
    0.494       492.55          989.47        2674.28         3820.05         4518.89  
    0.500       485.10          940.70        2662.92         3811.25         4508.47  
    0.506       482.35          887.34        2659.68         3801.19         4527.46  
    0.513       483.09          887.50        2639.68         3777.91         4611.24  
    0.519       481.80          941.04        2649.08         3756.16         4593.00  
    0.525       479.01          886.89        2658.30         3760.95         4524.81  
    0.531       483.78          772.04        2655.14         3771.47         4492.44  
    0.537       106.97          164.21        974.15         2889.40         3941.23  
    0.544       230.39          388.67        2192.25         3579.05         4339.71  
    0.550       271.81          519.27        2691.58         3843.28         4512.34  
    0.556       426.28          527.15        2665.29         3838.52         4514.61  
    0.562       473.22          547.90        2648.17         3840.51         4481.46  
    0.569       459.15          489.89        2635.41         3850.72         4519.51  
    0.575       473.08          517.86        2645.93         3858.52         4610.56  
    0.581       429.46          765.21        2710.60         3869.55         4605.20  
    0.588       409.41          816.02        2746.71         3896.59         4565.54  
    0.594       428.43          639.36        2697.62         3903.08         4583.05  
    0.600       373.46          603.01        2650.69         3928.53         4605.40  
    0.606       347.46          556.17        2579.57         3950.37         4788.69  
    0.613       76.03          119.45        1024.18         2906.23         4188.45  
    0.619       0          0        620.57         2596.95         4067.35  
    0.625       0          492.80        2025.16         3370.93         4247.29  
    0.631       0          631.05        2394.96         3352.49         4212.30  
    0.638       0          608.47        2298.40         3346.95         4198.91  
    0.644       0          444.19        2227.84         3260.07         4190.33  
    0.650       260.77          1273.00        2771.85         3933.60         4796.73  
    0.656       338.41          1591.98        2850.82         4064.59         5024.40  
    0.663       341.21          1587.67        2675.00         4064.34         5398.62  
    0.669       316.98          1538.14        2657.46         4072.63         5142.72  
    0.675       348.22          1655.00        2645.58         4020.97         4923.06  
    0.681       79.13          751.49        2187.79         3760.40         4741.98  
    0.688       0          446.54        2183.67         3611.65         4712.81  
    0.694       315.81          1371.91        2782.92         4120.21         4901.28  
    0.700       427.29          1653.16        2831.52         3788.31         5043.92  
    0.706       397.15          1691.42        2572.09         3665.02         5048.58  
    0.713       345.05          1720.96        2726.44         3785.26         4887.09  
    0.719       231.30          1529.65        2644.62         3773.53         4817.90  
    0.725       44.63          324.87        1551.05         2796.21         3829.38  
    0.731       0          960.31        2209.39         3319.64         4514.17  
    0.738       0          1204.68        2315.23         3372.66         4343.08  
    0.744       0          936.94        2203.24         3420.54         4217.85  
    0.750       184.26          1709.19        2817.28         3740.31         4851.33  
    0.756       236.33          1841.89        3115.84         3835.17         4956.02  
    0.763       187.84          1800.17        3011.57         3550.12         4972.75  
    0.769       38.38          396.05        2016.01         3219.42         3983.87  
    0.775       0          0        1591.48         2875.85         4035.43  
    0.781       0          0        1472.52         2684.60         4084.05  
    0.788       0          1034.07        2190.33         3359.95         4382.77  
    0.794       0          1407.52        2536.65         3599.98         4796.19  
    0.800       0          1463.36        2561.49         3596.15         4829.63  
    0.806       0          1365.91        2272.78         3310.16         4495.11  
    0.812       0          1229.84        2021.14         3246.32         4367.18  
    0.819       0          1030.73        1993.68         3276.13         4316.76  
    0.825       565.35          1658.60        2925.73         4077.54         5236.73  
    0.831       630.55          1674.81        3002.56         4051.02         5167.64  
    0.838       133.08          1432.08        2457.44         3713.12         4699.11  
    0.844       0          1463.22        2340.88         3494.65         4685.52  
    0.850       631.97          1609.93        2817.11         3752.45         4728.43  
    0.856       718.45          1763.76        3042.15         4206.33         5330.99  
    0.863       629.51          1750.80        2984.33         4219.86         5500.00  
    0.869       134.83          1062.48        2091.56         3330.74         4522.74  
    0.875       0          1205.92        2057.13         3237.77         4534.02  
    0.881       362.89          1556.02        2556.74         3603.73         4867.31  
    0.888       102.60          358.89        1593.62         2656.97         3963.49  
    0.894       776.45          868.14        2180.70         3357.72         4619.61  
    0.900       219.52          1155.32        2279.51         3493.99         4542.49  
    0.906       658.55          1853.77        2925.65         3492.08         4782.12  
    0.913       186.19          1337.62        2654.02         3513.14         4789.03  
    0.919       0          250.56        1737.47         3033.04         4160.36  
    0.925       532.95          1311.81        2587.20         3769.68         4729.05  
    0.931       775.24          1866.73        3114.52         3574.34         4645.77  
    0.938       693.67          2048.00        3290.60         3621.35         4725.44  
    0.944       711.69          1962.91        3038.19         3706.50         4886.51  
    0.950       159.88          1391.85        2475.81         3527.44         4883.22  
    0.956       0          1151.18        2280.32         3518.45         4833.57  
    0.963       707.04          1870.68        3172.57         4103.64         5350.65  
    0.969       199.90          1123.45        2224.64         3404.88         4419.29  
    0.975       439.95          1531.86        2557.73         3677.35         4732.15  
    0.981       721.95          1838.80        2808.52         3845.83         4894.16  
    0.988       696.31          1772.11        2831.58         3807.35         4916.93  
    0.994       149.10          384.41        1610.13         2869.06         3918.51  
    1.000       0          797.85        2053.81         3253.65         4381.28  
    1.006       621.72          1637.10        2661.18         3554.09         4869.87  
    1.012       175.78          1409.70        2645.91         3498.53         4693.65  
    1.019       769.24          1705.81        2774.22         4060.07         5306.41  
    1.025       884.34          1739.60        2910.25         4052.42         4966.99  
    1.031       188.54          1463.39        2898.83         3429.99         4363.36  
    1.038       0          1366.51        2573.80         3426.96         4356.51  
    1.044       583.88          1885.64        2573.76         3622.61         4721.72  
    1.050       711.78          1965.64        2676.21         3986.47         4722.70  
    1.056       747.25          2125.25        2949.82         4342.08         4595.63  
    1.062       167.57          1155.31        2349.30         3581.32         4443.16  
    1.069       0          923.18        2114.85         3538.73         4829.36  
    1.075       0          206.99        1432.22         2708.50         4019.68  
    1.081       0          1004.75        2069.80         3271.21         4407.26  
    1.088       437.53          1722.40        2506.97         3597.32         4978.43  
    1.094       123.70          1379.36        2305.54         3558.13         4708.22  
    1.100       526.56          1695.77        3203.71         4032.54         4651.44  
    1.106       148.87          1438.60        2320.68         3591.58         4679.26  
    1.113       0          1346.40        2322.11         3293.75         4576.26  
    1.119       614.13          1672.91        2570.32         3702.40         4686.92  
    1.125       747.28          1722.21        2629.92         3878.11         4797.95  
    1.131       668.69          1464.68        2669.55         3869.70         4871.16  
    1.137       143.20          1273.75        2560.21         3732.77         4713.30  
    1.144       299.95          1812.79        2702.48         3639.72         4849.88  
    1.150       84.80          1791.38        2788.08         3156.29         4496.36  
    1.156       0          383.40        1775.13         2709.06         3720.93  
    1.163       0          932.44        2374.92         3173.06         4637.41  
    1.169       174.99          1483.21        2815.18         3590.58         4924.83  
    1.175       49.47          344.81        1673.52         2968.16         3988.60  
    