0.025       392.52          1323.37        2562.14         4322.35         4697.79  
    0.031       104.85          672.89        1699.45         3048.73         4615.94  
    0.038       363.39          1072.29        2276.59         3349.03         4623.39  
    0.044       514.80          1065.07        2474.17         3498.68         4416.71  
    0.050       525.62          966.26        2424.10         3508.11         4310.78  
    0.056       544.70          961.71        2441.90         3617.29         4318.43  
    0.062       559.52          957.41        2481.02         3672.36         4349.35  
    0.069       555.59          950.56        2512.83         3770.23         4371.22  
    0.075       541.96          941.65        2528.22         3799.71         4363.36  
    0.081       525.43          926.17        2499.06         3733.54         4352.10  
    0.088       543.28          906.80        2485.93         3736.08         4392.22  
    0.094       630.89          873.74        2480.85         3871.91         4355.83  
    0.100       680.24          856.40        2488.76         3961.81         4475.56  
    0.106       668.01          862.50        2496.07         3844.36         4491.11  
    0.113       638.31          868.09        2543.73         3796.72         4680.91  
    0.119       575.81          881.01        2597.37         3801.13         4683.55  
    0.125       536.09          853.43        2651.94         3846.88         4552.38  
    0.131       519.13          728.74        2645.53         3789.14         4460.51  
    0.138       463.28          702.13        2616.59         3699.15         4570.14  
    0.144       421.75          740.36        2574.89         3561.59         4719.04  
    0.150       376.71          751.20        2557.91         3437.36         4948.17  
    0.156       287.69          746.79        2563.73         3433.85         4971.34  
    0.163       69.49          199.09        1227.76         2776.99         3926.71  
    0.169       0          538.93        1895.12         2955.34         3722.45  
    0.175       0          196.43        1158.23         2320.48         3637.63  
    0.181       0          0        738.02         1987.07         3635.64  
    0.188       0          0        735.48         1968.76         3717.85  
    0.194       0          531.83        1614.11         2807.51         3906.15  
    0.200       0          719.30        1884.94         3020.45         4045.01  
    0.206       0          710.22        1863.97         2952.28         4056.48  
    0.213       0          705.59        1896.29         3117.79         4054.18  
    0.219       0          708.58        1933.02         3179.96         4007.48  
    0.225       0          707.24        2005.06         2909.36         3921.88  
    0.231       118.21          704.04        2451.52         3377.45         5032.24  
    0.238       321.72          712.85        2659.40         3578.45         5133.28  
    0.244       372.15          712.11        2666.78         3554.89         5031.59  
    0.250       349.37          702.87        2659.11         3558.42         5012.12  
    0.256       342.17          697.81        2695.91         3563.05         4983.56  
    0.263       347.68          689.42        2744.89         3543.73         5011.49  
    0.269       350.43          684.67        2733.35         3511.58         5029.78  
    0.275       345.79          677.91        2745.77         3558.96         5034.11  
    0.281       337.26          668.64        2766.01         3598.89         5024.04  
    0.288       328.22          663.38        2724.86         3600.93         4992.55  
    0.294       334.87          656.31        2593.89         3562.86         4903.63  
    0.300       335.17          644.39        2504.10         3611.28         4962.29  
    0.306       324.12          635.38        2487.16         3643.09         5023.40  
    0.312       398.76          492.81        2527.31         3626.85         5030.43  
    0.319       114.14          117.95        1079.13         2957.26         3812.25  
    0.325       0          0        569.14         2683.37         3008.74  
    0.331       0          394.60        2090.39         2748.10         4355.02  
    0.338       0          491.78        2437.63         2829.83         4556.59  
    0.344       0          515.84        2320.33         2836.60         4321.39  
    0.350       0          514.59        2328.97         2826.41         4181.53  
    0.356       0          446.90        2367.16         2889.97         4393.36  
    0.363       0          407.94        2340.49         2919.49         4633.84  
    0.369       0          107.37        960.01         2508.47         3616.59  
    0.375       0          0        446.11         2375.04         3102.77  
    0.381       0          206.76        1836.44         2819.52         4312.87  
    0.388       0          396.34        2285.01         2951.22         4619.22  
    0.394       0          467.72        2248.37         3053.33         4666.82  
    0.400       0          424.70        2290.48         3232.38         4807.78  
    0.406       0          326.14        2165.87         3261.89         4889.79  
    0.413       0          234.40        2086.65         3339.09         4941.24  
    0.419       182.03          1061.05        2330.07         3454.37         4999.55  
    0.425       345.66          1460.02        2520.50         3475.21         4997.04  
    0.431       436.50          1681.60        2635.18         3513.88         5030.65  
    0.438       121.99          467.59        1885.62         2811.34         4126.82  
    