0.025       0          752.56        1546.31         2534.24         3245.55  
    0.031       0          745.64        1585.43         2553.12         3559.30  
    0.038       0          756.22        1535.96         2564.88         3678.27  
    0.044       0          753.55        1599.07         2603.12         3617.58  
    0.050       0          687.73        1514.86         2623.72         3525.48  
    0.056       0          681.40        1484.51         2640.12         3501.83  
    0.062       712.54          1461.19        2587.57         3470.89         5390.29  
    0.069       643.44          1525.29        2677.03         3639.71         5500.00  
    0.075       606.20          1507.63        2637.19         3833.48         4806.35  
    0.081       713.46          1473.85        2600.74         3982.85         4042.46  
    0.088       821.10          1446.53        2629.32         3711.69         4170.81  
    0.094       773.19          1427.36        2660.24         3992.10         4124.65  
    0.100       42.26          757.19        1846.80         2722.76         3980.29  
    0.106       0          746.23        1689.26         2644.88         4031.51  
    0.113       663.97          1435.80        2552.40         3919.04         4465.91  
    0.119       604.92          1420.85        2611.21         3606.99         4675.62  
    0.125       546.91          1412.79        2622.04         3467.50         4714.89  
    0.131       548.56          1408.50        2617.85         3456.58         4709.54  
    0.138       505.57          1451.99        2598.69         3526.40         4749.37  
    0.144       471.81          1579.23        2591.06         3619.35         4737.13  
    0.150       480.72          1540.77        2600.11         3618.35         4695.27  
    0.156       626.78          1587.37        2578.30         3727.02         4747.03  
    0.163       34.86          87.26        1622.87         2564.66         3912.89  
    0.169       242.36          1419.14        2389.03         3802.63         4873.88  
    0.175       745.03          1594.55        2577.05         3901.82         5007.41  
    0.181       724.47          1618.27        2722.69         3847.19         5215.65  
    0.188       644.48          1546.31        2708.85         3779.69         5485.05  
    0.194       625.16          1577.82        2745.26         3781.99         5223.21  
    0.200       403.81          1637.50        2731.95         3745.72         5123.32  
    0.206       417.54          1454.97        2740.90         3822.76         5313.71  
    0.213       444.99          849.21        2688.02         3769.26         5122.19  
    0.219       430.61          813.09        2628.05         3813.89         4954.69  
    0.225       435.49          841.23        2704.67         3828.55         4894.85  
    0.231       486.20          844.05        3010.77         3760.63         4906.84  
    0.238       536.42          846.86        3118.36         3803.89         4883.07  
    0.244       576.06          867.64        3550.25         3811.85         4881.53  
    0.250       596.49          887.98        3612.16         3818.78         4877.33  
    0.256       608.14          899.09        3625.13         3857.30         4868.95  
    0.263       628.12          904.54        3701.65         3855.39         4843.27  
    0.269       645.33          907.85        3746.38         3824.91         4836.30  
    0.275       641.88          891.84        3738.09         3918.39         4861.92  
    0.281       626.45          885.17        3733.80         3996.36         4869.76  
    0.288       633.42          879.83        3745.99         3993.07         4843.28  
    0.294       697.47          859.66        3757.30         4013.87         4832.61  
    0.300       763.19          838.37        3754.66         4038.32         4764.84  
    0.306       769.39          847.60        3735.67         4048.25         4749.44  
    0.312       765.54          832.73        3705.77         3957.09         4729.31  
    0.319       754.45          799.43        3740.66         3757.14         4765.67  
    0.325       643.21          821.60        3786.08         3883.35         4902.31  
    0.331       585.13          808.70        3750.70         4060.42         4897.68  
    0.338       577.94          789.87        3779.51         3937.83         4780.24  
    0.344       554.81          761.00        3794.77         3984.78         4667.99  
    0.350       501.03          741.89        3764.00         4020.84         4805.23  
    0.356       486.33          723.96        3842.50         3859.96         4797.32  
    0.363       456.45          721.24        3767.90         3973.16         4745.44  
    0.369       410.80          715.20        3746.22         4031.75         4754.67  
    0.375       394.23          709.76        3811.92         4407.42         4529.93  
    0.381       21.59          412.44        914.98         3881.65         4589.17  
    0.388       0          390.99        754.65         3836.84         4578.07  
    0.394       365.97          691.75        3659.04         3906.14         4719.61  
    0.400       352.01          709.66        3258.31         3878.78         4679.74  
    0.406       338.63          696.08        3062.49         3842.94         4608.48  
    0.413       365.83          687.03        2944.39         3896.75         4749.66  
    0.419       393.01          668.25        2719.10         3825.28         4760.98  
    0.425       385.13          599.67        2406.76         3859.98         4808.01  
    0.431       341.23          627.93        2571.44         3867.01         4806.55  
    0.438       331.53          639.15        2468.44         3846.09         4780.98  
    0.444       314.64          732.72        2206.21         3856.15         4823.53  
    0.450       321.61          609.71        2165.62         3821.71         4789.81  
    0.456       17.67          33.05        443.31         1800.66         3899.08  
    0.463       0          0        339.80         1818.84         3899.17  
    0.469       302.43          710.06        2403.79         3847.34         5412.32  
    0.475       314.90          816.49        2631.44         3926.75         5500.00  
    0.481       17.26          45.01        707.44         2314.72         3794.85  
    0.488       0          0        622.62         2012.00         3733.07  
    0.494       0          0        572.92         1955.66         3759.93  
    0.500       0          588.35        1854.23         3739.39         4703.46  
    0.506       0          615.04        1842.34         3262.11         4298.70  
    0.513       0          628.13        1798.80         3054.90         4267.67  
    0.519       459.43          1168.83        2314.18         3893.19         4607.03  
    0.525       525.24          1236.84        2460.21         3889.04         4691.07  
    0.531       571.64          1246.72        2499.36         3872.33         4831.35  
    0.537       562.36          1315.26        2373.81         3670.79         4868.26  
    