0.025       606.76          1769.43        3367.13         4118.36         5500.00  
    0.031       619.03          1324.28        2928.16         3516.20         5500.00  
    0.038       583.50          1547.16        2902.89         3542.11         5500.00  
    0.044       558.87          1677.08        2950.31         3416.28         4758.77  
    0.050       549.53          1691.07        2649.45         3399.65         4548.52  
    0.056       533.68          1657.47        2526.38         3432.00         4528.04  
    0.062       532.75          1650.17        2518.06         3446.66         4518.01  
    0.069       542.06          1609.97        2676.69         3473.35         4543.11  
    0.075       537.91          1708.46        3202.93         3241.67         4592.61  
    0.081       553.46          1734.88        3100.58         3559.59         4644.94  
    0.088       549.07          1678.55        2872.90         3697.03         4621.20  
    0.094       538.94          1639.69        2853.42         3696.61         4647.71  
    0.100       529.72          1693.14        3036.20         3964.10         4606.80  
    0.106       534.02          1696.63        2980.54         4293.67         4606.31  
    0.113       529.37          1651.65        2778.35         4208.07         5495.74  
    0.119       519.57          1643.36        2901.65         3924.54         4699.84  
    0.125       507.03          1656.83        2946.59         3674.32         4615.54  
    0.131       502.87          1674.50        3125.58         3634.26         4656.26  
    0.138       499.17          1641.06        3021.13         3423.57         4516.67  
    0.144       494.98          1580.73        2689.42         3918.12         4412.58  
    0.150       491.36          1556.53        2614.08         3835.05         4533.18  
    0.156       493.56          1539.23        2568.48         3800.59         4606.90  
    0.163       504.29          1524.49        2845.05         3621.15         4435.20  
    0.169       524.70          1542.33        3256.56         3681.76         4344.19  
    0.175       519.61          1480.99        2868.39         3502.94         4650.39  
    0.181       542.68          1325.68        2378.68         3602.39         4721.69  
    0.188       578.61          1203.59        2373.07         3609.99         4641.38  
    0.194       584.50          1197.41        2509.24         3575.84         4713.05  
    0.200       554.96          1140.11        2525.50         3528.25         4575.88  
    0.206       526.33          1111.98        2655.77         3504.52         4439.06  
    0.213       491.12          1107.81        2521.85         3535.59         4641.64  
    0.219       449.21          1146.93        2414.20         3543.68         4597.64  
    0.225       435.82          1100.75        2426.91         3572.27         4547.49  
    0.231       412.74          1067.68        2460.22         3576.25         4516.04  
    0.238       461.53          833.59        2052.46         3537.35         4469.52  
    0.244       132.23          462.19        1927.60         3507.10         4395.05  
    0.250       353.68          660.08        2803.26         3588.29         5092.65  
    0.256       331.44          704.10        2824.70         3569.80         5498.08  
    0.263       312.29          725.95        2844.23         3558.47         5500.00  
    0.269       297.62          750.78        2963.54         3559.02         5500.00  
    0.275       308.69          735.39        2902.98         3573.93         5500.00  
    0.281       304.88          710.49        2820.11         3608.36         5500.00  
    0.288       1.45          3.38        569.54         2728.59         3627.75  
    0.294       0          0        713.53         2833.55         3674.56  
    0.300       0          731.68        1266.52         2891.86         3735.52  
    0.306       0          811.88        1157.10         2920.61         3904.69  
    0.312       0          855.69        1459.99         2873.27         3965.38  
    0.319       0          806.38        1073.16         2698.24         3853.89  
    0.325       0          557.80        1388.55         2922.13         3952.81  
    0.331       481.06          1336.49        2848.79         4046.78         5492.63  
    0.338       2.30          562.74        1288.99         3046.11         4316.14  
    0.344       581.43          1214.02        3112.62         3981.97         5494.34  
    