0.025       461.22          901.69        2891.66         4206.68         4923.81  
    0.031       468.50          917.11        2928.75         4137.58         4872.05  
    0.038       472.93          934.17        2992.50         4140.29         4795.51  
    0.044       476.89          945.11        2699.51         3985.26         4820.30  
    0.050       489.07          985.88        2367.61         3840.16         4861.18  
    0.056       498.71          1042.83        2228.69         3743.09         4918.47  
    0.062       504.80          1051.24        2315.13         3788.63         4976.95  
    0.069       504.06          987.53        2374.15         3985.16         5093.41  
    0.075       499.92          935.82        2471.97         4062.81         4969.18  
    0.081       496.33          908.83        2610.54         4071.56         4870.78  
    0.088       491.16          894.57        2711.91         4066.03         4872.95  
    0.094       487.17          890.83        2770.16         4028.17         4897.40  
    0.100       485.15          894.29        2814.98         4027.59         4916.13  
    0.106       480.63          902.27        2848.28         4039.33         4955.50  
    0.113       476.97          913.33        2872.42         4008.21         5011.97  
    0.119       473.51          922.60        2865.75         3984.05         4988.79  
    0.125       465.21          927.62        2858.18         3976.16         4794.25  
    0.131       458.76          927.27        2851.41         3989.51         4581.72  
    0.138       457.99          921.61        2847.44         4026.83         4584.44  
    0.144       455.52          914.17        2860.49         4027.02         4640.49  
    0.150       457.33          905.45        2896.36         3991.01         4613.05  
    0.156       468.78          886.09        2896.06         4010.13         4584.54  
    0.163       476.38          864.70        2851.67         4017.89         4570.11  
    0.169       494.40          820.05        2846.98         3962.91         4644.41  
    0.175       510.66          760.55        2986.40         3897.75         4743.37  
    0.181       509.11          779.73        3248.83         3950.50         4800.56  
    0.188       491.95          803.84        3345.60         3958.70         4634.74  
    0.194       475.10          809.42        3317.31         3851.41         4415.28  
    0.200       473.47          791.69        3135.97         3829.26         4384.32  
    0.206       462.33          789.82        3081.77         3844.41         4499.46  
    0.213       442.13          798.31        3100.17         3859.06         4595.77  
    0.219       434.17          791.97        3045.72         3823.65         4783.34  
    0.225       431.66          780.04        3025.07         3842.09         5031.99  
    0.231       420.70          766.02        2959.30         3820.97         5121.89  
    0.238       404.86          748.22        2952.77         3788.57         5136.32  
    0.244       388.82          731.35        2999.15         3751.00         5230.95  
    0.250       379.38          723.97        3098.50         3731.24         5160.21  
    0.256       372.41          719.39        3224.56         3761.04         5172.21  
    0.263       371.79          713.67        3169.99         3780.31         5199.28  
    0.269       365.87          699.99        3002.56         3785.45         5105.29  
    0.275       355.42          698.41        2927.19         3792.20         5033.45  
    0.281       345.19          710.13        2941.67         3795.61         4984.10  
    0.288       331.77          733.03        2914.78         3859.27         4947.89  
    0.294       323.44          742.92        3041.21         3866.99         4944.89  
    0.300       321.30          751.23        3317.95         3820.33         4949.94  
    0.306       321.85          750.70        3206.73         3820.94         4926.39  
    0.312       317.79          729.84        3075.74         3928.51         4970.37  
    0.319       321.10          733.53        3067.40         4100.57         4899.18  
    0.325       329.98          745.35        3080.56         3920.93         4848.26  
    0.331       339.32          747.63        2920.00         3900.51         4834.07  
    0.338       331.19          754.79        2839.23         3940.75         4857.10  
    0.344       315.41          747.47        2812.67         3899.31         4987.38  
    0.350       320.87          728.53        2763.19         3836.96         4962.55  
    0.356       309.42          707.90        2874.33         3823.79         4857.90  
    0.363       329.95          560.27        2866.80         3947.56         4807.38  
    0.369       344.03          511.04        2757.30         3873.47         4795.50  
    0.375       351.69          581.73        2896.98         3665.09         4830.51  
    0.381       354.74          684.79        3177.57         4451.84         5294.70  
    0.388       111.54          455.91        1550.98         3582.58         4908.18  
    0.394       233.37          669.55        2211.49         3656.63         4673.13  
    0.400       327.39          960.32        2805.65         3985.25         5018.14  
    0.406       297.35          888.46        2676.16         3883.23         4958.82  
    0.413       299.33          756.52        2641.82         3767.58         4865.05  
    0.419       96.02          476.37        1867.20         3188.62         4528.34  
    0.425       0          313.69        1514.15         3002.77         4378.24  
    0.431       154.01          685.06        2317.13         3646.01         4600.42  
    0.438       232.57          852.12        2638.68         3809.09         4862.46  
    0.444       253.13          897.87        2563.10         3745.09         4957.95  
    0.450       225.32          875.92        2451.44         3836.96         4954.46  
    0.456       176.16          814.22        2497.49         3891.36         4915.16  
    