0.025       504.61          890.83        2737.00         3486.24         3870.35  
    0.031       534.65          942.24        2796.38         3537.96         4056.58  
    0.038       577.75          993.44        2667.35         3534.73         4623.16  
    0.044       623.19          1080.47        2464.59         3518.88         4821.06  
    0.050       650.13          1476.71        1862.65         3499.99         4691.43  
    0.056       630.76          1686.08        1714.31         3531.88         4619.21  
    0.062       592.32          1706.07        2223.03         3598.33         4447.51  
    0.069       567.23          1705.20        2481.10         3595.38         4420.16  
    0.075       557.71          1691.72        2494.33         3584.46         4546.41  
    0.081       554.83          1669.76        2529.30         3704.43         4652.72  
    0.088       553.56          1665.43        2494.13         3785.72         4753.81  
    0.094       555.12          1675.13        2479.86         3740.13         4838.28  
    0.100       557.71          1665.03        2532.96         3708.69         4825.55  
    0.106       558.64          1652.93        2470.51         3797.05         4770.84  
    0.113       557.84          1648.15        2369.23         3817.72         4750.97  
    0.119       558.08          1631.53        2341.37         3797.06         4756.12  
    0.125       564.23          1613.12        2335.26         3791.14         4693.98  
    0.131       568.75          1578.84        2300.62         3763.88         4701.80  
    0.138       570.94          1565.18        2350.75         3672.04         4686.71  
    0.144       577.04          1570.02        2473.48         3476.18         4674.54  
    0.150       582.35          1518.93        2683.72         3386.72         4662.39  
    0.156       582.49          1425.16        2759.87         3349.48         4657.27  
    0.163       575.53          1362.67        2815.29         3363.39         4676.11  
    0.169       573.84          1334.06        2875.65         3413.92         4648.94  
    0.175       577.47          1315.91        2839.27         3375.05         4568.47  
    0.181       577.96          1317.75        3010.03         3328.08         4489.35  
    0.188       561.80          1333.72        2990.91         3347.73         4286.39  
    0.194       540.35          1301.44        2813.03         3330.47         4300.94  
    0.200       515.53          1210.06        2643.98         3318.21         4413.94  
    0.206       506.68          1284.97        2642.14         3282.62         4561.31  
    0.213       490.13          1155.09        2486.73         3321.02         4557.33  
    0.219       464.75          892.11        2482.45         3397.84         4563.32  
    0.225       440.09          747.40        2562.70         3415.63         4855.83  
    0.231       428.81          710.43        2555.19         3405.23         5343.86  
    0.238       411.70          707.37        2555.31         3369.64         5500.00  
    0.244       397.34          712.14        2576.78         3365.32         5500.00  
    0.250       387.95          719.82        2619.37         3534.55         5500.00  
    0.256       387.36          711.07        2775.23         3636.24         5500.00  
    0.263       395.09          691.69        2875.35         3672.87         5500.00  
    0.269       392.46          681.76        2865.86         3680.73         5500.00  
    0.275       391.29          657.09        2959.78         3674.86         5246.94  
    0.281       406.06          639.12        3004.10         3528.78         5089.08  
    0.288       409.46          643.66        3115.41         3497.50         5371.54  
    0.294       416.23          632.50        2936.77         3622.64         5500.00  
    0.300       422.23          631.36        2740.21         3628.24         5500.00  
    0.306       405.13          646.89        2753.93         3672.99         5500.00  
    0.312       375.57          634.87        2650.57         3757.74         5239.41  
    0.319       365.35          614.49        2622.54         3732.60         5014.52  
    0.325       380.97          573.91        2648.92         3693.64         5039.61  
    0.331       366.25          566.35        2684.16         3674.51         5089.88  
    0.338       304.64          585.78        2660.49         3641.73         5053.56  
    0.344       272.31          601.08        2568.71         3567.52         5008.64  
    0.350       247.80          591.89        2503.69         3545.45         4910.69  
    0.356       71.07          174.22        1129.52         2842.01         3951.90  
    0.363       0          293.87        1755.02         2998.06         4100.59  
    