0.025       490.61          1465.14        2375.80         3214.80         5500.00  
    0.031       58.96          891.16        1742.55         3006.21         5103.90  
    0.038       544.37          1009.50        2735.14         4759.15         5445.89  
    0.044       604.35          999.56        2915.28         4948.46         5292.33  
    0.050       587.88          1026.59        2895.44         4859.14         5183.83  
    0.056       513.75          1044.51        3024.30         4936.92         5002.47  
    0.062       512.86          1066.33        3079.73         4494.85         5067.55  
    0.069       515.79          1064.58        2988.33         4225.27         5106.27  
    0.075       517.04          1056.09        2879.77         4198.90         5134.69  
    0.081       517.01          1047.99        2829.51         4137.97         5095.34  
    0.088       539.69          1072.19        2693.74         4051.26         5066.88  
    0.094       578.04          1099.56        2436.22         3950.07         5055.16  
    0.100       614.65          1136.47        2338.63         3824.61         4954.28  
    0.106       653.53          1168.65        2274.21         3707.88         4968.95  
    0.113       655.57          1274.75        2275.88         3739.19         5046.87  
    0.119       614.73          1338.60        2353.74         3870.80         4991.56  
    0.125       580.55          1359.35        2423.18         3932.35         4938.91  
    0.131       565.15          1399.19        2428.48         3864.33         4951.72  
    0.138       570.20          1442.94        2423.03         3835.44         5036.76  
    0.144       571.73          1436.89        2463.19         3914.02         5293.52  
    0.150       572.25          1367.34        2462.64         3883.92         5319.05  
    0.156       574.23          1307.74        2340.31         3841.63         5023.72  
    0.163       564.15          1291.33        2295.62         3811.45         4910.74  
    0.169       548.17          1266.78        2243.41         3833.06         4915.43  
    0.175       551.17          1279.54        2263.80         3873.79         4922.57  
    0.181       547.10          1312.37        2285.70         3899.19         5030.05  
    0.188       529.17          1238.20        2241.04         3814.81         4951.25  
    0.194       514.04          1105.80        2448.58         3733.89         4946.94  
    0.200       511.32          1056.41        2531.62         3741.47         4983.77  
    0.206       494.72          1030.77        2721.65         3822.00         5017.16  
    0.213       459.19          973.33        2843.47         3835.08         5028.20  
    0.219       428.64          923.62        3050.84         3985.12         5033.63  
    0.225       413.08          883.90        3154.27         4259.75         5054.34  
    0.231       424.67          860.48        3161.31         4517.65         5160.93  
    0.238       453.34          784.10        2972.21         4498.09         5205.41  
    0.244       457.77          703.53        2898.45         4374.10         5114.84  
    0.250       424.55          747.36        3092.41         4369.16         5078.02  
    0.256       401.36          776.03        3206.10         4239.05         5078.76  
    0.263       383.84          780.70        3290.78         4871.72         5449.44  
    0.269       382.83          775.92        3309.51         4899.54         5500.00  
    0.275       378.06          759.70        3223.06         4737.84         5041.49  
    0.281       367.62          764.01        3221.67         4529.90         5074.52  
    0.288       364.86          756.15        3142.51         4463.91         5026.05  
    0.294       353.73          744.94        3104.83         4556.38         4981.34  
    0.300       339.37          750.35        3075.50         4477.34         5056.89  
    0.306       332.47          748.86        3046.11         4504.68         5031.51  
    0.312       331.16          745.84        2943.93         4621.81         4940.50  
    0.319       326.31          746.12        2992.65         4712.28         5431.35  
    0.325       326.02          751.34        3163.04         4712.19         5500.00  
    0.331       332.75          738.69        3173.59         4708.31         5500.00  
    0.338       328.05          756.54        3172.12         4641.25         5500.00  
    0.344       323.13          755.06        3095.50         4633.93         5500.00  
    0.350       321.52          744.39        3005.03         4661.43         5500.00  
    0.356       329.21          750.80        3008.64         4718.35         5171.74  
    0.363       322.41          741.19        2993.89         4340.25         4895.56  
    0.369       318.85          730.34        2842.92         3983.83         5161.53  
    0.375       319.36          724.34        2797.14         3847.76         5219.59  
    0.381       317.85          738.73        2818.80         3861.07         5051.34  
    0.388       320.94          719.00        2901.28         4299.25         5443.28  
    0.394       38.63          374.65        991.59         2987.66         4460.16  
    0.400       0          342.44        667.89         2842.42         4353.30  
    0.406       274.77          602.11        2470.31         4107.30         5362.77  
    0.413       343.98          433.74        2710.62         4219.29         5500.00  
    0.419       235.39          654.63        2715.93         4065.23         5500.00  
    0.425       246.14          709.52        2633.97         3897.35         5500.00  
    0.431       238.95          710.87        2617.53         3850.07         5500.00  
    0.438       203.73          723.87        2641.25         3846.05         5500.00  
    0.444       225.37          751.39        2690.10         4086.72         5500.00  
    0.450       234.05          832.02        2767.93         4131.05         5500.00  
    0.456       268.27          962.57        2716.34         4242.74         5500.00  
    0.463       294.02          1168.51        2731.69         4049.18         5500.00  
    0.469       318.61          1231.26        2879.04         4178.48         5500.00  
    0.475       309.35          1091.54        2856.04         4163.79         5500.00  
    0.481       286.89          954.35        2779.47         4160.46         5500.00  
    0.488       283.52          1140.16        2735.91         4240.07         5500.00  
    