0.025       447.33          874.75        3015.45         3596.24         5500.00  
    0.031       198.10          743.44        1868.52         3260.77         4437.16  
    0.038       309.05          1224.79        1622.31         3192.63         4439.69  
    0.044       567.67          1685.20        2285.85         3511.30         4897.18  
    0.050       579.67          1636.31        2370.08         3693.50         4765.05  
    0.056       554.13          1613.81        2357.28         3658.14         4772.38  
    0.062       528.35          1609.35        2399.99         3551.51         4747.24  
    0.069       525.58          1617.75        2490.42         3510.46         4784.79  
    0.075       527.78          1649.74        2606.73         3559.83         4772.67  
    0.081       526.54          1643.10        2681.83         3572.02         4648.67  
    0.088       522.63          1620.00        2724.32         3482.78         4570.80  
    0.094       519.77          1594.53        2705.28         3391.94         4585.63  
    0.100       516.32          1554.97        2658.35         3458.61         4638.11  
    0.106       514.46          1554.46        2666.92         3619.12         4614.66  
    0.113       511.49          1583.64        2526.31         3620.87         4527.04  
    0.119       506.95          1618.97        2386.21         3530.74         4490.22  
    0.125       510.51          1672.02        2646.09         3476.34         4424.25  
    0.131       523.52          1729.44        2540.30         3282.71         4437.89  
    0.138       234.94          1108.80        2053.97         3126.39         4524.59  
    0.144       0          639.03        1898.01         3158.19         4629.63  
    0.150       0          298.05        1230.51         2473.74         3850.11  
    0.156       324.65          694.93        1529.14         2737.91         4055.37  
    0.163       575.40          1195.20        2328.83         3555.96         4789.46  
    0.169       547.20          1132.85        2478.57         3640.00         4790.93  
    0.175       500.56          1120.41        2548.99         3593.98         4601.92  
    0.181       448.29          1147.98        2470.94         3489.91         4486.40  
    0.188       406.80          1204.75        2440.02         3455.86         4650.68  
    0.194       386.64          1215.68        2387.67         3563.19         4839.95  
    0.200       385.28          1184.42        2423.91         3655.07         5103.98  
    0.206       371.04          1168.08        2585.02         3672.90         5398.33  
    0.213       356.04          1271.48        2861.05         3839.20         5053.23  
    0.219       157.09          815.96        2272.85         3422.60         4678.33  
    0.225       0          402.14        1793.92         2999.74         4666.48  
    0.231       0          293.52        1079.60         2966.93         4382.54  
    0.238       0          320.72        1112.21         2923.55         4117.82  
    0.244       0          405.29        1631.16         2924.52         4171.20  
    0.250       228.47          458.13        2294.48         3618.79         4940.55  
    0.256       384.53          555.88        2828.19         4306.43         4927.24  
    0.263       161.29          489.32        1721.50         3594.47         4387.09  
    0.269       0          410.26        1341.21         2967.33         4374.94  
    0.275       0          416.73        1802.30         3035.20         4383.92  
    0.281       0          416.31        1856.92         3059.45         4263.27  
    0.288       0          407.01        1854.71         3051.41         4182.99  
    0.294       0          177.87        1044.69         2776.94         3661.23  
    0.300       0          216.10        1443.61         2883.18         4037.37  
    0.306       0          384.20        2155.94         3100.03         4625.66  
    0.312       0          396.69        1993.14         3073.94         4606.30  
    0.319       0          397.96        1927.65         3061.67         4585.23  
    