0.025       1233.26          1980.12        2847.96         3926.74         4875.43  
    0.031       1185.99          1931.93        2865.18         3906.54         4889.36  
    0.038       927.30          1579.89        2876.83         3844.20         4859.59  
    0.044       322.96          570.44        1626.13         3239.00         3958.52  
    0.050       279.05          505.63        1880.20         3090.46         4131.04  
    0.056       469.36          870.33        2704.80         3287.65         4728.15  
    0.062       449.12          859.31        2643.81         3300.22         4754.91  
    0.069       423.21          843.09        2667.40         3307.98         4793.39  
    0.075       401.16          825.20        2696.48         3284.55         4789.80  
    0.081       406.66          822.78        2681.35         3292.37         4711.50  
    0.088       420.87          829.11        2687.25         3309.63         4649.98  
    0.094       418.76          821.16        2678.87         3311.44         4651.67  
    0.100       414.77          814.45        2635.61         3311.46         4711.94  
    0.106       406.36          804.56        2624.56         3319.14         4734.18  
    0.113       398.18          794.37        2626.06         3332.08         4681.78  
    0.119       399.56          795.16        2606.29         3332.38         4647.85  
    0.125       396.91          796.48        2588.37         3334.00         4647.85  
    0.131       389.29          793.33        2582.80         3344.41         4686.80  
    0.138       384.16          789.48        2587.06         3358.67         4622.74  
    0.144       379.50          787.83        2602.62         3382.39         4482.09  
    0.150       361.08          784.86        2630.44         3391.92         4568.03  
    0.156       307.70          778.45        2661.79         3383.90         4679.87  
    0.163       172.16          770.84        2713.36         3389.30         4594.42  
    0.169       40.24          324.97        1599.68         3064.18         3931.35  
    0.175       0          0        758.69         2768.21         3661.71  
    0.181       103.87          434.36        1862.61         3362.59         4488.30  
    0.188       278.33          754.30        2772.60         3788.25         4724.78  
    0.194       350.95          752.21        2884.39         3677.09         4636.90  
    0.200       349.80          747.83        2848.47         3590.80         4677.91  
    0.206       348.50          743.11        2776.09         3625.56         4495.23  
    0.213       346.35          734.15        2776.89         3574.76         4302.81  
    0.219       342.52          728.73        2806.65         3423.74         4251.52  
    0.225       338.53          728.99        2812.01         3351.64         4220.84  
    0.231       339.02          726.52        2814.96         3367.12         4227.11  
    0.238       343.99          721.18        2835.94         3447.05         4338.26  
    0.244       342.25          723.61        2909.47         3607.77         4626.59  
    0.250       325.44          722.93        2902.64         3624.90         4481.50  
    0.256       298.95          712.15        2841.91         3582.86         4291.57  
    0.263       296.10          701.95        2848.80         3636.41         4514.59  
    0.269       314.58          691.43        2837.93         3744.90         4862.92  
    0.275       327.83          682.75        2780.39         3751.01         4859.61  
    0.281       329.96          679.92        2738.67         3609.67         4658.86  
    0.288       321.36          675.85        2754.14         3571.02         4511.52  
    0.294       301.22          668.24        2804.00         3711.47         4391.14  
    0.300       286.64          659.19        2815.21         3808.23         4521.85  
    0.306       288.32          649.85        2771.39         3831.77         4866.55  
    0.312       358.45          514.41        2659.64         3769.66         5299.16  
    0.319       172.51          425.40        2639.66         3151.42         4369.76  
    0.325       0          444.42        2721.88         2805.39         3849.02  
    0.331       0          417.42        2647.71         2897.25         4093.95  
    0.338       0          357.69        2427.99         2937.66         4087.33  
    0.344       0          289.70        2553.79         2848.09         3972.29  
    0.350       0          108.97        1278.00         2678.01         3638.08  
    0.356       120.58          765.07        1694.02         3119.56         4268.82  
    0.363       208.40          1572.45        2788.92         3770.45         4630.83  
    0.369       206.81          1898.31        2811.94         4040.81         5056.98  
    0.375       205.32          2001.44        2854.87         3896.75         5098.49  
    0.381       200.62          2001.94        2837.76         3830.42         4864.33  
    0.388       193.61          2017.67        2850.25         3882.27         4828.38  
    0.394       194.57          1997.87        2948.48         3728.69         4800.11  
    0.400       83.57          956.70        2560.56         3327.17         4645.13  
    0.406       0          88.17        2204.08         2776.17         4242.52  
    