0.025       362.44          1249.27        2534.40         3846.54         5500.00  
    0.031       138.98          928.58        1953.68         3157.29         4517.44  
    0.038       0          771.29        1741.20         2760.51         3898.96  
    0.044       0          775.87        1629.14         2852.49         3823.59  
    0.050       0          757.18        1590.19         2945.83         3791.44  
    0.056       0          723.30        1662.52         2951.73         3869.82  
    0.062       0          735.55        1631.15         2939.94         3713.44  
    0.069       395.10          795.46        2317.30         3159.59         4767.13  
    0.075       245.72          651.24        1587.81         3042.44         4212.93  
    0.081       0          538.16        870.94         2917.26         3428.71  
    0.088       0          519.96        867.57         2928.21         3444.80  
    0.094       311.18          721.22        2162.35         3224.02         4713.37  
    0.100       492.07          842.79        2967.50         3382.10         5500.00  
    0.106       475.23          835.35        2926.05         3381.29         5500.00  
    0.113       464.75          827.70        2904.34         3375.18         5500.00  
    0.119       461.66          809.63        2904.34         3373.74         5361.01  
    0.125       459.39          776.05        2903.62         3417.99         5151.12  
    0.131       453.53          737.65        2909.37         3438.89         5083.74  
    0.138       443.53          718.57        2911.95         3406.85         5050.11  
    0.144       436.86          715.51        2933.33         3372.05         4982.64  
    0.150       435.63          720.48        2997.61         3325.97         4978.13  
    0.156       432.83          728.65        3058.98         3230.55         5020.80  
    0.163       431.63          735.90        2954.88         3320.81         5035.55  
    0.169       433.43          746.11        2924.76         3437.59         5023.45  
    0.175       432.43          760.94        2939.36         3464.40         4985.68  
    0.181       423.03          787.35        2912.64         3463.33         4973.06  
    0.188       410.02          811.28        2913.13         3457.97         4987.72  
    0.194       400.23          818.38        2928.43         3462.65         4976.84  
    0.200       395.36          812.75        2941.27         3505.74         4971.20  
    0.206       397.57          799.98        2963.43         3548.74         5020.94  
    0.213       397.95          786.89        2959.20         3532.79         5121.98  
    0.219       383.77          770.36        2983.00         3520.42         5256.45  
    0.225       371.83          751.61        3062.44         3490.75         5174.96  
    0.231       386.49          740.11        3019.40         3548.71         5058.75  
    0.238       415.43          741.29        2970.61         3625.22         5070.65  
    0.244       426.79          756.78        3024.01         3688.13         5040.06  
    0.250       163.64          558.34        1741.05         3312.09         4579.58  
    0.256       0          416.22        869.33         3038.34         4328.15  
    0.263       0          381.87        839.15         3076.91         4092.32  
    0.269       0          354.58        800.49         3113.43         3679.31  
    0.275       210.68          589.25        2282.82         3465.26         4739.79  
    0.281       336.54          721.36        3162.55         3611.18         5500.00  
    0.288       340.25          743.21        3048.61         3755.37         5500.00  
    0.294       349.71          765.21        3081.92         3754.86         5500.00  
    0.300       135.33          503.32        1668.77         3331.71         4340.17  
    0.306       0          335.90        836.37         3094.68         3820.48  
    0.312       0          331.48        849.74         3114.35         3938.56  
    0.319       187.91          634.52        1950.91         3143.00         4049.54  
    0.325       294.52          958.46        2504.78         3117.69         4148.91  
    0.331       283.89          926.28        2750.94         3256.64         4153.36  
    0.338       291.70          767.48        2939.26         3666.21         4033.92  
    0.344       294.97          699.02        2898.27         3337.96         4208.65  
    0.350       288.22          727.49        2702.56         3034.87         4405.78  
    0.356       109.39          480.39        1537.70         2998.91         4374.23  
    0.363       0          310.15        778.64         2929.56         4220.80  
    0.369       188.31          520.86        2075.49         3449.37         4775.02  
    0.375       306.26          730.10        2939.76         3752.95         4898.48  
    0.381       320.34          840.25        2937.73         3802.99         4658.29  
    0.388       126.07          544.14        1801.52         3342.42         4641.21  
    0.394       0          356.35        1616.16         2974.48         4412.81  
    0.400       0          358.97        2237.47         2859.22         4226.56  
    0.406       0          135.25        1087.61         2763.58         3667.85  
    