0.025       0          1465.85        2065.62         2926.16         4191.87  
    0.031       0          1442.63        1963.22         3141.68         4270.41  
    0.038       0          655.95        2316.32         3374.39         4226.82  
    0.044       513.73          819.43        2582.22         3810.45         4645.55  
    0.050       498.07          989.69        2621.45         3787.50         4248.77  
    0.056       506.88          996.82        2618.79         3782.81         4007.80  
    0.062       532.76          1004.49        2590.39         3737.33         3994.85  
    0.069       546.93          1012.30        2536.12         3746.32         4044.66  
    0.075       550.08          1011.35        2525.27         3744.01         4082.05  
    0.081       552.01          1008.20        2530.13         3737.34         3983.92  
    0.088       549.43          1009.06        2512.27         3706.11         3983.40  
    0.094       544.73          1012.35        2518.41         3668.13         4055.14  
    0.100       539.06          1013.75        2480.64         3684.71         3996.41  
    0.106       531.43          1018.19        2433.38         3676.80         4140.71  
    0.113       524.45          997.35        2444.85         3691.03         4226.55  
    0.119       518.75          988.43        2394.66         3718.55         4134.23  
    0.125       514.12          990.99        2312.01         3755.89         4011.17  
    0.131       512.43          1012.38        2254.26         3742.86         4019.19  
    0.138       514.14          1024.06        2353.74         3720.46         4068.84  
    0.144       513.11          1014.65        2383.75         3717.13         4099.96  
    0.150       508.70          994.33        2387.43         3676.30         4135.48  
    0.156       504.60          959.41        2444.08         3743.19         4122.43  
    0.163       499.36          941.43        2452.56         3764.87         4100.20  
    0.169       493.62          936.02        2358.28         3736.04         4027.73  
    0.175       483.32          929.67        2359.96         3654.67         4058.35  
    0.181       469.40          901.40        2418.52         3604.82         4012.02  
    0.188       456.97          858.74        2477.67         3526.02         3984.96  
    0.194       450.33          832.06        2528.72         3607.01         3958.87  
    0.200       445.49          823.38        2480.57         3616.93         3930.01  
    0.206       439.24          804.84        2479.96         3631.80         4021.02  
    0.213       436.68          761.94        2504.92         3653.22         4055.37  
    0.219       434.81          725.02        2534.95         3518.71         4045.10  
    0.225       422.94          722.61        2496.82         3516.55         4101.94  
    0.231       404.36          731.29        2457.75         3620.65         4091.78  
    0.238       396.17          738.87        2481.03         3619.92         4097.51  
    0.244       392.68          739.47        2429.47         3516.93         4091.19  
    0.250       402.65          738.15        2466.38         3505.44         4095.46  
    0.256       402.27          751.71        2547.59         3442.00         4265.02  
    0.263       385.65          751.05        2616.15         3432.28         4238.97  
    0.269       376.44          751.66        2537.81         3452.25         4198.81  
    0.275       362.94          747.72        2510.54         3512.70         4169.44  
    0.281       327.80          744.47        2574.24         3497.90         4159.43  
    0.288       279.36          700.27        2562.60         3500.05         4311.99  
    0.294       284.66          599.02        2444.15         3510.13         4346.25  
    0.300       139.04          698.04        2483.05         3437.36         4425.21  
    0.306       170.34          1115.02        3083.71         4015.81         5419.32  
    0.312       172.66          1286.67        3094.99         3957.37         5500.00  
    0.319       158.35          1408.09        2964.59         3909.51         5500.00  
    0.325       137.90          1391.59        2589.31         3729.95         4613.19  
    0.331       132.75          1312.48        2337.28         3558.86         4542.54  
    0.338       107.33          1426.20        2681.82         3492.52         4496.91  
    0.344       155.09          1410.99        2824.99         3571.77         4397.99  
    