0.025       535.62          750.47        3028.00         3650.31         4900.40  
    0.031       543.87          700.75        2978.33         3621.20         4924.64  
    0.038       546.79          678.18        2899.93         3579.58         4953.15  
    0.044       548.60          693.30        2883.52         3589.52         4918.42  
    0.050       545.16          719.34        2892.67         3615.94         4970.35  
    0.056       522.48          775.52        2871.71         3642.95         4997.33  
    0.062       510.13          694.11        2866.98         3696.11         4849.89  
    0.069       254.94          297.29        1751.45         3311.38         4241.32  
    0.075       114.24          318.42        1768.55         3295.82         4234.62  
    0.081       337.54          639.07        2909.91         3729.32         4902.94  
    0.088       223.30          320.65        1775.40         3350.90         4427.00  
    0.094       152.07          329.92        1823.30         3303.72         4555.39  
    