0.025       802.77          1570.38        2546.32         3639.26         5500.00  
    0.031       339.86          1048.73        1982.84         3073.34         4777.90  
    0.038       372.38          992.64        2017.13         2848.79         4969.86  
    0.044       655.03          1277.11        2490.24         3125.58         5436.18  
    0.050       654.87          1441.23        2671.30         3305.45         5453.14  
    0.056       582.05          1467.45        2827.09         3121.06         5500.00  
    0.062       529.83          1219.91        2842.15         3138.30         5373.64  
    0.069       525.28          1048.05        2774.27         3375.18         5208.01  
    0.075       527.05          993.33        2770.18         3474.01         5188.23  
    0.081       534.93          958.84        2801.46         3558.13         5230.90  
    0.088       534.79          937.56        2850.59         3644.35         5319.14  
    0.094       529.81          913.83        2855.94         3634.82         5206.37  
    0.100       530.36          889.35        2851.83         3656.34         4940.58  
    0.106       554.96          861.04        2842.38         3567.29         4931.18  
    0.113       565.89          849.93        2822.20         3450.90         4994.47  
    0.119       561.14          824.20        2812.42         3437.81         4971.20  
    0.125       541.63          810.29        2845.98         3428.97         4954.76  
    0.131       530.05          800.46        2898.56         3423.49         4957.93  
    0.138       517.55          785.74        2912.66         3398.80         4941.59  
    0.144       477.98          792.50        2908.63         3357.48         4890.56  
    0.150       439.51          816.65        2906.99         3333.77         4837.28  
    0.156       407.99          815.90        2861.09         3326.73         4815.89  
    0.163       347.88          781.76        2796.18         3328.70         4859.21  
    0.169       132.91          323.35        1579.65         3011.95         4003.56  
    0.175       0          0        680.56         2792.52         3357.18  
    0.181       0          0        645.19         2808.49         3360.46  
    0.188       0          0        589.32         2809.80         3341.60  
    0.194       0          0        531.38         2803.54         3318.97  
    0.200       0          0        498.15         2811.83         3295.73  
    0.206       0          0        474.74         2795.29         3324.28  
    0.213       0          0        458.24         2748.56         3370.16  
    0.219       0          0        452.74         2716.03         3360.46  
    0.225       0          250.14        1727.94         3091.23         4436.29  
    0.231       0          414.91        2653.31         3396.90         5280.47  
    0.238       0          384.45        2652.52         3426.26         5359.42  
    0.244       0          370.14        2641.64         3443.20         5233.00  
    0.250       0          364.49        2600.61         3432.01         5336.82  
    0.256       0          153.04        1303.76         2937.70         4317.90  
    0.263       0          0        396.21         2611.36         3461.76  
    0.269       0          0        437.57         2614.44         3496.13  
    0.275       0          0        488.67         2609.83         3515.92  
    0.281       0          0        529.12         2625.17         3519.78  
    0.288       0          0        519.70         2645.75         3517.87  
    0.294       0          274.94        1709.27         3161.73         3676.13  
    0.300       0          201.86        1371.45         2979.22         3644.51  
    0.306       0          258.69        1735.51         3142.20         4059.98  
    0.312       0          440.00        2795.56         3441.94         3936.56  
    0.319       0          403.23        2847.78         3466.68         3650.51  
    0.325       0          161.24        1418.38         3168.36         3648.21  
    0.331       0          211.71        1755.36         3235.74         3626.68  
    0.338       0          359.85        2501.14         3565.18         3836.46  
    0.344       0          150.08        1276.29         2957.58         3829.51  
    0.350       0          335.43        1641.14         2715.43         3824.78  
    0.356       0          524.07        2537.75         2784.45         3932.32  
    0.363       0          456.30        2635.19         2701.07         3964.65  
    0.369       139.00          440.66        2658.83         3364.89         4852.69  
    0.375       213.51          794.76        2678.17         3880.61         5500.00  
    0.381       181.42          1155.78        2686.03         3899.73         5500.00  
    0.388       121.16          1110.28        2688.89         3982.21         5500.00  
    0.394       122.21          1333.27        2739.59         4113.20         5340.17  
    0.400       156.66          1664.27        2765.91         4076.39         5199.09  
    0.406       137.71          1673.82        2747.04         3971.15         5365.23  
    