0.025       0          604.29        1619.52         2888.64         3981.67  
    0.031       458.66          1069.99        2285.54         3491.97         5119.94  
    0.038       523.65          606.03        2420.19         3642.76         5085.11  
    0.044       514.40          822.62        2475.96         3789.34         5058.43  
    0.050       481.49          845.00        2454.16         3592.94         5012.99  
    0.056       495.07          774.10        2465.17         3613.95         4975.13  
    0.062       504.20          727.35        2476.32         3693.74         4915.88  
    0.069       516.23          747.71        2504.93         3745.95         4918.29  
    0.075       520.48          966.14        2469.97         3814.96         5012.03  
    0.081       519.12          1157.77        2460.43         3879.65         5177.52  
    0.088       525.62          1174.42        2432.62         3777.23         4938.38  
    0.094       527.97          1175.52        2415.91         3611.02         4933.66  
    0.100       533.02          1202.73        2422.38         3589.15         4859.47  
    0.106       535.47          1226.09        2456.47         3579.01         4795.07  
    0.113       541.16          1236.93        2469.50         3566.58         4766.39  
    0.119       547.48          1253.16        2499.76         3595.83         4743.27  
    0.125       551.73          1304.82        2540.59         3642.21         4705.10  
    0.131       555.00          1299.26        2520.51         3733.78         4653.07  
    0.138       555.37          1252.06        2490.93         3682.77         4787.29  
    0.144       561.62          1228.13        2506.17         3698.61         4847.92  
    0.150       560.09          1185.36        2508.53         3728.39         4749.80  
    0.156       541.93          1176.70        2537.11         3622.46         4721.88  
    0.163       529.25          1180.11        2543.98         3572.43         4657.60  
    0.169       524.95          1167.40        2526.91         3548.80         4571.79  
    0.175       499.23          1149.59        2508.10         3513.10         4629.78  
    0.181       485.16          1083.88        2499.64         3551.94         4756.45  
    0.188       458.36          1071.37        2486.46         3617.92         4807.67  
    0.194       437.70          977.34        2481.73         3605.09         4706.14  
    0.200       428.67          815.40        2484.34         3566.72         4688.54  
    0.206       424.96          689.75        2520.53         3547.55         4746.21  
    0.213       363.72          738.37        2520.79         3463.88         4729.26  
    0.219       354.00          747.35        2506.85         3523.82         4668.65  
    0.225       354.35          725.98        2499.03         3508.06         4553.29  
    0.231       361.59          695.83        2519.76         3478.17         4485.39  
    0.238       344.39          694.29        2559.00         3484.62         4468.35  
    0.244       322.01          711.75        2520.16         3485.77         4485.70  
    0.250       346.64          616.39        2551.23         3519.47         4488.44  
    0.256       350.44          635.86        2563.64         3521.58         4479.70  
    0.263       358.31          627.18        2520.18         3487.52         4519.37  
    0.269       364.16          585.12        2538.15         3487.01         4539.22  
    0.275       328.22          642.97        2640.84         3583.26         4454.32  
    0.281       352.97          521.57        2625.69         3574.21         4429.58  
    0.288       346.42          542.72        2573.75         3516.91         4488.22  
    0.294       341.14          596.04        2625.92         3526.85         4532.32  
    0.300       363.33          514.11        2558.44         3521.93         4606.12  
    0.306       337.85          763.60        2596.14         3467.45         4620.55  
    0.312       332.63          385.58        2626.59         3471.99         4546.22  
    0.319       25.10          379.69        2661.05         3329.27         4506.20  
    0.325       0          597.72        2698.63         2927.50         4472.88  
    0.331       0          428.58        2432.37         3099.26         4482.18  
    0.338       0          319.31        2124.52         3278.44         4531.95  
    0.344       226.17          1570.09        2712.97         3521.70         4646.67  
    