0.025       861.29          1703.20        2751.32         3829.80         4743.64  
    0.031       282.99          1209.69        2528.02         3507.31         4639.41  
    0.038       515.61          1570.49        2345.54         3399.22         4667.86  
    0.044       252.32          1437.81        2315.02         3471.20         4662.43  
    0.050       0          1190.78        2357.03         3464.80         4588.94  
    0.056       0          1216.88        2429.56         3467.25         4530.30  
    0.062       575.13          1653.08        2775.14         3867.62         5176.03  
    0.069       831.38          1809.86        3036.90         3847.32         5302.78  
    0.075       591.19          1606.36        2832.32         3689.02         5117.34  
    0.081       157.61          1404.52        2544.42         3625.08         4962.61  
    0.088       313.45          1398.52        2719.05         3976.18         5305.55  
    0.094       153.39          467.46        1828.21         3215.56         4551.10  
    0.100       0          0        1448.16         2931.68         4036.92  
    0.106       0          712.42        1686.77         3030.45         4222.35  
    0.113       0          1074.16        2007.22         3044.05         4278.62  
    0.119       0          1317.99        2203.81         3326.36         4323.51  
    0.125       473.80          1548.48        2661.08         3777.70         4614.73  
    0.131       231.86          1334.29        2640.75         3791.61         4814.38  
    0.138       510.66          1624.07        2770.81         3716.30         4903.42  
    0.144       785.14          1736.55        2825.83         3937.10         5265.87  
    0.150       261.93          688.36        2029.47         3324.45         4624.82  
    0.156       0          1004.92        1991.19         3057.85         4282.37  
    0.163       0          459.94        1642.25         2632.52         3774.85  
    0.169       618.24          1053.94        2354.13         3050.74         4339.31  
    0.175       302.54          1083.50        2233.43         3278.85         4492.10  
    0.181       0          1011.30        2226.34         3194.67         4380.76  
    0.188       0          358.93        1742.52         2915.63         3882.59  
    0.194       0          0        1517.09         2823.57         3651.34  
    0.200       0          937.99        2098.59         3219.89         4296.49  
    0.206       497.00          1679.89        2751.10         3753.13         4789.87  
    0.213       708.28          1847.14        3046.16         3918.14         4913.56  
    0.219       631.38          1763.29        3006.03         4026.61         4913.46  
    0.225       197.60          1475.74        2262.18         3305.51         4459.68  
    0.231       0          1375.49        1836.70         2854.01         4220.70  
    0.238       366.28          1669.85        2516.01         3729.71         5076.28  
    0.244       665.72          1783.11        2904.64         3883.10         5210.37  
    0.250       600.24          1647.56        2829.98         3706.48         5046.62  
    0.256       177.24          521.65        1955.76         3024.38         4098.79  
    0.263       0          907.07        2076.83         3250.24         4421.91  
    0.269       0          1408.08        2419.38         3497.00         4707.57  
    0.275       0          1548.45        2379.48         3238.41         4532.68  
    0.281       0          1374.18        2243.13         3403.36         4634.96  
    0.288       535.11          1686.34        3022.41         3489.97         4959.30  
    0.294       740.83          1786.63        3031.33         3549.58         5060.03  
    0.300       234.39          1438.13        2413.36         3445.66         4605.15  
    0.306       0          1243.60        2385.94         3459.84         4513.44  
    0.312       410.40          1495.20        2704.15         3810.14         4818.06  
    0.319       751.23          1700.18        2825.91         3988.89         5058.04  
    0.325       269.34          1237.25        2142.23         3392.40         4521.32  
    0.331       0          1078.07        2125.30         3306.18         4424.77  
    0.338       0          955.80        2576.95         3446.91         4235.04  
    0.344       0          287.77        1440.07         3097.12         3737.83  
    0.350       0          0        788.57         2804.74         3497.95  
    0.356       0          0        819.25         2792.85         3468.34  
    0.363       299.95          673.04        2227.55         3241.88         4406.91  
    0.369       453.85          963.53        2789.79         3431.70         4789.60  
    0.375       150.26          310.34        1405.90         2976.86         3884.76  
    0.381       0          0        732.22         2796.44         3496.52  
    0.388       223.41          490.57        2013.37         3281.53         4391.05  
    0.394       109.33          240.06        1354.19         2974.52         3966.77  
    0.400       323.60          614.01        2219.06         3254.68         4397.12  
    0.406       461.23          897.04        2768.29         3500.39         4815.65  
    0.413       435.16          880.91        2673.35         3502.88         4853.66  
    0.419       418.59          877.35        2645.44         3518.05         4865.58  
    0.425       413.61          853.92        2628.62         3539.80         4905.22  
    0.431       381.47          871.42        2731.28         3548.13         4820.38  
    0.438       120.23          290.99        1457.20         2925.02         3955.90  
    0.444       0          0        806.92         2589.09         3571.08  
    0.450       80.27          566.46        1999.88         3271.69         4437.01  
    0.456       39.28          277.21        1395.05         2883.24         4020.55  
    0.463       0          0        799.44         2532.90         3611.43  
    0.469       0          0        801.99         2547.71         3632.56  
    0.475       0          0        800.31         2506.91         3655.41  
    0.481       0          0        775.21         2434.22         3670.52  
    0.488       0          489.92        1795.28         3224.75         4485.06  
    0.494       0          239.75        1254.01         2821.23         4025.96  
    0.500       0          0        755.08         2473.63         3619.08  
    0.506       245.08          357.45        1970.68         3294.93         4402.85  
    0.513       302.65          905.04        2568.32         3687.71         4823.12  
    0.519       89.41          357.29        1367.71         2915.51         4053.38  
    0.525       161.12          790.72        2038.66         3277.26         4438.98  
    0.531       199.37          1418.65        2668.43         3728.55         4846.35  
    0.537       159.36          1569.20        2668.24         3888.21         4853.39  
    0.544       137.57          1638.02        2693.08         3955.10         4918.65  
    0.550       43.28          546.71        1949.57         3133.45         4253.90  
    0.556       0          0        1583.44         2749.75         3911.71  
    0.562       0          0        1574.65         2770.87         3940.52  
    0.569       0          0        1585.94         2766.73         3817.55  
    0.575       0          941.58        1724.98         2839.15         3952.75  
    0.581       0          1366.91        2473.50         3090.73         4134.21  
    0.588       0          443.43        1717.86         2876.54         3952.71  
    0.594       486.18          898.56        2251.32         3485.08         4590.40  
    0.600       237.92          1002.63        2518.73         3720.29         5096.77  
    0.606       552.13          1778.77        2493.01         3709.76         4973.08  
    0.613       652.23          1993.63        2630.55         3819.92         4966.30  
    0.619       474.30          1808.40        2830.35         3891.58         4958.08  
    0.625       617.34          1778.94        2965.78         3939.51         4854.80  
    0.631       682.44          1512.55        2649.20         3851.89         4896.25  
    0.638       219.80          1195.84        2147.66         3377.00         4495.08  
    0.644       0          1223.14        2153.80         3052.57         4302.18  
    0.650       0          1212.23        2442.83         3049.22         4398.50  
    0.656       0          1204.50        2532.55         3374.30         4737.78  
    0.663       0          1146.45        2366.88         3420.32         4466.61  
    0.669       540.98          1466.32        2666.24         3917.54         5012.99  
    0.675       685.40          1598.66        2885.97         4105.26         5074.27  
    0.681       205.86          1452.68        2371.84         3537.24         4559.43  
    0.688       0          1356.96        2144.82         3396.38         4369.10  
    0.694       0          1287.44        2187.36         3384.37         4416.31  
    0.700       0          1301.65        2317.00         3308.09         4483.85  
    0.706       0          1065.24        2308.71         3377.34         4624.71  
    0.713       477.46          1476.00        2747.17         3644.30         4838.82  
    0.719       721.26          1727.46        3025.47         3814.56         5307.70  
    0.725       238.61          846.61        2346.97         3274.29         4550.87  
    0.731       0          552.94        2069.16         3282.74         4342.63  
    0.738       481.41          1499.93        2754.31         3910.45         5160.92  
    0.744       580.43          1759.29        2939.06         4082.18         5282.45  
    0.750       168.76          550.43        2004.99         2519.14         4094.56  
    0.756       0          606.48        1949.85         2930.82         4347.48  
    0.763       0          968.88        2310.18         3400.22         4587.10  
    0.769       562.36          1198.94        2414.88         3293.34         4706.67  
    