0.025       0          0        597.40         2593.74         3331.81  
    0.031       409.44          477.90        2325.08         3266.26         4985.56  
    0.038       59.31          69.23        823.37         2676.32         3570.88  
    0.044       0          571.52        2241.25         3201.58         5070.15  
    0.050       0          660.20        2456.33         3288.52         4633.97  
    0.056       0          681.35        2455.28         3328.32         4246.24  
    0.062       0          86.58        932.46         2581.09         3458.38  
    0.069       345.11          649.45        2238.43         3196.28         5093.29  
    0.075       370.56          742.12        2486.00         3314.25         5335.72  
    0.081       395.91          749.39        2543.95         3331.19         5343.26  
    0.088       403.52          757.76        2570.91         3298.01         5285.15  
    0.094       402.19          753.79        2537.68         3306.72         5263.13  
    0.100       402.60          734.85        2531.73         3323.72         5287.51  
    0.106       422.98          718.56        2473.00         3309.72         5280.91  
    0.113       440.37          729.97        2456.40         3300.57         5257.15  
    0.119       419.41          850.16        2446.94         3283.39         5269.89  
    0.125       411.64          928.42        2462.07         3280.24         5248.97  
    0.131       409.12          986.18        2477.96         3318.95         5234.05  
    0.138       396.05          1127.25        2490.40         3364.57         5315.51  
    0.144       381.30          1238.42        2446.87         3394.40         5478.18  
    0.150       373.56          1277.69        2415.17         3383.59         5500.00  
    0.156       370.53          1300.45        2428.70         3355.47         5378.07  
    0.163       369.02          1390.03        2479.21         3336.29         5482.34  
    0.169       374.58          1268.05        2063.77         3348.98         5500.00  
    0.175       390.63          682.63        2300.87         3404.43         5500.00  
    0.181       389.55          517.00        2503.20         3389.98         5500.00  
    0.188       341.78          537.88        2640.82         3374.14         5500.00  
    0.194       326.53          543.54        2673.48         3385.10         5500.00  
    0.200       338.40          518.71        2640.61         3377.81         5500.00  
    0.206       327.16          540.11        2613.98         3381.99         5500.00  
    0.213       327.91          507.42        2544.83         3383.99         5417.01  
    0.219       310.56          563.83        2661.38         3388.95         5487.98  
    0.225       287.12          588.39        2742.53         3389.18         5500.00  
    0.231       35.95          328.27        878.14         3383.35         3652.07  
    0.238       0          346.06        664.06         3399.96         3403.64  
    0.244       322.64          506.91        2687.82         3432.04         5235.10  
    0.250       46.74          66.94        727.29         2829.84         3737.56  
    0.256       0          0        390.15         2894.79         3423.49  
    0.263       283.24          355.33        2540.22         3329.65         5236.18  
    0.269       303.13          462.90        2850.38         3390.84         5500.00  
    0.275       273.04          398.70        2894.06         3400.78         5306.10  
    0.281       189.56          422.73        2891.35         3415.41         4931.25  
    0.288       22.53          54.12        715.01         2938.52         3598.88  
    0.294       0          0        402.43         2702.26         3424.86  
    0.300       0          359.95        1965.11         3305.38         4657.88  
    0.306       0          52.14        625.76         2903.97         3591.12  
    0.312       0          0        394.09         2631.70         3451.28  
    0.319       0          355.40        2091.22         3348.36         4913.99  
    0.325       0          446.22        2312.51         3529.11         5272.86  
    0.331       0          456.62        2315.94         3532.34         5174.50  
    0.338       0          507.92        2227.46         3485.84         5166.83  
    0.344       0          523.58        2153.26         3272.47         4627.90  
    0.350       0          653.92        2041.83         2836.22         4155.81  
    0.356       0          706.14        1863.31         2404.88         3779.19  
    0.363       0          719.88        1893.44         2370.30         3614.33  
    0.369       0          704.19        1950.99         2394.74         3832.57  
    0.375       0          557.65        2118.17         2602.27         4503.57  
    0.381       0          255.38        2128.62         2919.05         4421.10  
    0.388       0          297.29        2075.85         3087.94         4342.43  
    0.394       0          336.42        2063.14         3011.78         4353.57  
    0.400       0          43.06        514.06         2394.90         4269.05  
    0.406       0          0        298.77         2327.44         3726.21  
    0.413       272.90          698.37        2130.61         3246.55         4833.64  
    