0.025       0          620.82        2576.62         3256.12         3859.94  
    0.031       0          630.91        2602.69         3278.71         3866.98  
    0.038       0          638.18        2629.36         3234.94         3926.59  
    0.044       0          641.86        2652.96         3219.35         3885.88  
    0.050       0          649.31        2619.99         3254.85         3777.15  
    0.056       0          659.83        2570.37         3237.81         3763.83  
    0.062       0          669.20        2556.66         3224.52         3849.17  
    0.069       0          679.34        2582.42         3214.00         3910.29  
    0.075       0          688.54        2656.32         3263.71         3892.56  
    0.081       0          693.12        2696.97         3308.22         3826.90  
    0.088       0          207.57        1299.21         2895.30         3557.46  
    0.094       0          0        704.64         2717.47         3622.91  
    0.100       0          0        707.51         2714.05         3650.01  
    0.106       0          0        710.91         2706.89         3507.69  
    0.113       0          0        714.82         2685.91         3405.23  
    0.119       0          0        717.63         2645.50         3391.77  
    0.125       0          0        719.36         2596.98         3348.59  
    0.131       0          0        718.80         2578.50         3332.14  
    0.138       0          0        712.50         2603.31         3378.69  
    0.144       0          0        700.21         2638.57         3397.32  
    0.150       0          0        679.27         2669.21         3418.66  
    0.156       0          0        636.97         2720.19         3478.63  
    0.163       0          0        548.33         2778.00         3650.41  
    0.169       0          296.07        2120.51         2913.63         3797.33  
    0.175       0          403.57        2689.81         3117.65         3989.90  
    0.181       0          404.94        2641.28         3228.68         4227.33  
    