0.025       0          0        805.75         2387.86         3874.58  
    0.031       515.21          641.28        2181.49         3872.80         4572.21  
    0.038       532.59          848.55        2360.42         4070.22         4660.22  
    0.044       512.25          715.94        2353.43         4291.39         4584.86  
    0.050       249.32          527.68        2343.98         4468.58         4538.09  
    0.056       459.27          832.07        2372.82         4495.78         4614.42  
    0.062       477.16          916.26        2380.54         4502.63         4728.21  
    0.069       491.46          865.59        2349.27         4529.50         4773.41  
    0.075       498.64          712.63        2335.92         4517.73         5412.86  
    0.081       481.82          877.34        2353.08         4511.88         4726.56  
    0.088       467.27          912.07        2356.39         4161.87         4551.73  
    0.094       463.46          912.25        2355.95         3857.37         4719.12  
    0.100       463.31          908.79        2365.94         3935.17         4768.89  
    0.106       466.15          903.47        2365.49         4020.03         4834.04  
    0.113       476.15          893.35        2355.88         3736.75         4846.38  
    0.119       488.66          878.16        2354.00         3564.59         4888.68  
    0.125       481.53          879.32        2354.75         3460.31         5000.16  
    0.131       484.27          857.41        2354.49         3452.80         4954.54  
    0.138       535.23          667.08        2354.66         3492.15         4783.73  
    0.144       523.75          720.36        2356.28         3467.51         4697.76  
    0.150       470.44          837.55        2347.10         3419.11         4598.08  
    0.156       458.48          843.11        2349.16         3411.62         4609.19  
    0.163       472.48          811.52        2351.84         3446.39         4824.90  
    0.169       470.24          788.63        2349.95         3455.53         4922.17  
    0.175       471.85          792.73        2325.99         3461.44         4965.20  
    0.181       500.24          760.43        2293.34         3446.76         4841.50  
    0.188       470.50          776.60        2321.25         3436.26         4669.23  
    0.194       490.72          733.25        2329.84         3430.51         4740.23  
    0.200       492.28          718.68        2340.16         3395.61         4882.60  
    0.206       461.66          716.58        2366.16         3400.25         4708.74  
    0.213       446.58          682.59        2371.40         3401.32         4689.19  
    0.219       483.82          586.59        2327.64         3330.62         4713.03  
    0.225       238.33          504.15        2259.39         3365.68         4691.70  
    0.231       393.10          471.68        2296.54         3421.57         4761.58  
    0.238       421.23          561.43        2274.03         3356.02         4837.97  
    0.244       380.47          668.95        2290.72         3287.69         4817.79  
    0.250       370.02          607.94        2298.65         3294.85         4670.23  
    0.256       44.56          72.11        598.64         2312.08         3358.03  
    0.263       0          336.25        1978.83         2477.64         4469.01  
    0.269       0          348.02        2065.37         2553.02         4611.47  
    0.275       0          41.41        549.45         2106.74         3244.15  
    0.281       0          0        337.21         1981.55         3157.68  
    0.288       0          0        327.44         1919.00         3183.69  
    0.294       0          0        300.63         1919.68         3168.68  
    0.300       0          286.74        1782.44         2855.09         4423.12  
    0.306       0          303.90        1988.14         2972.91         4708.23  
    0.312       241.28          1229.12        1939.07         3224.19         4692.50  
    0.319       33.10          163.64        477.42         2011.11         3275.23  
    0.325       232.96          1619.13        2455.38         2857.02         4502.87  
    