0.025       0          463.65        840.44         2652.53         3616.29  
    0.031       443.30          737.47        2559.05         3548.95         3800.10  
    0.038       492.84          815.91        2622.61         3588.46         4045.31  
    0.044       489.17          839.42        2636.95         3594.10         4583.60  
    0.050       483.76          839.56        2649.73         3589.22         5092.03  
    0.056       482.30          846.62        2632.68         3591.92         4779.47  
    0.062       483.64          841.94        2608.84         3603.61         4588.72  
    0.069       473.20          849.45        2598.23         3605.71         4236.88  
    0.075       474.30          863.77        2602.97         3612.14         4565.92  
    0.081       473.44          862.88        2612.16         3585.78         4821.40  
    0.088       473.95          855.08        2620.65         3520.88         5027.13  
    0.094       479.49          844.58        2632.43         3508.53         4966.02  
    0.100       478.44          834.31        2648.97         3532.26         4582.52  
    0.106       478.71          778.95        2647.36         3569.20         4728.29  
    0.113       416.06          495.54        2659.11         3564.39         4868.16  
    0.119       19.20          22.40        582.67         2694.20         3617.49  
    0.125       453.93          631.54        2547.04         3513.83         4633.05  
    0.131       465.50          760.35        2631.70         3538.56         5012.07  
    0.138       460.43          663.06        2619.60         3545.27         4915.90  
    0.144       457.47          655.72        2633.97         3528.05         4815.99  
    0.150       451.97          613.59        2680.24         3533.66         4888.89  
    0.156       366.44          456.04        2672.59         3550.64         4918.25  
    0.163       441.00          582.85        2660.01         3543.52         4976.64  
    0.169       430.29          445.24        2650.70         3539.54         4950.34  
    0.175       19.97          20.37        531.43         2684.21         3614.19  
    0.181       408.34          505.28        2561.20         3527.54         4780.58  
    0.188       424.21          552.46        2718.08         3559.90         4914.08  
    0.194       415.64          583.58        2741.23         3544.51         5016.97  
    0.200       408.72          586.49        2747.46         3574.24         5025.37  
    0.206       390.37          605.78        2746.46         3601.44         5049.15  
    0.213       400.53          556.87        2811.44         3586.08         5184.80  
    0.219       397.76          625.44        2802.57         3572.40         5165.47  
    0.225       375.34          612.50        2835.07         3582.76         5236.90  
    0.231       370.28          530.23        2843.86         3596.17         5272.58  
    0.238       355.80          551.03        2766.26         3597.11         5123.65  
    0.244       329.92          649.78        2789.94         3620.21         5076.23  
    0.250       359.25          667.71        2828.69         3635.80         5002.05  
    0.256       396.51          667.09        2808.21         3634.34         4972.17  
    0.263       403.09          602.18        2795.25         3624.49         5020.06  
    0.269       426.69          550.36        2731.95         3626.87         4972.77  
    0.275       396.68          541.34        2783.91         3683.74         5015.45  
    0.281       376.74          626.64        2770.00         3701.39         4974.86  
    0.288       383.28          609.67        2661.28         3619.69         5016.17  
    0.294       338.21          965.03        2697.91         3596.97         5097.00  
    