0.025       0          853.84        2605.39         4165.64         4864.30  
    0.031       0          70.48        1003.32         2931.75         4308.08  
    0.038       327.77          839.32        2742.14         4160.68         4939.52  
    0.044       357.94          859.80        2912.47         4188.24         4922.49  
    0.050       404.24          854.64        2922.97         4083.24         4920.66  
    0.056       431.07          875.00        2885.52         4093.61         4939.31  
    0.062       450.98          884.87        2911.39         4112.64         4894.04  
    0.069       455.75          886.31        2949.12         4083.01         4856.14  
    0.075       460.96          886.54        2937.56         4021.74         4832.21  
    0.081       470.73          891.55        2772.92         3916.14         4849.87  
    0.088       485.26          924.01        2620.59         3791.36         4875.58  
    0.094       491.48          939.17        2687.98         3742.28         4891.33  
    0.100       489.52          897.07        2736.13         3972.07         4940.96  
    0.106       480.98          864.46        2701.63         4061.83         4932.14  
    0.113       470.42          857.50        2767.82         4066.25         4855.64  
    0.119       456.92          862.99        2796.21         4075.01         4851.53  
    0.125       448.15          867.37        2806.27         4051.55         4860.66  
    0.131       447.02          871.71        2822.32         4031.68         4893.52  
    0.138       441.02          878.29        2839.92         4058.07         4903.15  
    0.144       438.24          880.88        2875.30         4032.22         4947.33  
    0.150       438.39          877.61        2861.74         3988.96         4962.70  
    0.156       429.97          874.40        2849.63         3980.02         4881.84  
    0.163       420.83          871.77        2847.66         3990.34         4740.51  
    0.169       421.55          864.56        2852.24         4033.88         4703.34  
    0.175       423.19          859.84        2871.61         4048.12         4761.77  
    0.181       422.75          854.80        2915.58         4012.28         4742.45  
    0.188       428.75          849.03        2953.91         4002.68         4703.70  
    0.194       428.66          842.72        2878.06         4034.65         4736.42  
    0.200       425.44          845.88        2824.60         3991.36         4813.77  
    0.206       425.44          851.64        2835.58         3950.48         4886.10  
    0.213       431.91          852.10        3035.07         3955.60         4894.07  
    0.219       430.92          854.80        3139.63         3994.74         4841.18  
    0.225       428.01          853.78        3162.75         3940.57         4751.70  
    0.231       432.31          847.85        3039.22         3918.51         4728.51  
    0.238       433.10          838.27        2947.84         3924.31         4782.00  
    0.244       425.52          826.90        3017.17         3938.85         4823.40  
    0.250       421.74          812.26        2947.45         3900.22         4828.33  
    0.256       428.04          798.07        2936.99         3900.17         4957.47  
    0.263       425.43          788.83        2879.81         3904.11         5010.42  
    0.269       415.64          775.50        2825.66         3855.34         5019.57  
    0.275       390.10          752.97        2911.18         3853.99         5058.40  
    0.281       377.68          746.88        2943.26         3781.53         5035.07  
    0.288       370.41          739.90        3044.42         3833.73         4988.68  
    0.294       371.87          738.60        3086.27         3821.09         5024.27  
    0.300       373.00          730.80        2936.36         3811.21         4979.84  
    0.306       361.36          727.28        2889.20         3811.29         4973.91  
    0.312       351.88          735.75        2885.15         3836.03         4942.67  
    0.319       337.62          751.29        2887.87         3911.58         4940.64  
    0.325       325.47          763.30        2890.62         3966.93         4886.50  
    0.331       325.13          766.45        3070.32         3926.31         4908.99  
    0.338       325.72          771.34        3151.48         3900.57         4897.71  
    0.344       323.98          748.32        3013.17         3892.63         4907.55  
    0.350       320.11          742.47        2950.49         4047.70         4905.94  
    0.356       333.79          750.94        3094.08         3875.93         4846.65  
    0.363       337.25          754.31        2875.93         3928.28         4837.95  
    0.369       347.45          758.21        2856.76         3939.87         4820.13  
    0.375       303.52          769.84        2815.73         3923.57         4952.66  
    0.381       322.87          743.43        2796.50         3858.04         4999.54  
    0.388       318.89          734.90        2811.54         3813.58         4876.11  
    0.394       329.53          632.77        2911.61         3929.73         4810.62  
    0.400       341.96          602.81        2770.19         3933.94         4794.64  
    0.406       351.43          583.66        2751.93         3687.67         4795.70  
    0.413       360.05          664.33        2781.43         3654.52         4869.82  
    0.419       29.78          371.68        932.48         3110.76         4684.60  
    0.425       311.61          747.51        2768.65         4504.35         4654.05  
    0.431       345.31          881.68        2870.26         3930.44         4720.73  
    0.438       292.25          1001.76        2645.39         3887.48         4881.37  
    0.444       292.46          774.83        2629.23         3761.50         4836.00  
    0.450       336.71          709.94        2680.74         3813.96         4857.43  
    0.456       28.12          370.15        1682.18         3081.27         4398.35  
    0.463       232.27          922.80        2559.08         3770.36         4563.71  
    0.469       223.18          851.36        2658.41         3891.15         4834.29  
    0.475       255.36          889.24        2584.68         3690.94         4930.78  
    0.481       248.61          917.24        2488.30         3806.32         4942.55  
    0.488       127.36          780.71        2425.10         3851.40         4886.26  
    0.494       192.48          880.12        2548.18         3919.73         4880.69  
    0.500       240.25          1045.00        2601.63         3884.46         4890.98  
    0.506       263.97          993.42        2599.01         3901.13         4888.18  
    0.513       21.94          81.51        1048.53         2626.64         3989.43  
    0.519       0          0        869.43         2424.12         3891.85  
    0.525       0          0        885.37         2304.00         3933.69  
    