0.025       0          1338.34        2193.34         3230.39         4389.43  
    0.031       0          632.43        2367.19         3284.37         4323.99  
    0.038       0          604.54        2596.48         3755.78         4925.74  
    0.044       440.70          907.46        2661.25         3672.63         4382.99  
    0.050       483.22          958.10        2751.55         3615.77         4150.67  
    0.056       515.85          982.56        2742.40         3597.24         4074.26  
    0.062       526.24          992.45        2643.63         3656.56         4158.13  
    0.069       531.17          994.98        2623.22         3633.04         4196.35  
    0.075       535.98          992.94        2631.51         3551.17         4039.25  
    0.081       531.56          988.40        2611.51         3498.36         4031.94  
    0.088       525.92          977.98        2631.17         3480.31         4164.23  
    0.094       520.81          950.68        2595.82         3475.68         4143.28  
    0.100       511.65          926.23        2541.07         3561.31         4170.40  
    0.106       499.63          903.49        2534.51         3586.18         4269.11  
    0.113       488.34          885.22        2470.61         3642.37         4179.21  
    0.119       480.67          864.13        2413.09         3626.19         4110.18  
    0.125       481.67          867.03        2504.53         3552.18         4099.49  
    0.131       489.48          891.71        2536.86         3543.17         4089.97  
    0.138       490.72          903.28        2540.47         3557.34         4152.74  
    0.144       490.27          895.82        2557.98         3531.11         4225.44  
    0.150       489.02          878.27        2660.88         3586.98         4197.30  
    0.156       479.49          876.90        2628.64         3586.77         4150.02  
    0.163       466.71          885.97        2476.62         3542.60         4115.15  
    0.169       452.88          896.13        2516.23         3506.77         4162.92  
    0.175       438.79          873.41        2543.06         3461.51         4118.07  
    0.181       426.19          848.98        2565.54         3414.86         4075.73  
    0.188       419.52          833.70        2606.75         3458.34         4105.62  
    0.194       416.68          832.11        2596.22         3494.62         4104.75  
    0.200       415.40          822.26        2573.97         3516.16         4191.68  
    0.206       411.62          788.73        2600.35         3526.81         4206.69  
    0.213       404.67          748.66        2668.31         3436.22         4140.35  
    0.219       387.10          739.66        2614.31         3487.98         4161.32  
    0.225       367.96          758.31        2542.96         3567.22         4152.09  
    0.231       360.66          759.13        2546.98         3545.90         4172.93  
    0.238       360.36          745.18        2466.76         3470.96         4143.68  
    0.244       383.50          735.23        2497.76         3467.58         4152.53  
    0.250       386.17          748.74        2561.21         3415.72         4326.17  
    0.256       367.45          748.42        2631.25         3420.22         4258.41  
    0.263       369.55          750.27        2532.58         3437.46         4214.20  
    0.269       361.02          740.94        2506.94         3501.81         4181.86  
    0.275       320.29          738.01        2578.44         3486.41         4175.32  
    0.281       279.92          658.10        2544.97         3488.37         4323.41  
    0.288       286.50          669.73        2415.02         3498.78         4345.52  
    0.294       209.14          809.18        2486.79         3425.58         4434.61  
    0.300       186.67          1212.47        3092.81         4018.89         5457.15  
    0.306       185.45          1332.18        3079.59         3943.70         5500.00  
    0.312       163.62          1421.02        2924.07         3901.27         5500.00  
    0.319       139.64          1394.39        2565.33         3707.48         4573.88  
    0.325       124.20          1322.32        2329.86         3551.97         4545.74  
    0.331       82.63          1432.32        2740.84         3479.30         4482.89  
    0.338       164.10          1412.58        2824.85         3577.42         4395.66  
    