0.025       0          1178.96        1825.65         2856.85         3225.91  
    0.031       0          567.14        1388.58         2565.66         3100.17  
    0.038       0          923.47        1761.23         2665.76         3575.56  
    0.044       0          1001.94        1792.82         2774.72         3769.69  
    0.050       0          688.45        1756.14         2580.64         3770.57  
    0.056       0          467.17        1052.00         2324.12         3725.08  
    0.062       0          426.63        878.36         2499.65         3934.86  
    0.069       0          431.66        874.22         2984.34         4115.57  
    0.075       0          446.22        882.08         3426.94         4167.11  
    0.081       365.72          800.21        3002.40         3965.14         5254.89  
    0.088       451.21          872.20        2957.53         3932.27         4933.17  
    0.094       463.27          867.70        2936.47         3897.60         5204.28  
    0.100       482.49          865.61        3050.88         3900.26         5046.62  
    0.106       496.05          861.69        2939.54         3897.99         4745.91  
    0.113       500.06          851.08        3067.70         3885.67         4738.99  
    0.119       507.74          849.99        3411.49         3907.04         4511.14  
    0.125       512.65          854.40        3326.21         3921.72         4411.63  
    0.131       532.55          853.75        3417.67         3881.85         4459.64  
    0.138       559.87          834.11        3554.41         3885.87         4532.36  
    0.144       565.85          809.60        3496.23         3874.09         4512.18  
    0.150       559.75          795.70        3687.73         3882.95         4223.19  
    0.156       425.19          778.34        3706.88         3925.23         5252.57  
    0.163       390.55          772.25        2870.45         3912.47         4276.79  
    0.169       515.75          773.81        2505.51         3834.46         4047.21  
    0.175       100.47          142.92        1071.44         2447.55         3906.22  
    0.181       0          607.22        1709.11         3541.32         3900.56  
    0.188       0          740.07        1860.28         3739.74         3892.02  
    0.194       0          733.29        1777.04         3593.68         3901.66  
    0.200       0          135.11        915.38         2150.57         3900.48  
    0.206       0          0        712.89         1914.14         3925.62  
    0.213       0          569.14        1631.77         2309.66         3973.66  
    0.219       0          686.67        1929.38         2043.22         3973.72  
    0.225       355.11          712.12        2094.79         3593.43         4227.93  
    0.231       390.77          732.96        2417.63         3897.26         4412.24  
    0.238       375.30          724.49        2756.93         3931.09         4526.50  
    0.244       380.71          712.12        2924.83         3928.87         4525.59  
    0.250       380.33          701.19        2931.82         3962.75         4386.02  
    0.256       364.35          712.44        2789.59         3922.05         4375.51  
    0.263       350.18          737.75        2652.12         3921.67         4458.30  
    0.269       338.84          770.20        2569.57         3983.01         4677.05  
    0.275       331.97          794.18        2503.84         4011.34         4876.45  
    0.281       324.76          770.38        2490.18         4076.15         5139.44  
    0.288       323.04          733.97        2546.70         4041.72         4784.88  
    0.294       314.84          716.49        2636.48         4026.36         4665.46  
    0.300       304.06          713.75        2535.86         4033.91         4684.70  
    0.306       304.33          704.61        2490.57         4060.50         4628.87  
    0.312       300.79          700.45        2488.44         4034.55         4660.44  
    0.319       298.73          687.06        2536.31         4086.87         4891.51  
    0.325       315.02          672.45        2661.30         4196.99         4886.78  
    0.331       319.19          674.86        2518.22         3861.22         4455.51  
    0.338       325.01          651.25        2464.98         3844.29         4816.13  
    0.344       335.92          633.63        2677.97         3903.60         5392.80  
    0.350       336.24          628.89        2626.19         3726.62         4721.63  
    0.356       346.17          638.03        2412.34         3704.23         4628.11  
    0.363       64.33          118.17        730.58         2607.29         4108.95  
    0.369       0          317.78        2051.78         2570.37         4189.71  
    0.375       0          427.52        2105.69         3095.57         4293.40  
    0.381       0          376.26        2055.82         3386.96         4190.31  
    0.388       0          304.07        2098.16         3261.31         4241.38  
    0.394       241.32          812.57        2477.96         3688.21         4517.94  
    0.400       356.23          980.65        2722.49         4090.15         4268.72  
    0.406       390.78          1026.72        2546.40         3866.31         4562.55  
    0.413       385.08          1321.05        2560.40         3823.16         4705.64  
    