0.025       0          1029.44        2126.84         2840.82         3993.30  
    0.031       0          922.61        2129.80         2887.93         4023.35  
    0.038       0          1013.83        2046.99         2853.17         3973.68  
    0.044       0          1093.83        2008.35         2887.99         3877.50  
    0.050       596.59          1559.03        2368.63         3248.72         5273.26  
    0.056       95.95          1033.64        2041.31         3198.88         4915.92  
    0.062       457.39          1062.21        3058.35         4620.63         4895.37  
    0.069       522.88          931.84        3209.85         4470.62         4972.15  
    0.075       541.57          888.11        3180.62         4345.95         4943.90  
    0.081       552.86          1014.06        3169.58         4260.48         4779.53  
    0.088       541.45          1588.66        3220.36         3754.71         4708.68  
    0.094       532.30          1633.91        2909.98         3746.05         4724.95  
    0.100       526.34          1599.83        2771.67         3737.83         4779.90  
    0.106       521.79          1580.00        2684.47         3737.38         4755.38  
    0.113       518.07          1565.81        2628.66         3758.59         4777.85  
    0.119       516.67          1558.15        2621.82         3790.66         4843.37  
    0.125       516.68          1556.54        2622.43         3821.51         4855.29  
    0.131       516.76          1555.14        2614.85         3817.51         4861.53  
    0.138       516.82          1567.73        2635.89         3875.13         4863.33  
    0.144       516.47          1573.23        2662.29         3855.45         4837.18  
    0.150       518.41          1568.46        2644.17         3799.44         4873.86  
    0.156       521.61          1573.30        2613.46         3806.45         4888.20  
    0.163       524.77          1582.16        2607.23         3900.07         5265.83  
    0.169       526.95          1586.09        2603.63         3929.41         5475.94  
    0.175       528.63          1585.04        2612.77         3912.56         5304.68  
    0.181       529.28          1589.65        2633.97         3913.89         5123.03  
    0.188       529.02          1592.10        2646.05         3828.47         4980.19  
    0.194       529.75          1595.84        2643.70         3839.05         4850.08  
    0.200       531.14          1597.21        2652.83         3807.69         4766.32  
    0.206       535.01          1604.13        2668.41         3795.73         4767.25  
    0.213       539.69          1615.60        2690.01         3798.03         4786.21  
    0.219       542.63          1621.99        2678.02         3863.23         4833.58  
    0.225       546.12          1632.78        2691.97         3930.64         4862.95  
    0.231       549.43          1641.40        2699.88         3852.57         4807.06  
    0.238       550.49          1646.85        2722.81         3853.24         4838.77  
    0.244       554.32          1660.31        2736.08         3753.10         4855.74  
    0.250       558.61          1665.67        2745.26         3718.06         4880.57  
    0.256       559.13          1666.36        2758.09         3805.83         4881.01  
    0.263       558.85          1677.66        2784.75         3906.32         4891.35  
    0.269       559.91          1688.92        2807.53         3974.77         5037.82  
    0.275       563.62          1696.94        2817.57         3990.88         5439.19  
    0.281       569.62          1707.41        2824.62         4006.70         5340.90  
    0.288       573.75          1716.41        2839.29         4004.81         5073.20  
    0.294       574.90          1722.78        2848.41         3989.88         5010.24  
    0.300       574.84          1727.10        2852.11         3999.08         5114.50  
    0.306       573.34          1722.96        2860.15         3997.93         5091.60  
    0.312       573.44          1722.24        2869.59         3991.62         5125.83  
    0.319       575.59          1727.26        2882.48         3977.58         5259.15  
    0.325       575.00          1726.80        2877.73         3985.92         5107.92  
    0.331       573.90          1722.51        2871.23         3996.35         5037.25  
    0.338       572.64          1717.06        2870.66         4001.16         5039.49  
    0.344       570.28          1713.51        2865.21         4009.74         5011.15  
    0.350       569.23          1711.01        2859.17         4014.82         5001.19  
    0.356       568.02          1709.86        2855.77         4011.46         5073.57  
    0.363       566.86          1699.44        2840.77         3997.37         4884.71  
    0.369       565.98          1688.04        2815.66         3958.59         4745.87  
    0.375       563.59          1673.87        2784.30         3886.46         4712.14  
    0.381       559.07          1661.09        2760.72         3880.01         4857.22  
    0.388       554.26          1650.28        2734.19         3877.09         4931.27  
    0.394       551.53          1649.26        2714.49         3846.18         4885.28  
    0.400       549.85          1651.22        2724.87         3868.49         4955.16  
    0.406       549.23          1643.73        2734.48         3945.33         4961.99  
    0.413       544.99          1626.35        2726.31         3923.47         4875.84  
    0.419       534.95          1597.07        2687.21         3913.45         4852.44  
    0.425       528.47          1565.20        2626.00         3832.08         4960.94  
    0.431       523.68          1543.47        2591.56         3751.17         5015.93  
    0.438       520.13          1535.32        2568.37         3797.42         4927.16  
    0.444       519.24          1536.54        2551.83         3806.40         5023.53  
    0.450       510.11          1616.08        2560.35         3844.76         5168.43  
    0.456       507.59          1706.70        2732.99         4046.55         5456.89  
    0.463       501.17          1785.50        2761.22         4196.85         5192.48  
    0.469       69.30          731.14        2001.59         3123.40         4444.86  
    0.475       0          543.50        1617.19         2766.18         4287.51  
    0.481       426.60          1336.08        2719.05         4138.43         5331.01  
    0.488       480.62          1387.46        2960.53         4278.21         5500.00  
    0.494       508.00          1233.00        2987.66         4337.51         5500.00  
    0.500       71.04          594.45        1670.02         3187.26         4651.67  
    0.506       0          489.74        972.29         3017.56         4560.31  
    0.513       339.77          770.01        2725.57         4088.44         4584.28  
    0.519       405.56          790.16        2979.86         4511.57         4570.79  
    0.525       447.01          718.94        2972.31         4483.19         4793.02  
    0.531       413.40          815.17        2983.37         4448.08         4498.57  
    0.537       411.95          789.79        2940.61         4427.53         4457.69  
    0.544       417.30          747.54        2966.32         4260.78         4551.54  
    0.550       412.27          788.27        2909.40         4129.43         4562.62  
    0.556       401.59          738.22        2829.51         4063.38         4596.68  
    0.562       361.08          775.08        2861.49         3974.89         4593.56  
    0.569       352.77          848.93        3020.06         4215.38         4526.22  
    0.575       347.37          882.88        3075.08         4376.03         4503.49  
    0.581       342.86          889.96        3117.82         4481.95         5361.66  
    0.588       47.42          422.48        1202.78         3346.72         4615.50  
    0.594       0          349.16        819.85         3113.64         4486.21  
    0.600       0          354.85        785.60         3079.91         4494.81  
    0.606       0          355.08        881.34         3049.01         4495.29  
    0.613       0          359.83        851.84         3000.05         4485.70  
    0.619       0          351.81        836.95         3048.72         4506.87  
    0.625       289.27          781.74        2668.82         4295.32         5362.91  
    0.631       321.01          834.89        2770.80         4290.54         5027.12  
    0.638       325.13          757.38        2730.45         3775.73         5083.88  
    0.644       332.18          766.17        2805.87         3786.32         5086.74  
    0.650       46.16          443.99        1057.59         3057.51         4281.66  
    0.656       360.72          716.59        2464.04         4062.44         5313.33  
    0.663       473.22          629.09        2640.31         4293.12         5500.00  
    0.669       66.78          410.49        1887.52         3172.13         4668.77  
    0.675       316.41          577.27        2495.00         3470.48         5204.69  
    0.681       50.89          508.85        838.65         2819.42         4418.60  
    0.688       0          485.42        1127.07         2623.28         4236.40  
    0.694       288.24          739.35        2455.03         3859.01         5324.07  
    0.700       46.36          384.32        1055.93         3039.28         4216.15  
    0.706       0          324.49        1408.14         2956.58         4055.67  
    0.713       0          340.63        1767.35         3194.63         4223.32  
    0.719       0          347.37        1823.74         3094.39         4175.26  
    0.725       0          334.34        1695.68         2952.12         4036.95  
    0.731       275.59          1367.41        2383.19         3439.80         5294.48  
    0.738       338.42          1680.00        2526.96         3673.83         5500.00  
    0.744       47.30          530.95        1801.77         3130.65         4307.70  
    0.750       0          336.02        1727.00         3035.57         4171.85  
    0.756       302.98          1647.38        2414.63         3628.78         5317.23  
    