0.025       0          845.40        1884.89         2403.25         2788.53  
    0.031       0          485.74        1096.86         2506.13         3470.97  
    0.038       0          457.87        1003.53         2536.81         3518.01  
    0.044       438.82          963.13        2487.46         3446.39         4200.21  
    0.050       477.69          1012.61        2593.72         3491.74         4022.35  
    0.056       489.07          1020.13        2643.28         3448.50         3928.62  
    0.062       494.64          1036.85        2710.90         3538.55         4011.41  
    0.069       498.27          1042.99        2613.15         3470.64         4242.49  
    0.075       512.56          1049.38        2584.79         3392.53         4036.83  
    0.081       523.86          1050.96        2595.66         3352.25         3922.88  
    0.088       545.26          1055.88        2649.47         3416.19         4073.01  
    0.094       569.26          1089.04        2715.29         3465.88         4485.51  
    0.100       588.79          1143.92        2689.42         3443.00         4573.49  
    0.106       605.74          1277.06        2626.89         3386.46         4473.56  
    0.113       607.90          1499.88        2449.33         3407.95         4425.06  
    0.119       594.98          1509.62        2430.72         3467.35         4610.16  
    0.125       590.02          1535.80        2389.38         3436.57         4615.12  
    0.131       591.80          1545.88        2404.04         3431.93         4604.97  
    0.138       589.57          1546.40        2420.54         3444.87         4612.12  
    0.144       585.47          1586.88        2456.42         3429.15         4607.09  
    0.150       581.54          1547.42        2569.20         3433.37         4589.35  
    0.156       581.13          1609.74        2654.94         3351.99         4567.28  
    0.163       578.90          1550.07        2613.63         3350.61         4550.57  
    0.169       572.67          1509.71        2594.88         3370.49         4560.22  
    0.175       568.02          1473.55        2612.06         3446.96         4650.44  
    0.181       567.54          1392.39        2587.14         3495.59         4663.42  
    0.188       567.18          1309.08        2581.21         3459.00         4593.35  
    0.194       574.10          1314.83        2587.72         3427.12         4536.96  
    0.200       569.56          1493.29        2640.73         3365.19         4494.35  
    0.206       563.38          1470.66        2450.04         3320.82         4624.83  
    0.213       562.36          1298.01        2819.25         3332.11         4694.95  
    0.219       31.24          618.00        1330.43         3146.53         3747.37  
    0.225       549.52          1009.56        2897.62         3677.76         3986.14  
    0.231       540.48          925.86        2723.60         3512.70         4262.18  
    0.238       509.97          908.91        2724.23         3492.85         4199.09  
    0.244       499.66          886.01        2774.16         3441.92         4183.85  
    0.250       507.24          833.51        2700.88         3438.35         4171.57  
    0.256       525.28          773.43        2611.24         3537.33         4278.09  
    0.263       587.28          630.74        2585.51         3477.29         4273.05  
    0.269       540.14          657.14        2704.12         3300.78         4169.25  
    0.275       507.82          710.09        2670.08         3327.53         4203.06  
    0.281       466.73          771.89        2627.78         3396.06         4393.41  
    0.288       428.40          782.81        2670.85         3336.90         4263.23  
    0.294       395.21          769.68        2724.61         3282.74         4212.23  
    0.300       386.34          763.59        2726.92         3363.59         4213.73  
    0.306       381.77          754.35        2805.19         3464.33         4396.98  
    0.312       390.98          674.86        2659.86         3288.48         4231.50  
    0.319       358.68          695.98        2560.56         3233.28         4037.91  
    0.325       381.56          669.65        2554.47         3247.35         4023.32  
    0.331       383.07          664.47        2477.93         3219.45         4107.74  
    0.338       385.78          668.81        2538.17         3213.23         4128.51  
    0.344       382.67          674.13        2805.85         3226.41         4063.67  
    0.350       386.75          656.66        2698.27         3294.42         4011.59  
    0.356       410.20          621.52        2594.69         3263.31         4030.69  
    0.363       432.48          558.52        2598.35         3278.96         4027.81  
    0.369       342.35          516.78        2727.56         3295.58         4039.54  
    0.375       18.72          28.59        635.16         2639.60         3346.93  
    0.381       0          0        514.60         2388.15         3343.22  
    0.388       0          0        518.16         2522.47         3547.57  
    0.394       0          0        493.95         3009.92         3499.72  
    0.400       0          447.71        2116.14         3314.64         4077.75  
    0.406       0          399.85        2148.70         3297.81         4013.04  
    0.413       0          308.65        2194.66         2950.79         4003.97  
    0.419       0          361.79        2418.32         2743.52         3991.15  
    0.425       0          430.72        2522.55         2930.83         4010.11  
    0.431       0          332.98        2458.79         2687.31         4085.13  
    0.438       0          298.41        2010.35         2657.59         4002.07  
    0.444       0          284.42        2236.08         2773.42         3775.29  
    