0.025       568.86          962.75        2707.74         3596.96         4054.39  
    0.031       571.11          968.79        2698.33         3591.71         4033.23  
    0.038       572.40          973.25        2686.69         3590.97         4025.77  
    0.044       571.30          961.57        2669.98         3594.14         4043.39  
    0.050       566.37          937.46        2662.45         3606.48         4068.32  
    0.056       552.78          898.12        2657.88         3623.16         4079.17  
    0.062       530.81          864.76        2655.76         3651.21         4086.81  
    0.069       508.95          844.75        2668.74         3692.40         4081.70  
    0.075       488.97          829.23        2690.82         3719.45         4080.51  
    0.081       469.41          816.18        2720.22         3733.36         4074.79  
    