0.025       554.89          1789.14        2850.75         3823.09         5051.39  
    0.031       74.24          239.36        1073.04         2812.71         3956.99  
    0.038       0          0        826.68         2493.93         3830.84  
    0.044       350.78          716.07        2210.69         3738.06         4657.77  
    0.050       527.38          814.23        2386.69         3867.79         4763.69  
    0.056       528.33          732.35        2390.48         3949.37         4696.85  
    0.062       445.28          550.32        2418.16         3939.30         4711.49  
    0.069       500.14          794.68        2439.49         4139.95         4705.96  
    0.075       483.84          888.95        2449.59         4193.56         4722.35  
    0.081       509.55          815.11        2426.95         4195.33         4667.83  
    0.088       68.79          107.36        779.86         2624.17         4589.28  
    0.094       427.73          731.81        2143.53         4054.39         4578.28  
    0.100       467.75          893.39        2391.49         3951.04         4649.92  
    0.106       459.28          903.49        2408.90         3730.17         4808.21  
    0.113       456.68          897.07        2423.61         3701.37         4890.31  
    0.119       455.94          887.85        2400.52         3746.14         4930.68  
    0.125       459.06          879.41        2382.30         3600.18         4924.65  
    0.131       464.97          875.08        2380.26         3491.81         4982.32  
    0.138       463.00          867.26        2378.30         3437.24         5053.29  
    0.144       463.48          850.90        2377.08         3442.65         5014.39  
    0.150       524.44          737.83        2395.33         3474.18         4903.02  
    0.156       511.76          748.36        2402.45         3449.27         4820.45  
    0.163       458.39          817.42        2375.75         3434.00         4670.83  
    0.169       442.73          825.52        2377.80         3434.98         4666.08  
    0.175       444.53          804.23        2393.06         3468.16         4862.69  
    0.181       437.05          792.73        2411.74         3469.57         4939.94  
    0.188       423.74          795.35        2393.43         3485.60         4977.49  
    0.194       417.63          787.75        2339.55         3491.84         4878.51  
    0.200       406.61          787.90        2353.41         3495.95         4734.62  
    0.206       406.50          771.14        2347.17         3501.72         4808.85  
    0.213       403.58          756.95        2348.20         3470.59         4901.22  
    0.219       396.61          722.44        2361.28         3457.01         4742.35  
    0.225       385.65          694.81        2368.99         3466.45         4734.04  
    0.231       394.28          661.75        2349.35         3485.21         4778.42  
    0.238       437.73          515.98        2337.64         3539.57         4746.02  
    0.244       429.10          517.83        2352.77         3539.38         4792.89  
    0.250       365.09          652.17        2335.91         3482.78         4865.19  
    0.256       335.04          717.57        2330.66         3455.92         4855.65  
    0.263       342.76          672.62        2326.94         3493.21         4710.86  
    0.269       349.93          398.23        2246.99         3411.90         4658.30  
    0.275       46.93          47.77        623.86         2331.54         3383.21  
    0.281       0          296.37        1841.17         3062.45         4509.58  
    0.288       0          45.77        574.34         2208.35         3573.13  
    0.294       0          0        340.28         1991.16         3327.81  
    0.300       0          0        341.65         1937.00         3255.20  
    0.306       0          0        316.45         1961.64         3253.66  
    0.312       0          300.08        1805.62         3024.02         4437.21  
    0.319       0          331.29        2017.38         3111.41         4715.21  
    0.325       0          44.01        538.24         2130.24         3502.27  
    0.331       0          259.20        1668.13         2956.68         4464.06  
    0.338       246.90          1659.63        2683.19         3023.52         4678.37  
    0.344       253.12          1834.94        2359.50         3481.33         4749.90  
    0.350       253.58          1870.74        2123.16         3473.05         4696.46  
    0.356       269.62          1872.70        2120.50         3584.88         4643.71  
    0.363       309.41          1957.12        2009.82         3481.82         4692.09  
    