0.025       0          494.76        1214.16         2459.32         4546.01  
    0.031       387.92          819.02        1972.46         3403.89         4402.37  
    0.038       561.66          983.86        2369.83         3716.40         4313.35  
    0.044       549.33          977.80        2381.63         3741.31         4307.99  
    0.050       559.80          977.75        2394.32         3840.97         4331.83  
    0.056       566.12          967.35        2420.78         3861.85         4349.05  
    0.062       563.63          956.32        2432.18         3889.16         4359.00  
    0.069       555.21          947.22        2426.02         3909.24         4354.69  
    0.075       548.84          934.23        2423.50         3869.55         4332.33  
    0.081       584.57          924.20        2417.57         3694.85         4310.46  
    0.088       706.18          901.26        2390.70         3665.36         4249.20  
    0.094       780.19          884.14        2367.99         3732.54         4193.00  
    0.100       749.67          894.73        2338.44         3793.62         4139.48  
    0.106       679.16          914.27        2363.44         3814.95         4126.00  
    0.113       599.93          917.58        2432.69         3807.74         4202.35  
    0.119       555.15          889.11        2453.92         3805.55         4253.29  
    0.125       536.51          821.41        2461.42         3787.48         4271.69  
    0.131       509.73          796.71        2489.91         3777.85         4290.27  
    0.138       473.25          786.60        2512.12         3773.93         4324.39  
    0.144       426.77          766.93        2523.93         3783.86         4360.44  
    0.150       387.67          756.15        2514.55         3793.28         4187.35  
    0.156       127.02          748.00        2146.10         2922.16         4037.36  
    0.163       0          745.83        1952.49         2447.40         3981.35  
    0.169       0          744.03        1816.94         2118.22         3907.42  
    0.175       490.46          851.78        1870.32         3223.18         4952.34  
    0.181       735.41          999.87        1940.31         3921.44         5500.00  
    0.188       724.81          1211.85        1976.46         3961.16         5500.00  
    0.194       716.34          1309.05        1959.55         3983.47         4764.57  
    0.200       707.34          1246.13        1948.22         3995.12         4275.30  
    0.206       705.03          1168.80        1958.28         3989.31         4259.30  
    0.213       238.08          860.63        1961.60         3056.33         4062.88  
    0.219       0          713.48        1960.06         2520.12         3937.85  
    0.225       0          709.05        1996.99         2474.01         3876.65  
    0.231       264.97          709.88        2425.17         3322.16         4942.97  
    0.238       403.59          707.40        2634.33         3736.19         5500.00  
    0.244       399.72          701.03        2633.66         3744.38         5276.66  
    0.250       395.18          695.30        2654.23         3736.59         5071.99  
    0.256       381.67          686.41        2695.45         3683.39         5066.45  
    0.263       376.54          679.89        2692.00         3635.85         5088.01  
    0.269       368.29          672.24        2717.28         3680.65         5299.53  
    0.275       352.83          661.61        2742.83         3699.77         5195.61  
    0.281       325.63          652.60        2654.17         3676.56         5038.05  
    0.288       282.11          636.90        2514.55         3625.23         4933.49  
    0.294       288.85          637.57        2440.44         3673.98         4967.67  
    0.300       285.70          637.88        2431.34         3706.54         5025.17  
    0.306       93.82          214.65        1192.74         2885.67         4134.27  
    0.312       0          396.71        1849.93         2799.13         3976.41  
    0.319       0          202.02        1246.58         2585.84         3374.52  
    0.325       0          382.19        1773.53         2697.67         3903.09  
    0.331       0          544.12        2320.16         2850.05         4414.94  
    0.338       0          557.10        2285.47         2829.94         4262.07  
    0.344       0          545.01        2308.85         2839.04         4127.78  
    0.350       0          478.61        2338.95         2907.42         4364.43  
    0.356       0          454.45        2335.66         3042.57         4769.06  
    0.363       0          153.79        1114.37         2581.28         3806.63  
    0.369       0          288.49        1703.58         2768.61         4270.40  
    0.375       0          354.79        2309.91         2962.80         4746.15  
    0.381       0          416.35        2281.26         2960.33         4615.61  
    0.388       0          476.29        2285.75         3166.67         4704.85  
    0.394       0          422.48        2286.29         3279.17         4848.13  
    0.400       0          386.29        2167.38         3279.72         4896.00  
    