0.025       479.15          1737.06        2857.67         4004.16         5500.00  
    0.031       374.49          1844.45        2709.14         3941.54         5500.00  
    0.038       58.03          766.49        1953.74         3324.23         4155.24  
    0.044       455.92          1318.73        2439.56         3426.98         5062.44  
    0.050       546.62          1495.19        2425.72         3533.51         5023.77  
    0.056       561.91          1544.03        2308.79         3576.79         4888.00  
    0.062       570.21          1538.72        2252.70         3602.10         4798.11  
    0.069       576.64          1540.32        2326.59         3541.35         4736.78  
    0.075       609.26          1530.13        2340.67         3473.46         4699.37  
    0.081       630.76          1587.01        2428.43         3381.55         4722.99  
    0.088       639.76          1756.97        2272.78         3344.41         4707.94  
    0.094       595.90          1684.89        2683.26         3303.56         4686.61  
    0.100       587.66          1643.53        2510.70         3333.84         4672.46  
    0.106       574.82          1544.85        2557.34         3385.87         4657.22  
    0.113       561.08          1536.12        2708.21         3416.98         4677.54  
    0.119       547.53          1500.44        2743.90         3905.78         4813.34  
    0.125       534.05          1500.77        2754.02         3955.64         5391.65  
    0.131       523.36          1519.32        2759.33         3934.41         5500.00  
    0.138       514.90          1589.77        2834.14         3807.70         5144.80  
    0.144       504.44          1608.78        2813.78         4092.15         4784.24  
    0.150       486.51          1574.03        2706.52         4100.53         4690.46  
    0.156       472.09          1484.34        2531.65         3707.39         4683.22  
    0.163       460.24          1488.67        2409.08         3688.45         4672.42  
    0.169       457.90          1485.35        2418.60         3707.69         4649.78  
    0.175       457.18          1423.98        2393.62         3563.13         4703.69  
    0.181       475.71          1260.26        2302.36         3532.69         4679.60  
    0.188       510.57          1183.79        2199.72         3466.63         4523.77  
    0.194       545.39          1180.50        1774.31         3378.94         4396.67  
    0.200       510.89          1052.89        2288.92         3414.37         4535.55  
    0.206       487.39          1048.40        2549.74         3461.71         4416.06  
    0.213       463.25          1134.06        2581.14         3460.15         4341.22  
    0.219       422.77          1169.34        2677.80         3428.08         4349.79  
    0.225       412.18          1116.01        2557.17         3426.47         4423.63  
    0.231       424.74          667.16        2406.45         3445.07         4598.01  
    0.238       431.85          534.38        2615.88         3477.50         4656.08  
    0.244       426.72          511.81        2811.39         3527.31         4532.53  
    0.250       418.17          582.36        2854.92         3543.44         4690.97  
    0.256       430.74          552.06        2881.73         3537.15         4826.65  
    0.263       71.07          89.07        960.02         2913.85         3751.23  
    0.269       313.39          578.63        2418.42         3407.92         5178.10  
    0.275       384.00          647.23        2766.45         3520.95         5500.00  
    0.281       63.25          524.60        2347.10         3507.42         4398.69  
    0.288       0          82.35        753.19         2821.99         3629.69  
    0.294       0          499.67        1893.41         3136.55         4057.12  
    0.300       0          685.10        2259.15         3341.56         4800.96  
    0.306       0          673.83        2250.93         3425.42         4987.05  
    0.312       0          109.56        864.99         2648.19         3757.39  
    0.319       0          0        529.14         2152.59         3438.23  
    0.325       0          0        542.00         2112.01         3327.58  
    0.331       0          419.52        1830.10         2972.94         4248.76  
    0.338       436.35          972.95        2661.56         3752.94         4869.68  
    0.344       85.57          752.16        2180.55         3318.78         4496.07  
    0.350       0          588.30        2000.13         3172.94         4461.49  
    0.356       408.02          1229.31        2695.85         3933.06         5331.52  
    