0.025       0          761.03        1687.01         2844.91         3848.72  
    0.031       0          768.54        1576.82         2903.07         3805.56  
    0.038       0          749.98        1592.68         2962.71         3834.09  
    0.044       0          730.83        1654.50         2939.86         3863.84  
    0.050       0          750.28        1645.23         2999.05         3560.31  
    0.056       0          717.48        1139.17         2897.31         3337.34  
    0.062       0          639.23        840.49         2860.59         3370.52  
    0.069       0          571.85        865.54         2920.80         3423.04  
    0.075       0          550.13        855.56         2940.12         3449.15  
    0.081       0          551.50        837.55         2971.19         3510.12  
    0.088       0          552.86        824.54         2964.25         3547.12  
    0.094       0          547.31        813.92         2941.83         3570.81  
    0.100       0          532.94        782.44         2948.65         3721.07  
    0.106       288.21          637.62        2037.99         3182.01         4608.93  
    0.113       473.32          703.63        2912.37         3343.28         5086.23  
    0.119       458.07          694.93        2913.20         3342.41         5072.42  
    0.125       455.23          698.17        2926.16         3322.60         5072.13  
    0.131       459.20          705.23        2946.81         3299.98         4982.83  
    0.138       188.93          565.18        1635.88         3100.60         4960.56  
    0.144       271.97          618.22        2082.27         3836.73         5043.95  
    0.150       459.25          724.35        3057.92         4333.96         5331.67  
    0.156       457.36          725.77        3020.04         4034.24         5322.23  
    0.163       455.47          735.33        2952.58         3657.73         5140.12  
    0.169       452.03          758.47        2936.08         3464.96         5211.10  
    0.175       445.17          781.46        3032.34         3279.69         5118.44  
    0.181       435.00          794.14        3036.00         3255.41         4959.66  
    0.188       428.83          794.32        2977.11         3393.90         4995.59  
    0.194       426.93          784.65        2973.98         3491.13         5311.77  
    0.200       412.90          768.78        2971.44         3541.90         5500.00  
    0.206       387.05          746.78        3093.91         3567.89         5500.00  
    0.213       381.19          726.97        3136.89         3591.38         5500.00  
    0.219       410.95          720.93        3031.70         3747.79         5500.00  
    0.225       433.81          727.33        3008.53         3971.31         5500.00  
    0.231       178.95          566.09        1715.13         3466.16         4771.81  
    0.238       0          450.76        836.06         3024.02         4316.47  
    0.244       0          429.39        805.05         3016.74         4301.37  
    0.250       0          403.54        771.27         3077.39         3911.43  
    0.256       0          385.29        748.33         3159.17         3711.29  
    0.263       213.27          566.74        2191.74         3581.19         4781.05  
    0.269       357.24          691.63        3128.27         3850.99         5500.00  
    0.275       145.14          497.14        1702.58         3381.93         4633.24  
    0.281       0          359.47        725.85         3129.71         3849.90  
    0.288       0          353.72        814.36         3112.89         3814.68  
    0.294       0          345.08        885.22         3093.12         3923.09  
    0.300       0          328.14        839.27         3120.60         3926.97  
    0.306       0          316.96        1059.26         3111.69         3923.61  
    0.312       0          298.35        1199.86         3053.72         3984.01  
    0.319       0          288.42        1054.31         2965.24         3923.14  
    0.325       0          292.64        760.67         2936.78         3837.89  
    0.331       0          295.72        701.79         2986.54         4141.39  
    0.338       0          293.12        1018.60         3013.49         4315.14  
    0.344       0          304.54        1128.42         2955.17         4093.70  
    