0.025       539.01          801.17        2911.91         3647.32         4676.98  
    0.031       532.64          800.33        2961.18         4228.24         5308.90  
    0.038       539.49          808.33        2883.13         3918.07         4818.33  
    0.044       580.18          820.48        2868.28         3801.13         4603.79  
    0.050       558.83          784.38        2853.15         3823.10         4635.52  
    0.056       549.74          786.73        2855.91         3822.79         4639.15  
    0.062       549.60          790.47        2847.07         3783.42         4574.77  
    0.069       557.27          798.32        2868.73         3789.79         4545.00  
    0.075       575.01          813.49        2854.84         3792.46         4519.67  
    0.081       569.30          803.77        2851.56         3797.26         4590.92  
    0.088       577.95          809.25        2812.02         3803.84         4556.33  
    0.094       669.81          789.52        2458.07         3810.13         4511.59  
    0.100       694.04          866.55        2157.55         3800.54         4800.15  
    0.106       668.26          931.92        2075.95         3774.03         4763.87  
    0.113       643.42          973.95        2062.43         3788.88         4628.68  
    0.119       615.25          1071.50        2052.48         3801.02         4532.70  
    0.125       592.32          1157.78        1990.92         3730.25         4585.10  
    0.131       586.29          1251.41        1981.09         3710.64         4611.70  
    0.138       589.37          1270.10        2015.69         3759.01         4601.35  
    0.144       586.77          1283.89        2044.52         3724.91         4498.77  
    0.150       585.12          1266.21        2049.02         3714.93         4463.21  
    0.156       591.19          1212.02        2074.01         3705.85         4391.32  
    0.163       602.80          1097.58        2180.09         3727.53         4333.56  
    0.169       615.09          935.69        2214.98         3762.84         4387.71  
    0.175       607.23          822.56        2219.98         3729.71         4426.80  
    0.181       553.24          786.62        2606.75         3857.03         4166.76  
    0.188       500.86          771.51        2825.92         3843.94         4324.62  
    0.194       477.64          769.59        2845.10         3559.34         4403.55  
    0.200       464.12          769.86        2853.20         3421.50         4434.33  
    0.206       449.98          764.13        2872.80         3362.91         4488.17  
    0.213       439.84          754.96        2881.84         3267.65         4490.27  
    0.219       431.06          743.35        2871.41         3072.27         4552.66  
    0.225       423.18          725.56        2847.07         3228.26         4623.81  
    0.231       418.19          715.13        2855.06         3683.72         5181.88  
    0.238       419.71          717.70        2866.47         3626.41         4767.44  
    0.244       420.14          712.01        2872.43         3291.49         4774.58  
    0.250       425.47          697.79        2885.84         3425.87         4597.47  
    0.256       426.19          695.17        2871.12         3964.53         4649.57  
    0.263       436.48          698.25        2847.82         4103.13         5311.12  
    0.269       444.09          696.96        2832.39         3829.40         5500.00  
    0.275       447.94          685.39        2833.99         3631.88         5500.00  
    0.281       429.16          662.87        2853.46         3772.04         5500.00  
    0.288       348.37          628.76        2885.52         3951.08         5500.00  
    0.294       336.91          641.93        2909.84         3990.53         5500.00  
    0.300       339.21          629.15        2808.72         3626.64         5500.00  
    0.306       366.90          624.83        2723.08         3291.90         5500.00  
    0.312       368.61          622.72        2720.32         3444.23         5500.00  
    0.319       85.12          323.76        1027.52         2957.25         4139.90  
    0.325       217.26          468.92        2308.41         3503.38         5088.67  
    0.331       65.70          125.41        1034.60         3117.26         4166.47  
    0.338       164.25          404.43        2282.03         3390.72         4838.78  
    0.344       311.37          579.14        2774.78         3539.91         5044.21  
    0.350       317.40          599.07        2807.78         3720.05         5306.22  
    0.356       245.88          558.56        2898.17         3705.80         5120.57  
    0.363       162.42          520.91        2752.44         3676.68         4987.44  
    0.369       122.01          533.02        2701.71         3726.78         4978.42  
    0.375       26.85          125.15        965.30         2888.96         3940.08  
    0.381       0          0        481.51         2720.04         3412.54  
    0.388       29.27          408.18        2244.19         3300.04         4619.37  
    0.394       8.85          403.67        2775.45         3039.40         4714.35  
    0.400       0          194.01        2583.07         3198.18         4609.30  
    