0.025       446.13          818.21        2930.62         3601.98         4364.73  
    0.031       442.15          817.69        2920.21         3556.95         4328.00  
    0.038       438.60          820.70        2901.00         3527.51         4310.13  
    0.044       433.79          820.73        2886.58         3540.12         4323.59  
    0.050       428.78          817.83        2924.03         3563.97         4355.21  
    0.056       429.72          813.90        3016.84         3591.16         4374.09  
    0.062       440.99          803.98        3066.48         3721.65         4387.27  
    0.069       442.47          804.32        3031.68         3752.98         4369.99  
    0.075       437.46          806.73        2987.39         3720.98         4364.36  
    0.081       434.40          799.86        2944.28         3763.72         4363.94  
    0.088       432.15          795.75        2951.60         3833.25         4392.23  
    0.094       427.73          797.02        3010.00         3891.17         4423.54  
    0.100       425.91          788.12        3169.79         3858.12         4381.89  
    0.106       423.85          777.05        3176.97         3911.07         4365.26  
    