0.025       502.49          975.18        2372.93         3578.58         4327.93  
    0.031       501.38          971.68        2336.65         3570.32         4347.97  
    0.038       500.31          961.45        2291.28         3533.21         4398.77  
    0.044       504.11          943.38        2287.34         3518.02         4389.04  
    0.050       510.27          933.84        2310.66         3527.65         4346.73  
    0.056       516.20          938.11        2325.55         3542.77         4333.22  
    0.062       522.02          929.96        2348.08         3557.70         4402.40  
    0.069       525.77          914.18        2389.12         3570.42         4497.31  
    0.075       524.74          911.92        2433.99         3555.65         4619.98  
    0.081       522.66          913.38        2442.30         3544.29         4728.98  
    0.088       520.04          921.16        2425.78         3564.79         4773.52  
    0.094       513.11          930.49        2447.39         3581.73         4783.97  
    0.100       508.19          926.93        2457.76         3587.06         4786.00  
    0.106       511.25          917.48        2413.89         3596.98         4837.92  
    0.113       515.15          917.95        2410.74         3597.42         5249.20  
    0.119       503.01          918.84        2400.96         3563.60         5500.00  
    0.125       485.14          908.76        2361.87         3550.13         5500.00  
    0.131       480.37          895.13        2363.47         3563.56         5500.00  
    0.138       481.29          884.17        2404.62         3558.03         5500.00  
    0.144       476.82          894.29        2412.93         3550.27         5500.00  
    0.150       478.34          904.77        2393.92         3552.28         5342.59  
    0.156       494.81          885.99        2382.48         3514.45         5307.58  
    0.163       504.53          873.53        2390.76         3496.31         5372.15  
    0.169       510.65          870.54        2387.91         3468.17         5238.09  
    0.175       518.26          862.01        2384.52         3455.35         5127.41  
    0.181       493.28          865.23        2370.45         3466.52         5004.28  
    0.188       470.36          871.58        2324.13         3437.89         4845.41  
    