0.025       0          1029.34        1871.78         2707.59         3716.28  
    0.031       0          992.26        1788.59         2777.82         3770.94  
    0.038       0          693.01        1752.15         2576.02         3770.65  
    0.044       0          466.11        1068.75         2316.44         3709.21  
    0.050       0          424.68        876.55         2523.94         3963.89  
    0.056       0          434.25        872.91         3034.30         4126.18  
    0.062       0          452.41        881.76         3439.15         4167.98  
    0.069       355.94          785.01        2788.22         3918.07         5212.30  
    0.075       459.33          873.00        2944.07         3922.43         4978.52  
    0.081       473.28          869.85        2917.97         3894.51         5089.67  
    0.088       489.94          873.39        2953.75         3901.59         4923.12  
    0.094       500.31          875.04        2885.61         3916.67         4795.41  
    0.100       505.14          861.86        2927.64         3900.72         4801.04  
    0.106       514.87          860.71        3109.44         3911.24         4629.11  
    0.113       518.61          867.28        3113.96         3925.48         4547.62  
    0.119       532.88          869.15        3130.51         3895.68         4617.89  
    0.125       547.24          858.84        3119.49         3890.65         4654.48  
    0.131       557.17          835.29        3076.12         3878.08         4647.80  
    0.138       572.09          813.40        3129.62         3866.95         4591.31  
    0.144       589.14          768.66        3197.68         3884.34         4516.47  
    0.150       583.93          744.91        2895.00         3876.99         4369.44  
    0.156       607.96          738.84        2714.15         3872.01         4253.29  
    0.163       600.85          722.96        2645.80         3906.78         4308.08  
    0.169       628.88          705.01        2547.85         3881.93         4627.93  
    0.175       658.54          690.96        2499.79         3827.60         4701.75  
    0.181       566.72          682.81        2512.63         3826.05         4688.22  
    0.188       564.97          757.63        2438.70         3823.65         4516.41  
    0.194       585.23          768.20        2400.30         3985.04         4242.85  
    0.200       127.66          662.12        1906.58         2992.16         4039.20  
    0.206       0          611.29        1640.13         2612.55         3996.53  
    0.213       353.47          712.95        2294.92         3665.17         4403.22  
    0.219       397.35          734.31        2634.32         3892.09         4598.93  
    0.225       381.10          716.72        2833.34         3928.65         4699.92  
    0.231       393.60          706.37        2919.50         3929.37         4682.44  
    0.238       393.30          716.44        2938.91         3977.24         4564.36  
    0.244       371.62          749.68        2843.30         3928.21         4509.23  
    0.250       354.53          785.14        2713.38         3947.88         4542.63  
    0.256       343.44          821.05        2643.85         3990.57         4716.56  
    0.263       337.30          835.01        2616.24         4023.65         4849.87  
    0.269       335.66          798.56        2594.98         4077.91         4950.54  
    0.275       344.25          752.88        2638.62         4043.39         4749.47  
    0.281       337.36          732.16        2696.43         4032.17         4679.26  
    0.288       321.68          731.50        2601.50         4037.29         4697.15  
    0.294       325.15          721.62        2553.53         4061.05         4630.76  
    0.300       319.33          716.17        2552.03         4043.71         4705.80  
    0.306       325.87          689.98        2576.96         4101.27         5333.53  
    0.312       71.16          460.45        1011.69         3100.50         4502.86  
    0.319       288.24          575.79        2045.43         3607.33         4200.82  
    0.325       364.45          618.91        2466.53         3868.47         4744.51  
    0.331       78.79          442.34        979.13         3009.20         4137.04  
    0.338       288.00          576.21        2083.70         3421.74         4372.05  
    0.344       374.68          637.14        2370.79         3679.23         4588.75  
    0.350       81.64          138.75        798.59         2654.57         4139.78  
    0.356       0          326.73        1929.93         2692.90         4214.24  
    0.363       0          451.20        2114.61         3148.74         4314.77  
    0.369       0          393.32        2062.92         3439.10         4232.06  
    0.375       0          316.21        2178.82         3410.05         4326.81  
    0.381       239.46          781.27        2463.26         3617.35         4485.08  
    0.388       375.02          943.30        2645.07         3573.36         4440.99  
    0.394       401.29          1039.10        2516.79         3707.44         4565.08  
    0.400       405.94          1306.78        2569.69         3788.81         4646.05  
    0.406       478.49          1206.14        2684.06         3830.31         4467.11  
    0.413       434.27          1075.17        2511.27         3979.71         4363.95  
    0.419       319.96          1058.28        2344.55         3772.71         4569.21  
    0.425       63.57          229.80        1211.16         2481.26         3727.74  
    