0.025       442.65          1123.02        2504.02         3127.19         4610.33  
    0.031       466.80          1048.62        2694.42         3184.21         4763.20  
    0.038       117.56          628.96        1482.09         2862.51         3628.30  
    0.044       0          509.68        1073.69         2749.14         3240.53  
    0.050       0          527.68        1083.21         2747.55         3217.26  
    0.056       0          539.12        1072.64         2733.86         3184.75  
    0.062       411.82          942.87        2313.50         3066.73         4924.70  
    0.069       549.14          1108.19        2724.62         3186.14         5500.00  
    0.075       550.91          1131.67        2745.11         3194.75         5500.00  
    0.081       553.28          1141.08        2772.51         3202.91         5500.00  
    0.088       552.60          1145.11        2798.12         3203.04         5500.00  
    0.094       548.48          1145.61        2797.25         3206.21         5500.00  
    0.100       542.81          1139.30        2772.19         3204.04         5500.00  
    0.106       539.70          1128.57        2757.81         3193.70         5500.00  
    0.113       535.63          1118.42        2753.57         3193.35         5500.00  
    0.119       528.60          1108.28        2743.58         3197.48         4917.30  
    0.125       523.23          1106.32        2731.48         3196.79         4513.82  
    0.131       519.66          1113.31        2726.14         3190.57         4757.37  
    0.138       513.52          1113.00        2718.57         3188.59         4324.33  
    0.144       506.70          1098.55        2709.34         3182.15         3920.64  
    0.150       504.91          1085.48        2710.44         3177.60         3961.65  
    0.156       502.31          1093.54        2701.84         3168.41         4448.70  
    0.163       498.76          1093.48        2684.21         3163.04         4992.97  
    0.169       489.20          1067.70        2679.42         3158.87         4231.74  
    0.175       476.44          1041.66        2678.71         3148.12         3572.85  
    0.181       476.92          1012.72        2704.89         3137.59         3923.35  
    0.188       118.40          616.88        1414.81         2859.20         3387.80  
    0.194       0          496.97        976.04         2759.12         3154.24  
    0.200       0          486.38        934.57         2719.51         3158.70  
    0.206       0          451.17        910.56         2718.25         3177.97  
    0.213       0          414.00        892.40         2735.51         3192.00  
    0.219       296.30          738.34        2266.84         3066.74         4929.18  
    0.225       97.52          525.96        1332.75         2836.32         3761.65  
    0.231       0          406.74        891.37         2718.83         3221.94  
    0.238       285.66          760.62        2260.70         3121.34         4938.55  
    0.244       388.48          838.69        2735.76         3256.27         5500.00  
    0.250       416.02          837.81        2766.88         3267.32         5500.00  
    0.256       394.21          833.00        2763.55         3249.32         5500.00  
    0.263       359.99          843.87        2761.13         3231.60         5500.00  
    0.269       357.88          824.90        2775.73         3235.09         5500.00  
    0.275       89.10          477.27        1332.71         2896.91         3788.25  
    0.281       0          371.11        944.59         2840.07         3177.36  
    0.288       0          380.36        1009.07         2865.34         3232.80  
    0.294       0          379.62        1044.51         2860.27         3264.98  
    0.300       0          368.56        1048.46         2868.14         3467.41  
    0.306       261.93          1148.87        2498.83         3569.33         5012.95  
    0.312       374.15          1498.51        2843.88         3828.10         5131.23  
    0.319       277.70          1445.16        2683.16         3901.44         5024.60  
    0.325       60.21          1397.12        2552.74         3917.71         5031.42  
    