0.025       0          1418.16        2088.09         3176.68         5079.52  
    0.031       0          1536.20        1766.03         3142.84         4910.27  
    0.038       0          1206.95        1577.71         3245.91         4899.38  
    0.044       849.91          1634.22        3213.87         4814.08         5464.59  
    0.050       946.75          1361.73        2997.43         4859.88         5500.00  
    0.056       816.60          1034.01        2468.10         4782.81         5465.26  
    0.062       699.25          1024.86        1903.40         4784.14         5497.82  
    0.069       40.82          735.41        1103.76         2712.91         4793.11  
    0.075       0          726.92        1070.25         2649.23         4749.01  
    0.081       0          716.55        1056.57         2668.71         4732.73  
    0.088       0          702.62        991.24         2619.50         4753.00  
    0.094       670.74          949.55        2419.29         4076.82         4881.86  
    0.100       770.11          969.72        2395.28         3857.01         4945.24  
    0.106       836.73          1040.54        2413.76         3777.16         4982.49  
    0.113       800.23          1192.82        2458.74         3770.57         5148.58  
    0.119       740.52          1349.14        2436.71         3663.24         5029.45  
    0.125       723.08          1622.17        2390.07         3757.04         5074.45  
    0.131       731.07          1802.30        2297.57         3789.30         5152.51  
    0.138       770.34          1591.84        2341.58         3690.55         5189.88  
    0.144       843.16          1444.23        2687.79         3736.03         5227.23  
    0.150       961.69          1515.35        2878.39         4122.09         5484.05  
    0.156       1032.89          1739.65        3039.01         3143.87         5094.66  
    0.163       1050.90          1909.61        3034.54         3167.17         4950.21  
    0.169       62.01          1104.08        2099.63         3152.53         4678.79  
    0.175       944.69          1564.01        2195.05         3626.87         4982.51  
    0.181       882.52          1419.16        2353.81         3748.86         4987.92  
    0.188       750.68          1552.33        2510.46         3861.01         5066.34  
    0.194       679.34          1764.35        2740.91         3771.03         5131.68  
    0.200       646.18          1855.90        2838.84         3724.57         5110.24  
    0.206       642.34          1895.79        2839.29         3767.35         5024.88  
    0.213       645.39          1928.87        2873.06         3789.12         5016.00  
    0.219       657.60          1972.88        2813.96         3688.79         5091.85  
    0.225       673.70          2009.03        2749.02         3784.17         5317.05  
    0.231       684.80          1994.96        2697.55         4086.37         5490.03  
    0.238       40.41          763.55        2040.08         2820.53         4329.55  
    0.244       645.51          2016.20        2694.10         4061.47         5426.67  
    0.250       685.81          2081.34        2627.59         3877.86         5500.00  
    0.256       682.63          1984.22        2434.68         3683.96         5034.38  
    0.263       677.00          1749.30        2480.17         3685.90         4961.04  
    0.269       673.70          1799.70        2501.23         3758.30         4905.60  
    0.275       671.19          1860.34        2539.88         3736.07         4986.53  
    0.281       664.86          1903.05        2757.28         3805.53         4950.52  
    0.288       656.07          1908.69        2961.87         3618.00         4844.56  
    0.294       648.97          1903.26        3093.20         4467.07         5460.98  
    0.300       641.50          1894.03        3124.51         4407.16         5500.00  
    0.306       631.95          1856.49        3138.34         4338.96         4856.63  
    0.312       619.01          1807.93        3067.43         4136.68         4785.46  
    0.319       613.27          1793.76        3055.29         4381.30         4867.25  
    0.325       36.14          723.06        1903.95         3243.36         4422.72  
    0.331       0          768.49        1933.12         3279.19         4480.50  
    0.338       0          803.52        2048.79         3310.27         4778.79  
    0.344       726.77          1523.01        2116.47         3508.77         4919.00  
    0.350       743.42          2006.90        2991.32         3427.46         4521.22  
    0.356       43.72          790.62        2014.61         2940.41         4199.70  
    0.363       0          690.99        1862.22         2836.60         4125.87  
    0.369       0          668.66        1745.04         2748.76         4250.47  
    0.375       0          655.88        1711.41         2689.04         4222.10  
    0.381       605.17          1543.06        2493.05         4042.25         5424.52  
    0.388       630.87          1418.96        2439.75         3935.12         5247.38  
    0.394       623.11          1291.00        2437.60         3901.66         5484.17  
    0.400       633.45          1217.66        2381.24         3944.73         5500.00  
    0.406       654.27          1251.69        2362.12         3994.55         5320.75  
    0.413       661.38          1230.89        2384.58         4073.69         5488.77  
    0.419       659.77          1191.12        2382.12         4030.23         4724.80  
    0.425       658.32          1286.00        2411.27         4016.58         5451.43  
    0.431       643.63          1336.97        2443.69         3925.58         5500.00  
    0.438       37.89          674.94        1616.42         3077.09         4014.10  
    0.444       0          634.68        1597.98         3078.54         4005.27  
    0.450       0          624.46        1715.96         3124.35         4165.00  
    0.456       0          582.61        1919.53         3480.40         4288.13  
    0.463       451.76          577.18        2286.39         3792.32         5428.97  
    0.469       471.56          684.98        2495.02         3877.42         5500.00  
    0.475       440.96          695.28        2554.27         3919.64         5500.00  
    0.481       437.43          703.02        2638.47         3912.59         5500.00  
    0.488       438.52          684.09        2671.55         3940.34         5500.00  
    0.494       25.86          446.31        787.07         2728.95         4096.84  
    0.500       0          425.62        673.69         2626.00         3964.50  
    0.506       0          433.12        676.98         2704.51         3900.08  
    0.513       0          435.54        684.48         2680.31         3889.41  
    0.519       0          438.04        697.91         2616.53         3855.79  
    0.525       416.68          670.93        2467.92         3781.10         5402.94  
    0.531       435.64          642.97        2534.96         3865.18         5500.00  
    0.537       397.70          631.94        2541.09         3973.41         5500.00  
    0.544       360.73          644.57        2572.72         4014.85         5500.00  
    0.550       333.94          654.12        2608.51         4004.79         5500.00  
    0.556       269.24          683.37        2615.06         3977.60         5500.00  
    0.562       247.75          702.33        2560.08         3932.69         5500.00  
    0.569       271.75          700.44        2509.18         3901.84         5500.00  
    0.575       275.74          695.86        2570.03         3925.98         5500.00  
    0.581       277.59          685.80        2554.14         3948.27         5500.00  
    0.588       286.45          660.55        2414.14         3926.51         5500.00  
    0.594       300.43          618.74        2422.75         3996.42         5500.00  
    0.600       305.03          614.20        2551.98         3969.86         5500.00  
    0.606       272.52          710.68        2561.22         3914.46         5500.00  
    0.613       188.82          622.49        2497.04         3865.83         5500.00  
    0.619       10.83          36.35        465.10         2568.41         3984.96  
    0.625       0          0        446.61         2503.21         3997.67  
    