0.025       0          1312.28        1697.22         2777.66         3675.54  
    0.031       590.72          1307.54        2092.28         3066.84         4983.69  
    0.038       233.15          1286.26        1628.41         2769.61         4170.03  
    0.044       518.01          1425.38        2248.06         3403.75         4975.08  
    0.050       204.45          946.89        1918.05         2888.46         5075.79  
    0.056       322.28          779.33        2480.27         4167.99         4980.82  
    0.062       447.24          798.66        2992.95         4790.15         4976.97  
    0.069       443.62          801.04        3066.88         4638.85         4985.31  
    0.075       449.55          793.12        3064.85         4452.11         4971.22  
    0.081       470.34          781.09        3074.16         4374.06         4946.22  
    0.088       488.98          760.31        3074.25         4355.59         5043.97  
    0.094       500.56          732.66        3019.53         4333.09         5088.71  
    0.100       554.59          744.48        2883.26         4294.97         5062.06  
    0.106       567.73          1077.53        2824.75         4439.11         5372.93  
    0.113       159.87          735.41        1891.63         3484.70         4845.32  
    0.119       0          543.79        1528.60         3070.63         4620.62  
    0.125       0          539.26        1552.45         3048.70         4621.08  
    0.131       380.17          1192.37        2596.79         4113.40         5249.84  
    0.138       531.71          1401.84        2924.40         4308.49         5265.59  
    0.144       531.26          1355.69        2898.25         4042.99         5140.76  
    0.150       530.42          1358.13        3002.18         4181.85         5114.14  
    0.156       532.64          1393.27        3072.95         4592.11         5389.25  
    0.163       531.51          1408.97        3060.07         4683.41         5078.19  
    0.169       538.40          1406.85        3046.00         4112.88         4964.31  
    0.175       552.26          1440.88        3050.94         4423.86         5354.28  
    0.181       540.96          1443.67        3053.40         4445.09         5500.00  
    0.188       518.08          1477.46        3115.74         4176.74         5500.00  
    0.194       499.22          1495.66        3044.87         4060.86         5215.22  
    0.200       487.24          1472.38        2964.13         4091.82         5104.30  
    0.206       482.98          1449.38        2981.94         4045.73         5091.34  
    0.213       482.65          1441.41        3055.66         3983.06         5085.98  
    0.219       480.36          1476.00        3134.30         4092.23         5090.21  
    0.225       474.40          1533.55        3141.62         4573.01         5384.50  
    0.231       467.81          1544.61        3176.06         4839.79         5220.96  
    0.238       465.75          1548.96        3134.67         4468.84         5083.78  
    0.244       471.38          1595.09        3121.09         4261.24         5068.78  
    0.250       478.30          1589.17        3115.14         3984.65         5098.07  
    0.256       482.26          1452.19        2931.90         3879.64         5102.55  
    0.263       485.42          1135.68        2879.88         4014.41         5135.36  
    0.269       488.27          920.68        2911.30         3975.93         5176.15  
    0.275       491.63          909.58        2902.93         3931.11         5158.55  
    0.281       139.42          614.23        2710.29         3159.05         5074.51  
    0.288       350.60          704.00        2701.63         3950.42         5053.37  
    0.294       487.60          855.61        2752.69         4350.31         5108.00  
    0.300       485.67          878.43        2753.02         4227.07         5137.73  
    0.306       486.76          857.19        2778.56         4059.64         5148.72  
    0.312       490.59          814.54        2872.61         4322.81         5176.48  
    0.319       139.19          594.85        2173.19         3333.68         5116.65  
    0.325       0          514.54        2173.62         2879.41         5082.01  
    0.331       0          511.13        2318.66         2881.88         5055.52  
    0.338       0          501.91        2352.96         2857.47         5015.92  
    0.344       0          496.40        2334.30         2862.08         5026.51  
    0.350       0          497.55        2316.30         2879.63         5074.58  
    0.356       0          497.06        2162.45         2882.03         5099.08  
    0.363       0          496.93        2215.29         2872.71         5088.59  
    0.369       0          496.14        2130.69         2890.65         5085.91  
    0.375       0          493.12        1971.14         2914.14         5124.44  
    0.381       0          492.31        1879.69         2927.92         5125.51  
    0.388       346.19          1021.80        2621.62         3351.27         5120.73  
    0.394       478.51          1215.40        2914.41         3624.37         5174.29  
    0.400       476.43          1310.12        2994.92         3571.24         5172.22  
    0.406       474.12          1474.72        3077.10         3534.64         5135.41  
    0.413       469.46          1467.17        2940.67         3591.00         5135.43  
    0.419       469.41          1385.70        2907.32         3679.54         5146.72  
    0.425       470.85          1430.94        2971.59         3742.76         5146.78  
    0.431       470.86          1528.52        3039.17         3788.13         5229.58  
    0.438       473.89          1595.93        3002.98         4038.35         5218.52  
    0.444       478.17          1604.70        2917.19         3839.52         5152.91  
    0.450       481.87          1574.95        2807.82         3708.92         5125.09  
    0.456       487.94          1540.11        2785.61         3799.17         5134.57  
    0.463       495.60          1545.46        2829.68         4033.44         5213.13  
    0.469       500.39          1541.11        2885.64         4296.49         5427.02  
    0.475       503.06          1524.16        2890.31         4158.91         5500.00  
    0.481       510.42          1564.20        2867.42         4082.56         5500.00  
    0.488       525.38          1614.89        2830.42         4230.61         5500.00  
    0.494       541.17          1537.63        2857.36         4593.75         5500.00  
    0.500       543.51          1507.46        2900.09         4597.64         5500.00  
    0.506       531.68          1499.56        2835.31         4237.79         5195.67  
    0.513       524.42          1474.29        2806.12         4012.23         5280.22  
    0.519       529.26          1486.69        2841.20         4203.28         5460.66  
    0.525       542.24          1434.64        2871.78         4248.28         5500.00  
    0.531       561.49          1267.26        2879.72         4394.08         5500.00  
    0.537       582.81          1007.15        2825.19         4524.02         5500.00  
    0.544       602.15          975.02        2785.71         4233.38         5500.00  
    0.550       171.89          722.91        1744.72         3177.54         4663.66  
    0.556       0          615.05        1422.32         2841.75         4397.98  
    0.562       438.51          1094.54        2459.93         3981.00         5195.33  
    0.569       617.17          1213.52        2863.90         4410.22         5500.00  
    0.575       612.94          1231.21        2875.52         4336.46         5500.00  
    0.581       172.74          797.55        1768.69         3290.79         4557.75  
    0.588       0          618.15        1327.03         2863.40         4273.36  
    0.594       444.32          952.20        2296.39         3811.47         4783.30  
    0.600       614.55          1116.28        2766.95         4184.71         5350.28  
    0.606       599.90          1000.63        2816.11         4285.92         5005.01  
    0.613       582.35          928.52        2844.09         4222.97         4593.81  
    0.619       567.29          917.03        2869.67         4185.80         4578.38  
    0.625       556.55          904.93        2886.95         4176.45         4645.69  
    0.631       557.91          885.96        2891.57         4103.68         4684.44  
    0.638       572.19          895.89        2883.40         4204.49         4645.38  
    0.644       590.81          903.52        2910.98         4284.26         4729.90  
    0.650       602.89          854.75        2922.11         4280.38         4912.94  
    0.656       595.13          826.66        2888.39         4137.05         4755.24  
    0.663       560.21          831.53        2885.54         4071.37         4690.20  
    0.669       543.52          840.24        2902.08         4105.03         4667.91  
    0.675       530.17          852.84        2919.12         4042.13         4691.04  
    0.681       505.26          860.78        2909.36         3978.69         4735.24  
    0.688       488.76          869.81        2890.15         3987.07         4712.67  
    0.694       478.95          888.37        2885.83         4016.85         4627.39  
    0.700       477.08          900.93        2895.99         4003.25         4613.94  
    0.706       478.72          914.92        2895.71         3999.06         4641.04  
    0.713       480.58          928.93        2880.83         3975.98         4664.56  
    0.719       496.75          961.93        2796.81         3793.64         4659.59  
    0.725       545.77          1071.00        2588.24         3326.01         4550.58  
    0.731       545.18          1214.86        2257.62         3511.23         4453.20  
    0.738       536.42          1460.12        2151.41         3927.83         4503.48  
    0.744       528.65          1544.60        2147.02         4018.76         4662.22  
    0.750       525.85          1556.33        2162.95         3997.77         4714.98  
    0.756       532.67          1576.15        2206.75         3994.81         4631.19  
    0.763       549.90          1560.13        2159.66         3966.60         4587.14  
    0.769       567.08          1507.05        2143.98         3977.31         4610.75  
    0.775       587.35          1219.91        2531.99         4083.99         4544.87  
    0.781       613.16          1011.64        2823.09         4085.89         4713.17  
    0.788       626.76          978.79        2928.38         4069.77         4990.49  
    0.794       620.91          970.54        2926.12         4125.14         4902.16  
    0.800       595.72          917.33        2920.10         4205.27         4746.73  
    0.806       544.51          859.75        2939.32         4093.68         4759.14  
    0.812       496.80          817.85        2954.83         4076.03         4805.73  
    0.819       445.24          804.73        2948.13         4021.76         4660.22  
    0.825       431.89          809.39        2864.12         3966.39         4594.83  
    0.831       430.35          820.03        2751.96         3970.47         4686.62  
    0.838       429.48          832.61        2735.09         3994.35         4701.26  
    0.844       430.06          831.23        2768.62         3999.04         4733.35  
    0.850       429.21          825.41        2720.87         3983.08         4775.53  
    