0.025       629.28          1745.02        2904.05         4018.42         5500.00  
    0.031       210.62          1473.54        2396.12         3278.29         4601.04  
    0.038       449.42          1471.45        2732.09         3771.54         5047.76  
    0.044       226.09          1503.70        2769.88         3936.46         5093.11  
    0.050       572.49          1680.42        2492.41         3748.02         4956.53  
    0.056       288.00          1391.10        2342.81         3638.92         4632.84  
    0.062       0          1221.61        2270.16         3494.70         4458.95  
    0.069       0          1062.43        2139.65         3455.52         4428.75  
    0.075       0          1088.31        2367.88         3585.15         4555.91  
    0.081       0          383.17        1684.48         2897.36         4011.82  
    0.088       0          866.13        2027.17         3219.01         4433.63  
    0.094       0          572.34        2023.94         3364.56         4354.42  
    0.100       332.44          1205.19        2535.98         3561.61         4697.16  
    0.106       643.45          1770.04        2934.68         4146.98         5326.90  
    0.113       752.83          1770.31        2927.45         4156.78         5106.43  
    0.119       526.89          1716.37        2952.21         3756.51         4875.51  
    0.125       584.07          1470.82        2763.76         3620.76         4860.82  
    0.131       225.83          1375.08        2543.59         3504.95         4813.62  
    0.138       0          1573.97        2050.29         3266.03         4665.38  
    0.144       0          1333.85        2128.28         3413.26         4528.09  
    0.150       576.34          1443.83        2393.07         3624.99         4727.79  
    0.156       289.94          530.18        1992.65         3321.98         3736.74  
    0.163       0          802.93        1783.05         2956.93         3806.04  
    0.169       24.14          1479.37        2568.46         3587.99         5038.77  
    0.175       328.95          1559.45        2974.95         4014.05         5500.00  
    0.181       434.47          1667.82        2908.25         3924.58         5200.18  
    0.188       138.39          581.28        1993.47         3240.25         4276.46  
    0.194       395.73          1074.93        2447.50         3552.46         4482.74  
    0.200       641.93          1677.75        2847.67         3882.77         4847.14  
    0.206       662.59          1728.78        2789.79         3898.80         4871.64  
    0.213       646.87          1677.27        2731.23         3939.32         4896.61  
    0.219       214.11          1330.58        2398.94         3467.46         4533.47  
    0.225       0          1113.85        2090.29         3265.44         4495.11  
    0.231       259.48          1379.62        2416.30         3514.79         4829.09  
    0.238       130.54          995.12        2419.82         3510.26         4836.30  
    0.244       0          722.29        2333.51         3411.94         4751.53  
    0.250       0          650.77        2380.33         3413.31         4770.07  
    0.256       0          206.17        1222.97         2767.16         3906.29  
    0.263       0          0        655.98         2477.23         3446.75  
    0.269       0          0        682.22         2493.20         3416.03  
    0.275       0          407.04        1856.77         3072.94         4222.14  
    0.281       0          610.96        2454.51         3373.35         3906.64  
    0.288       0          600.72        2466.68         3395.38         3457.22  
    0.294       0          592.83        2449.85         3400.61         3473.18  
    0.300       0          604.73        2406.07         3363.23         3632.51  
    0.306       0          630.12        2407.36         3333.17         3725.94  
    0.312       0          643.05        2424.09         3333.15         3653.84  
    0.319       0          632.73        2562.01         3351.17         3461.38  
    0.325       0          640.65        2633.53         3385.16         3426.72  
    0.331       0          658.47        2563.00         3367.60         3831.38  
    0.338       0          665.27        2523.54         3355.28         4043.03  
    0.344       0          661.38        2554.03         3374.63         4509.99  
    0.350       0          220.59        1295.87         2866.19         3839.25  
    0.356       0          438.01        1917.36         3121.93         3829.68  
    0.363       0          684.54        2492.97         3386.49         3739.30  
    0.369       0          704.10        2476.85         3405.84         3542.37  
    0.375       0          698.63        2525.81         3419.31         3683.42  
    0.381       0          699.21        2535.18         3412.58         4367.43  
    0.388       0          234.85        1325.26         2820.77         3836.96  
    0.394       0          0        721.02         2563.55         3420.53  
    0.400       0          0        731.04         2561.89         3421.53  
    0.406       0          0        753.08         2527.24         3408.32  
    0.413       0          0        770.42         2514.14         3410.22  
    0.419       0          0        765.19         2547.73         3455.65  
    0.425       0          0        751.24         2577.54         3471.89  
    0.431       0          0        741.64         2588.85         3474.70  
    0.438       0          487.26        1948.23         3178.11         4344.32  
    0.444       0          245.13        1315.74         2784.62         3890.36  
    0.450       0          460.89        1617.21         3022.82         4019.15  
    0.456       0          683.95        2142.97         3295.35         4307.82  
    0.463       0          719.21        2254.84         3385.78         4425.35  
    0.469       0          777.65        2406.25         3491.11         4705.57  
    0.475       251.08          996.64        2437.09         3518.30         4864.99  
    0.481       126.31          1118.26        2415.20         3552.55         4784.67  
    0.488       0          1110.85        2410.53         3369.67         4563.60  
    0.494       0          1031.37        2326.83         3245.74         4538.50  
    0.500       0          1136.31        2409.96         3072.85         4363.32  
    0.506       0          1369.87        2456.97         2867.48         4247.83  
    0.513       0          1353.35        2447.33         3230.28         4166.08  
    0.519       0          436.38        1805.96         2847.87         4021.68  
    0.525       578.89          737.44        2178.00         3434.73         4556.01  
    0.531       291.22          1083.49        2492.25         3696.98         4700.57  
    0.537       0          907.98        2363.23         3509.76         4561.89  
    0.544       367.51          1391.33        2766.10         3846.61         4763.71  
    0.550       551.03          1763.10        3092.01         4219.83         5292.85  
    0.556       609.06          1583.32        2909.51         4037.00         5259.08  
    0.562       695.19          1632.01        2834.33         3983.32         4976.45  
    0.569       614.76          1645.31        2964.50         4096.67         5207.76  
    0.575       187.42          539.25        1978.56         3225.37         4413.93  
    0.581       0          964.38        1796.88         2997.56         4144.36  
    0.588       410.96          1669.46        2554.83         3693.08         4786.80  
    0.594       627.95          1849.43        2781.45         3777.27         4980.28  
    0.600       705.28          1852.79        2804.76         3707.02         4909.74  
    0.606       744.87          1833.39        2824.93         3710.78         4955.03  
    0.613       249.85          613.03        2052.12         3099.01         4156.69  
    0.619       0          836.13        2084.62         3154.83         4124.28  
    0.625       0          1027.30        2116.02         3286.34         4339.53  
    