0.025       470.11          1824.72        2321.51         4380.98         4734.65  
    0.031       490.18          1539.13        3329.63         4504.90         4857.52  
    0.038       62.95          191.16        1027.66         3665.05         4470.81  
    0.044       0          688.69        2846.61         3914.90         4671.10  
    0.050       0          100.79        985.78         3647.58         3868.11  
    0.056       321.76          669.01        2895.26         3932.66         4762.07  
    0.062       363.59          686.97        2970.05         4607.22         4756.90  
    0.069       372.17          692.66        3143.43         4036.42         4788.16  
    0.075       405.64          759.09        2965.22         3762.59         4816.19  
    0.081       436.23          815.82        2785.84         3748.06         4916.12  
    0.088       454.22          984.67        2632.35         3757.40         4943.67  
    0.094       448.74          1157.40        2685.40         3777.05         4897.00  
    0.100       446.04          1201.18        2684.05         3783.60         4784.64  
    0.106       442.69          1223.66        2646.33         3770.83         4770.77  
    0.113       440.54          1243.74        2601.01         3759.45         4812.42  
    0.119       441.21          1229.19        2584.23         3726.48         4774.66  
    0.125       441.27          1196.41        2617.30         3741.14         4702.37  
    0.131       443.07          1178.13        2598.62         3721.63         4617.77  
    0.138       443.89          1195.59        2588.86         3768.12         4688.47  
    0.144       442.67          1169.46        2582.34         3771.07         4886.52  
    0.150       441.66          1137.33        2607.32         3783.43         5006.03  
    0.156       440.36          1178.92        2630.19         3767.08         4758.78  
    0.163       440.28          1198.01        2662.27         3805.18         5105.52  
    0.169       441.31          1242.39        2765.62         3840.51         5456.83  
    0.175       450.84          1239.54        2863.05         3802.74         5500.00  
    0.181       453.37          1036.09        2878.58         3772.12         5042.18  
    0.188       441.78          902.85        2624.11         3919.92         4969.08  
    0.194       458.38          889.34        2324.72         3782.05         5002.49  
    0.200       58.86          515.51        1398.06         3433.37         3774.22  
    0.206       0          453.84        1371.08         3268.40         4192.10  
    0.213       0          453.07        1391.51         3165.57         4023.61  
    0.219       0          454.01        1374.58         3246.88         3633.32  
    0.225       400.10          1325.57        1972.64         3480.71         5081.69  
    0.231       459.42          1475.59        1935.56         3451.19         5474.62  
    0.238       456.24          1292.39        2025.62         3386.72         4884.50  
    0.244       452.34          1212.33        2518.34         3511.38         4814.88  
    0.250       450.27          1150.52        2544.29         3625.28         5098.41  
    0.256       455.78          1205.08        2391.72         3677.44         5162.32  
    0.263       459.30          1163.46        2411.39         3642.03         4976.64  
    0.269       457.36          1141.34        3192.23         3568.04         5429.65  
    0.275       58.35          545.63        1627.80         3383.11         4353.26  
    0.281       400.30          1286.90        1920.07         3464.33         4915.51  
    0.288       463.69          1294.83        2053.81         3520.86         5134.84  
    0.294       59.29          570.88        1588.80         3456.59         5031.04  
    0.300       407.58          1220.83        2665.44         3324.36         4708.93  
    0.306       59.65          582.90        1597.18         3151.74         4633.08  
    0.312       416.14          1106.94        2266.19         3339.72         5014.20  
    0.319       482.22          1005.68        2349.74         3611.95         5013.07  
    0.325       469.96          859.83        2477.72         3887.65         5051.78  
    0.331       459.89          818.82        2724.85         4584.44         4942.34  
    0.338       458.71          817.35        2758.29         4360.42         5069.06  
    0.344       457.60          828.03        2934.86         4165.43         5070.82  
    0.350       452.93          841.10        3150.62         3881.03         5091.75  
    0.356       439.16          856.36        3010.74         3823.02         5057.56  
    0.363       404.79          874.84        3221.85         3656.12         5062.36  
    0.369       51.07          468.60        1184.84         3530.95         4933.55  
    0.375       0          402.00        862.29         3599.26         5117.74  
    0.381       330.28          763.89        2695.55         3669.33         5086.78  
    0.388       363.85          806.55        2727.86         3703.58         5134.54  
    0.394       352.18          811.08        2689.39         3611.14         5219.51  
    0.400       346.78          819.34        2751.97         3526.78         5220.60  
    0.406       327.23          820.93        2650.01         3622.12         5119.42  
    0.413       316.46          809.76        2512.19         3662.30         5009.61  
    0.419       319.00          789.28        2528.55         3862.26         4972.72  
    0.425       282.76          807.59        2572.54         3877.27         4939.46  
    0.431       262.06          807.72        2577.89         3800.75         4996.18  
    0.438       286.23          815.58        2545.25         3712.91         5023.59  
    0.444       401.07          753.33        2438.36         3693.93         5012.59  
    0.450       423.56          971.95        2517.97         3771.33         4927.48  
    0.456       453.29          929.63        2689.27         3837.69         4941.42  
    0.463       525.43          817.74        2722.52         3800.11         4924.93  
    0.469       491.09          792.19        2706.06         3774.62         4937.83  
    0.475       362.23          813.98        2658.94         3763.03         4913.38  
    0.481       404.81          934.62        2698.54         3782.57         4866.89  
    0.488       461.05          923.29        2878.52         3847.85         4980.41  
    0.494       270.85          817.42        2624.25         3815.08         5069.01  
    0.500       372.60          660.67        2505.75         3839.50         5072.10  
    0.506       377.46          681.28        2493.78         3858.82         5060.12  
    