0.025       0          526.15        1790.95         3162.30         4445.43  
    0.031       0          552.75        1848.71         3200.30         4492.73  
    0.038       249.07          575.08        2507.65         3176.38         5021.58  
    0.044       471.61          669.26        2957.12         3259.93         5500.00  
    0.050       222.72          622.21        1874.09         3091.05         4452.64  
    0.056       233.36          897.58        1643.13         3090.89         4134.09  
    0.062       459.71          1362.09        2338.16         3518.43         4758.83  
    0.069       458.48          1411.69        2376.30         3844.28         4714.56  
    0.075       471.04          1396.54        2366.91         3952.30         4932.50  
    0.081       472.54          1429.92        2286.82         3757.22         4934.32  
    0.088       462.49          1524.49        2321.47         3496.45         4737.89  
    0.094       457.47          1580.59        2464.83         3371.85         4604.51  
    0.100       459.39          1627.93        2770.51         3220.34         4480.74  
    0.106       230.76          1064.64        2347.66         3012.25         4411.08  
    0.113       0          476.08        1705.83         2990.19         4334.12  
    0.119       0          486.33        1723.04         2996.72         4261.98  
    0.125       0          491.11        1729.89         3018.47         4228.76  
    0.131       0          495.24        1713.17         3030.77         4227.59  
    0.138       0          500.92        1718.49         3038.19         4216.03  
    0.144       0          502.18        1727.79         3043.30         4227.96  
    0.150       0          506.09        1711.63         3037.91         4207.49  
    0.156       0          500.47        1684.12         3013.75         4161.01  
    0.163       244.52          1064.64        2348.29         3590.84         4825.33  
    0.169       242.75          1061.84        2307.17         3636.95         4834.17  
    0.175       0          493.81        1592.56         3107.83         4140.25  
    0.181       249.38          1043.13        2376.14         3662.24         4300.88  
    0.188       499.75          1572.86        3149.16         3683.21         4407.08  
    0.194       510.47          1573.10        3128.01         3276.18         4303.13  
    0.200       522.76          1588.69        3108.95         3518.65         4256.08  
    0.206       530.69          1587.37        3108.62         3813.97         4442.27  
    0.213       534.36          1591.45        3056.86         3859.30         5079.04  
    0.219       545.11          1588.79        3020.50         3785.86         5500.00  
    0.225       558.55          1563.08        3054.34         3822.42         5500.00  
    0.231       556.78          1519.97        3134.29         3859.82         5500.00  
    0.238       549.26          1397.96        3298.34         3655.09         4804.97  
    0.244       537.82          1246.08        3120.35         3428.35         4226.32  
    0.250       527.43          1141.74        2873.09         3447.23         4377.45  
    0.256       527.52          1060.42        2845.06         3450.66         4418.20  
    0.263       528.11          974.19        2559.30         3442.12         4450.77  
    0.269       486.33          873.02        2605.98         3441.65         4561.48  
    0.275       445.91          818.17        2936.07         3460.32         4686.38  
    0.281       431.38          728.22        2978.40         3480.54         4744.32  
    0.288       207.87          321.40        1834.57         3152.57         4141.45  
    0.294       107.71          359.90        1788.96         3171.46         4277.32  
    0.300       383.03          730.76        2847.97         3517.38         5099.00  
    0.306       274.11          370.76        1710.60         3163.68         4442.45  
    0.312       0          307.17        1720.98         3328.32         4608.56  
    0.319       0          304.95        1785.21         3321.91         4398.81  
    0.325       0          0        726.72         2824.61         3229.46  
    0.331       0          0        736.81         2819.58         3660.74  
    0.338       0          371.67        1330.90         2847.56         4186.16  
    0.344       0          701.97        2012.70         2918.18         4207.90  
    