0.025       0          569.51        1792.98         2704.96         3774.14  
    0.031       0          546.97        1838.89         2693.70         3823.62  
    0.038       0          538.19        1887.84         2720.15         3791.30  
    0.044       0          499.38        1878.64         2695.95         3755.14  
    0.050       0          473.18        1563.14         2620.37         4028.20  
    0.056       0          452.97        1065.02         2613.26         4206.79  
    0.062       288.32          591.76        1917.54         3695.10         4738.35  
    0.069       447.88          680.19        2482.56         4243.66         4802.23  
    0.075       461.62          684.74        2563.28         4258.27         4659.13  
    0.081       474.59          690.18        2664.57         4239.38         4623.12  
    0.088       479.40          706.24        2710.45         4203.80         4563.59  
    0.094       479.26          742.51        2864.65         4177.31         4433.69  
    0.100       475.60          763.93        2892.43         4160.54         4387.56  
    0.106       472.60          762.54        2775.95         4142.94         4428.86  
    0.113       473.94          760.16        2749.61         4149.70         4459.84  
    0.119       478.94          752.18        2685.01         4160.17         4475.27  
    0.125       482.09          731.57        2590.21         4182.19         4471.04  
    0.131       491.03          664.60        2531.48         4188.39         4474.65  
    0.138       499.51          548.73        2484.18         4172.94         4504.97  
    0.144       353.43          505.04        2461.90         4184.02         4539.27  
    0.150       402.85          505.67        2458.54         4199.07         4530.45  
    0.156       159.65          172.51        1175.75         3010.29         4308.48  
    0.163       0          0        515.47         2373.45         4145.13  
    0.169       0          344.56        1701.13         3524.63         4368.84  
    0.175       0          178.33        1135.00         2966.93         4267.60  
    0.181       0          344.80        1706.50         3518.35         4391.79  
    0.188       0          525.63        2317.85         4092.80         4526.51  
    0.194       0          525.27        2307.76         4063.68         4557.63  
    0.200       0          519.31        2300.09         4013.41         4563.00  
    0.206       0          515.69        2334.17         4023.33         4548.20  
    0.213       0          515.28        2334.10         4065.92         4540.67  
    0.219       0          514.18        2292.96         4042.76         4496.74  
    0.225       0          511.55        2302.24         4051.26         4536.09  
    0.231       0          508.50        2291.50         4096.16         4606.19  
    0.238       0          173.07        1111.33         2942.42         4271.26  
    0.244       0          0        512.01         2364.02         4068.95  
    0.250       284.61          338.05        1773.79         3485.51         4448.80  
    0.256       147.30          174.96        1165.77         2938.63         4251.73  
    0.263       0          0        512.69         2216.39         4081.01  
    0.269       0          0        511.80         2163.08         4119.55  
    0.275       0          339.64        1554.12         3467.69         4468.92  
    0.281       0          515.93        2114.44         4119.28         4620.53  
    0.288       328.85          514.13        2309.95         4114.44         4625.25  
    0.294       502.60          686.56        2523.59         4085.62         4641.08  
    0.300       504.47          757.08        2557.64         4052.86         4650.43  
    0.306       507.82          628.04        2489.61         4049.53         4678.03  
    0.312       173.77          193.18        1176.81         2978.41         4276.15  
    0.319       0          0        511.62         2388.33         4079.95  
    0.325       0          0        506.56         2397.50         4091.77  
    0.331       0          0        503.79         2358.85         4083.64  
    0.338       0          332.31        1666.03         3430.22         4432.32  
    0.344       0          503.11        2297.14         3999.03         4620.33  
    0.350       0          503.92        2362.20         4013.72         4657.68  
    0.356       0          508.23        2400.68         4012.34         4724.90  
    0.363       0          173.96        1160.39         2929.06         4283.19  
    0.369       0          0        518.02         2353.99         4040.24  
    0.375       0          0        525.32         2363.35         4054.52  
    0.381       0          352.85        1751.51         3476.48         4582.87  
    0.388       0          539.20        2384.94         4041.71         4832.98  
    0.394       0          184.55        1173.47         2971.04         4279.07  
    0.400       362.72          386.10        2117.90         3463.92         4514.64  
    0.406       557.27          580.77        2910.77         3988.70         4687.36  
    0.413       494.21          652.64        2800.26         3943.49         4664.05  
    0.419       440.63          720.88        2755.03         3908.01         4734.91  
    0.425       422.50          754.70        2656.63         3895.15         4854.18  
    0.431       412.59          783.24        2627.71         3904.62         4941.00  
    0.438       411.48          812.50        2677.32         3896.39         4962.29  
    0.444       419.96          839.45        2720.56         3950.24         5005.93  
    0.450       432.64          864.83        3256.83         3993.47         5129.01  
    0.456       449.57          813.65        3755.15         4061.46         5391.23  
    0.463       155.51          584.27        1733.48         3935.78         4561.99  
    0.469       0          496.93        604.06         3900.35         4057.55  
    0.475       309.64          604.30        2057.62         3918.11         4580.42  
    0.481       419.50          716.53        2712.68         3903.40         4877.47  
    0.488       371.92          792.98        2537.24         3971.38         4940.96  
    0.494       367.88          836.06        2491.78         4006.93         5001.37  
    0.500       411.01          711.22        2465.26         3998.83         4985.80  
    