0.025       307.83          812.99        3270.75         3686.19         5500.00  
    0.031       323.20          845.87        3265.79         3657.71         5230.73  
    0.038       419.06          790.94        3238.12         3470.98         4989.73  
    0.044       375.11          789.14        2826.47         3626.92         4954.00  
    0.050       339.66          794.91        2752.53         3748.85         4925.19  
    0.056       27.81          65.65        935.90         2890.58         3839.69  
    0.062       556.50          568.20        2657.32         3648.18         5354.92  
    0.069       50.07          51.12        839.56         2876.99         3819.38  
    0.075       309.16          659.49        2558.99         3610.86         4986.77  
    0.081       440.42          759.34        2705.43         3646.55         4983.29  
    0.088       456.89          774.22        2710.63         3501.18         5033.24  
    0.094       462.77          769.46        2729.75         3465.18         5238.76  
    0.100       511.58          694.22        2797.20         3454.80         5193.74  
    0.106       459.94          783.33        2830.90         3407.05         5088.89  
    0.113       452.93          776.04        2841.69         3371.31         5145.34  
    0.119       454.13          769.12        2880.84         3359.82         5196.04  
    0.125       472.85          684.39        2833.24         3351.00         5209.00  
    0.131       468.10          712.76        2769.67         3365.25         5211.46  
    0.138       465.25          683.39        2827.70         3409.66         5123.27  
    0.144       401.81          517.74        2851.37         3419.14         5115.58  
    0.150       288.59          521.87        2855.30         3420.44         5147.13  
    0.156       493.74          585.76        2865.49         3469.91         5123.27  
    0.163       525.47          566.36        2801.69         3463.48         5129.52  
    0.169       107.21          552.44        2784.23         3430.26         5170.54  
    0.175       5.73          45.51        762.86         2806.75         3547.98  
    0.181       0          0        578.88         2719.15         3410.97  
    0.188       0          0        568.16         2705.95         3410.90  
    0.194       0          0        567.04         2719.19         3404.76  
    0.200       0          0        569.73         2735.53         3415.07  
    0.206       0          0        571.30         2749.22         3442.24  
    0.213       0          0        573.46         2775.63         3448.29  
    0.219       0          0        590.75         2825.74         3425.36  
    0.225       209.97          533.07        2683.22         3367.58         5031.26  
    0.231       496.14          604.67        2889.24         3399.96         5126.47  
    0.238       462.32          763.33        2995.04         3392.92         5065.93  
    0.244       494.50          699.65        2986.81         3396.54         5092.44  
    0.250       545.75          576.37        2982.01         3391.21         5090.78  
    0.256       473.66          594.84        2978.32         3381.66         5066.30  
    0.263       387.12          629.19        2934.09         3382.98         5057.06  
    0.269       475.92          682.74        2962.37         3393.62         5052.44  
    0.275       449.45          747.73        2956.96         3412.28         5000.45  
    0.281       386.22          678.24        2874.10         3416.06         5000.07  
    0.288       367.42          678.96        2862.47         3413.06         5014.87  
    0.294       398.30          708.71        2927.23         3421.68         5057.76  
    0.300       251.31          700.47        2916.89         3425.17         5081.41  
    0.306       240.86          704.17        2930.67         3418.82         5054.36  
    0.312       332.63          721.07        2957.52         3426.81         5047.80  
    0.319       28.13          59.64        896.14         2981.90         3567.59  
    0.325       167.83          662.36        2809.92         3395.36         4914.03  
    0.331       326.08          731.90        3036.23         3437.62         5057.84  
    0.338       386.19          747.41        3023.73         3446.87         5062.75  
    0.344       378.02          749.19        2977.44         3451.41         5087.41  
    0.350       300.00          729.41        2899.72         3453.37         5076.53  
    0.356       225.98          708.56        2913.78         3449.54         5055.48  
    0.363       255.39          693.42        3002.29         3428.28         5007.06  
    0.369       327.17          671.39        3074.23         3399.50         4986.17  
    0.375       27.51          55.26        845.55         3052.75         3509.35  
    0.381       0          0        634.22         2978.88         3377.04  
    0.388       266.18          560.90        2710.96         3346.94         4851.53  
    0.394       433.63          593.35        2834.28         3384.56         4977.79  
    0.400       440.62          599.82        2821.05         3397.95         4999.99  
    0.406       458.59          574.37        2824.81         3414.97         4988.17  
    0.413       471.66          530.64        2855.48         3437.89         5014.14  
    0.419       473.92          512.77        2990.81         3460.35         5030.21  
    0.425       502.55          522.48        3196.24         3441.66         5001.22  
    0.431       304.04          583.76        3201.35         3407.59         5020.83  
    0.438       197.09          617.34        3114.31         3401.63         5053.10  
    0.444       15.61          51.16        835.48         2985.07         3545.58  
    0.450       0          0        637.13         2875.76         3418.35  
    0.456       0          0        643.46         2831.30         3437.26  
    0.463       0          0        655.12         2582.18         3461.46  
    0.469       0          0        666.25         2385.99         3482.42  
    0.475       0          0        701.73         2221.35         3484.07  
    0.481       0          0        735.98         2183.28         3491.74  
    0.488       0          0        745.42         2208.32         3503.79  
    0.494       0          675.34        2053.79         3391.30         4755.14  
    0.500       0          700.01        2203.03         3534.38         4876.08  
    0.506       0          731.88        2169.74         3533.28         4982.91  
    0.513       0          731.25        2114.38         3344.07         4806.08  
    0.519       0          715.79        2080.46         3441.32         4738.61  
    0.525       0          688.26        2086.48         3351.23         4692.64  
    0.531       0          652.65        2085.68         3308.08         4707.40  
    0.537       0          571.53        2080.41         3388.28         4783.27  
    0.544       0          406.46        2081.95         3351.62         4603.21  
    0.550       0          429.31        2123.88         3376.10         4597.64  
    0.556       0          690.76        2103.68         3416.91         4872.16  
    0.562       0          816.88        2190.91         3529.97         4839.00  
    0.569       0          872.98        2291.57         3555.95         4858.09  
    0.575       0          908.23        2346.39         3597.39         4829.08  
    