0.025       434.00          912.61        2954.95         3624.92         5500.00  
    0.031       436.65          1175.31        2723.20         3631.74         5500.00  
    0.038       421.87          1268.38        2446.81         3326.23         4790.35  
    0.044       410.66          1293.44        2300.67         3299.84         4604.25  
    0.050       407.38          1329.79        2317.56         3313.26         4571.91  
    0.056       410.28          1346.66        2374.84         3357.85         4554.18  
    0.062       415.27          1340.14        2406.24         3493.93         4550.69  
    0.069       420.63          1326.39        2406.41         3569.63         4696.90  
    0.075       430.91          1330.09        2446.51         3616.34         4677.80  
    0.081       440.58          1323.59        2463.87         3669.36         4676.45  
    0.088       449.73          1308.62        2475.29         3548.77         4710.56  
    0.094       463.15          1305.33        2521.78         3477.43         4673.86  
    0.100       477.15          1315.49        2526.21         3586.49         4664.20  
    0.106       482.45          1313.33        2499.42         3377.48         4802.00  
    0.113       488.78          1305.70        2586.90         3299.70         4908.06  
    0.119       496.88          1287.74        2585.05         3394.22         4939.78  
    0.125       505.31          1293.32        2615.50         3549.43         5081.12  
    0.131       514.01          1329.55        2736.28         3762.44         5422.35  
    0.138       513.28          1338.01        2775.16         3856.10         5500.00  
    0.144       510.18          1350.28        2754.03         3865.55         5500.00  
    0.150       504.20          1345.61        2741.76         3975.88         5500.00  
    0.156       101.71          678.39        1637.26         2985.67         4382.04  
    0.163       0          517.23        1366.36         2678.25         4083.74  
    0.169       405.36          1164.34        2343.97         3620.64         5212.78  
    0.175       507.17          1343.47        2596.23         3886.73         5500.00  
    0.181       508.61          1347.28        2620.77         3921.35         5500.00  
    0.188       503.55          1308.82        2652.13         3958.00         4392.09  
    0.194       500.47          1312.45        2666.68         3698.99         4393.25  
    0.200       494.64          1294.30        2544.21         3411.44         4625.84  
    0.206       492.10          1285.03        2478.39         3266.04         4660.84  
    0.213       489.70          1270.76        2437.11         3315.86         4645.04  
    0.219       486.11          1253.41        2524.87         3292.60         4655.58  
    0.225       487.47          1257.50        2595.51         3296.11         4687.72  
    0.231       493.31          1244.20        2565.91         3406.66         4675.65  
    0.238       499.34          1232.95        2760.86         3405.90         4553.58  
    0.244       500.59          1216.41        2857.25         3667.69         4528.71  
    0.250       504.12          1208.91        2960.72         3375.04         4496.93  
    0.256       507.91          1198.97        2806.44         3341.08         4493.96  
    0.263       510.06          1179.99        2560.74         3500.09         4501.09  
    0.269       511.88          1158.66        2475.37         3644.89         4485.78  
    0.275       514.17          1155.66        2496.35         3672.43         4486.10  
    0.281       517.02          1161.22        2561.71         3511.82         4545.49  
    0.288       519.37          1163.07        2626.01         3476.57         4594.58  
    0.294       526.72          1156.50        2517.71         3510.94         4674.72  
    0.300       541.52          1176.12        2403.35         3440.22         4683.08  
    0.306       565.83          1179.06        2351.46         3475.94         4782.74  
    0.312       614.62          1075.45        2313.92         3538.06         4871.07  
    0.319       669.96          926.11        2212.51         3532.11         4819.42  
    0.325       655.53          929.41        2175.41         3496.55         4795.16  
    0.331       582.55          1107.36        2156.45         3482.18         4828.08  
    0.338       540.78          1265.83        2250.36         3514.75         4903.23  
    0.344       545.12          1303.65        2370.45         3552.15         4962.48  
    0.350       573.80          1264.95        2391.44         3593.55         4836.79  
    0.356       593.65          1219.99        2433.94         3545.99         4750.69  
    0.363       596.78          1309.44        2628.84         3810.34         5345.80  
    0.369       120.70          739.19        1727.19         2884.54         4249.77  
    0.375       0          590.72        1585.68         2786.31         3832.34  
    0.381       0          600.72        1704.74         3296.82         3991.38  
    0.388       490.93          769.58        2955.31         3419.11         5204.32  
    0.394       601.69          874.51        3108.21         3426.72         5500.00  
    0.400       603.02          885.89        2729.41         3470.99         5349.09  
    0.406       604.97          789.72        2769.78         3515.41         5271.22  
    0.413       597.63          679.63        2679.02         3477.29         4985.69  
    0.419       574.61          703.12        2529.82         3412.21         4889.21  
    0.425       591.36          923.26        2722.42         3499.81         5039.92  
    