0.025       0          1003.59        1954.78         2809.50         3857.17  
    0.031       0          972.22        2020.37         2810.05         3895.43  
    0.038       0          903.86        2074.68         2741.17         3918.49  
    0.044       0          806.74        2065.36         2701.62         3928.04  
    0.050       0          706.10        2002.94         2759.02         3925.60  
    0.056       0          568.02        1920.05         2596.09         3868.40  
    0.062       257.90          717.24        2289.95         3284.63         4607.28  
    0.069       399.85          822.81        2517.11         3710.51         4557.16  
    0.075       408.94          811.34        2657.22         3827.87         4824.99  
    0.081       400.48          768.06        2559.70         3887.58         4967.60  
    0.088       383.65          727.08        2476.30         3922.44         4930.63  
    0.094       380.27          720.09        2492.90         3945.03         5125.08  
    0.100       391.23          725.79        2479.76         3960.76         5236.05  
    0.106       399.34          725.92        2410.26         3991.41         5073.98  
    0.113       389.33          728.28        2381.23         4004.38         5208.96  
    0.119       373.10          735.43        2453.77         3994.08         5295.22  
    0.125       360.21          738.87        2508.54         3990.25         5138.91  
    0.131       352.55          728.62        2533.99         3989.41         5010.24  
    0.138       347.95          710.08        2579.96         3988.04         4883.67  
    0.144       346.72          698.52        2694.20         3982.83         4804.28  
    0.150       347.98          701.70        2831.48         3957.80         5107.15  
    0.156       351.51          703.56        2723.65         3953.68         5199.97  
    0.163       356.54          693.98        2633.68         3949.93         5099.54  
    0.169       358.67          684.92        2608.88         3926.53         4964.27  
    0.175       358.50          682.52        2618.13         3898.25         4892.45  
    0.181       356.24          687.70        2681.86         3945.86         4822.12  
    0.188       352.91          696.79        2715.05         3966.06         4670.57  
    0.194       353.81          703.83        2991.70         3957.74         4925.33  
    0.200       123.94          479.72        1560.71         3785.89         4414.11  
    0.206       0          356.44        707.28         3703.67         3976.32  
    0.213       230.81          580.75        2641.32         3884.88         4954.46  
    0.219       353.96          708.07        3690.26         3974.85         5500.00  
    0.225       352.68          706.83        3208.74         3977.89         5213.80  
    0.231       351.11          707.02        2743.29         3999.84         5100.10  
    0.238       350.52          714.56        2749.43         3997.80         5040.39  
    0.244       350.96          716.55        2827.63         3990.48         4970.34  
    0.250       351.09          715.21        2838.11         3998.70         5017.72  
    0.256       351.26          711.37        2788.48         4017.56         5078.56  
    0.263       350.85          709.79        2669.72         4076.33         5086.85  
    0.269       350.16          714.00        2631.78         4062.97         5076.08  
    0.275       349.44          717.49        2604.85         3988.17         5069.14  
    0.281       348.22          716.62        2588.48         3937.63         5035.68  
    0.288       346.11          711.92        2604.19         3935.13         5010.16  
    0.294       344.02          699.61        2646.49         3964.17         5020.74  
    0.300       343.97          689.58        2708.81         3975.00         5004.40  
    0.306       344.83          682.59        2774.03         3980.44         4926.76  
    0.312       346.52          670.03        2794.71         3956.80         4872.50  
    0.319       350.00          662.47        2796.19         3972.81         4791.50  
    0.325       352.50          665.44        2712.11         4005.23         4728.02  
    0.331       356.16          668.90        2624.92         3987.55         4735.59  
    0.338       362.46          666.86        2693.04         3967.50         4808.63  
    0.344       370.33          669.55        2894.95         3931.10         4881.25  
    0.350       377.76          682.15        2870.46         3890.57         4890.32  
    0.356       384.61          696.38        2697.89         3921.09         4884.70  
    0.363       385.19          712.29        2561.89         3955.51         4870.04  
    0.369       382.88          730.64        2564.50         3938.68         4852.51  
    0.375       384.10          752.19        2672.73         3937.43         4823.03  
    0.381       388.77          774.84        2674.13         3925.25         4803.16  
    0.388       396.77          795.16        2627.59         3903.20         4858.33  
    0.394       407.61          814.93        2639.15         3872.83         5169.04  
    0.400       421.41          835.11        2699.96         3844.45         5436.73  
    0.406       433.04          847.33        2731.26         3816.62         5400.78  
    0.413       441.44          825.49        2702.21         3834.82         5202.02  
    0.419       441.11          688.74        2777.09         3850.32         5058.30  
    0.425       409.84          687.22        2967.81         3877.99         5333.45  
    0.431       348.76          795.85        2824.73         3895.06         5328.13  
    0.438       332.53          863.01        2643.47         3825.94         5273.20  
    0.444       336.41          891.51        2565.49         3836.00         5193.65  
    0.450       341.15          886.52        2592.88         3898.31         5107.87  
    0.456       360.23          898.73        2668.77         3862.38         4981.45  
    0.463       408.85          854.22        2510.19         3834.70         4869.03  
    0.469       445.98          934.43        2385.58         3851.45         4883.75  
    0.475       458.33          958.80        2377.74         3932.76         5048.10  
    