0.025       0          1131.47        2010.38         2883.02         3807.42  
    0.031       0          1123.97        1954.92         2906.94         3821.64  
    0.038       0          1133.20        1894.95         2913.02         3872.50  
    0.044       0          689.38        1489.98         2794.00         3893.10  
    0.050       0          397.41        1172.58         2790.64         3797.16  
    0.056       0          495.11        1152.51         2903.67         3646.28  
    0.062       0          525.26        1056.48         2926.20         3525.82  
    0.069       0          518.56        1074.58         2916.94         3478.81  
    0.075       0          502.69        1003.44         2927.53         3490.76  
    0.081       0          475.52        838.18         2939.29         3513.70  
    0.088       0          452.55        823.06         2945.97         3504.71  
    0.094       0          447.45        894.50         2953.02         3509.68  
    0.100       0          453.16        939.10         2953.09         3519.22  
    0.106       0          468.75        890.88         2937.65         3523.12  
    0.113       0          489.49        821.36         2925.87         3523.99  
    0.119       0          503.30        819.33         2932.36         3507.18  
    0.125       0          514.09        841.03         2935.57         3488.06  
    0.131       0          522.44        854.54         2935.72         3473.44  
    0.138       0          527.99        864.77         2965.86         3484.71  
    0.144       0          533.25        856.57         2981.21         3520.38  
    0.150       0          535.81        869.20         2992.65         3542.12  
    0.156       0          536.18        898.04         3019.83         3538.77  
    0.163       295.36          739.96        2065.76         3290.62         4627.37  
    0.169       235.64          691.26        1826.03         3192.33         4371.54  
    0.175       289.32          731.92        2053.39         3241.62         4599.72  
    0.181       230.82          687.43        1828.05         3252.76         4375.83  
    0.188       0          516.70        929.62         3115.81         3481.17  
    0.194       0          525.43        951.35         3152.85         3478.20  
    0.200       0          537.16        949.19         3096.26         3457.67  
    0.206       0          538.78        949.79         3042.56         3441.14  
    0.213       0          527.48        938.46         3040.10         3433.89  
    0.219       0          509.13        878.95         2993.85         3446.62  
    0.225       0          501.47        798.72         2982.14         3416.12  
    0.231       0          506.65        744.92         3011.18         3361.93  
    0.238       285.51          654.83        2001.91         3199.45         4544.35  
    0.244       227.78          637.88        1812.43         3181.77         4320.62  
    0.250       0          531.68        867.00         3010.23         3376.31  
    0.256       0          522.71        874.12         2951.44         3380.53  
    0.263       280.43          709.32        1986.06         3152.61         4561.91  
    0.269       501.39          866.70        2864.19         3332.82         5500.00  
    0.275       500.22          870.16        2839.94         3364.37         5500.00  
    0.281       500.67          883.68        2831.12         3357.03         5500.00  
    0.288       497.77          896.53        2853.19         3338.24         5500.00  
    0.294       495.90          904.32        2862.29         3353.98         5500.00  
    0.300       492.83          908.37        2848.72         3350.15         5500.00  
    0.306       484.37          900.35        2834.56         3313.88         5500.00  
    0.312       485.35          848.85        2833.82         3287.19         5500.00  
    0.319       488.23          814.08        2856.24         3309.54         5500.00  
    0.325       489.45          837.40        2867.67         3386.45         5500.00  
    0.331       488.29          847.88        2864.75         3392.70         5500.00  
    0.338       486.82          813.90        2861.41         3360.31         5500.00  
    0.344       504.24          752.52        2844.70         3332.06         5500.00  
    0.350       229.63          607.12        1658.48         3037.83         4299.45  
    0.356       269.17          656.86        1884.84         3126.34         4542.21  
    0.363       478.48          746.66        2817.98         3342.31         5500.00  
    0.369       486.31          736.44        2811.98         3291.82         5500.00  
    0.375       508.26          721.37        2827.20         3301.94         5500.00  
    0.381       517.82          649.68        2871.15         3339.70         5500.00  
    0.388       519.76          564.15        2890.50         3355.66         5500.00  
    0.394       521.08          529.94        2913.48         3391.01         5500.00  
    0.400       509.15          591.49        2935.90         3387.11         5500.00  
    0.406       488.46          804.43        2920.03         3337.37         5500.00  
    0.413       483.27          963.93        2881.69         3312.03         5500.00  
    0.419       486.80          980.56        2855.54         3310.25         5500.00  
    0.425       488.35          960.25        2854.78         3333.29         5500.00  
    0.431       481.23          970.59        2875.39         3375.28         5500.00  
    0.438       443.32          980.61        2893.56         3405.08         5500.00  
    0.444       407.64          944.06        2888.95         3411.48         5500.00  
    0.450       411.60          938.65        2860.91         3415.58         5500.00  
    0.456       452.78          950.05        2808.50         3365.93         5500.00  
    0.463       465.92          857.75        2841.61         3296.45         5500.00  
    0.469       451.97          713.91        2901.48         3454.58         5500.00  
    0.475       412.36          760.78        2793.06         3557.99         5500.00  
    0.481       286.33          666.30        2673.10         3487.84         5500.00  
    0.488       92.61          528.59        2690.64         3202.43         4465.53  
    0.494       0          527.51        2545.99         3001.38         3677.28  
    