0.025       0          1133.87        2009.16         2860.80         3801.70  
    0.031       0          1121.17        1959.78         2903.16         3822.54  
    0.038       0          1135.94        1893.04         2922.74         3874.82  
    0.044       0          796.02        1381.09         2780.38         3894.17  
    0.050       0          500.75        1172.41         2797.35         3796.78  
    0.056       0          499.97        1157.27         2902.30         3649.69  
    0.062       0          524.78        1050.91         2921.54         3522.08  
    0.069       0          519.35        1105.81         2918.16         3475.96  
    0.075       0          502.67        1026.97         2928.32         3489.26  
    0.081       0          475.40        835.17         2935.84         3516.02  
    0.088       0          453.35        806.22         2944.03         3497.69  
    0.094       0          449.68        874.27         2949.29         3512.35  
    0.100       0          461.12        908.38         2948.74         3517.09  
    0.106       0          486.28        835.38         2932.25         3525.21  
    0.113       0          515.31        740.03         2923.15         3524.08  
    0.119       0          526.66        781.96         2933.51         3511.71  
    0.125       0          529.25        856.31         2936.69         3496.97  
    0.131       0          530.04        888.07         2935.30         3491.72  
    0.138       0          533.18        908.59         2966.17         3513.80  
    0.144       0          540.44        881.69         2969.05         3542.00  
    0.150       0          547.49        869.92         2980.79         3555.30  
    0.156       0          551.88        875.16         3008.36         3557.01  
    0.163       0          554.07        862.29         2984.09         3538.89  
    0.169       0          556.72        869.71         2945.41         3504.85  
    0.175       0          559.25        903.43         2947.67         3499.96  
    0.181       0          563.09        942.61         2992.61         3506.27  
    0.188       0          569.17        980.88         3050.84         3498.16  
    0.194       0          578.05        1005.59         3069.96         3487.57  
    0.200       0          583.28        1010.37         3023.25         3472.09  
    0.206       0          582.41        1011.83         3008.86         3460.21  
    0.213       0          574.93        1006.53         3039.79         3452.82  
    0.219       0          561.83        967.61         3024.12         3467.97  
    0.225       0          553.97        876.37         3013.72         3422.74  
    0.231       0          559.83        803.96         3014.77         3342.82  
    0.238       0          564.45        817.95         3023.84         3321.18  
    0.244       0          572.19        917.12         3051.46         3351.55  
    0.250       0          575.05        977.31         3012.74         3354.62  
    0.256       0          563.57        971.19         2972.27         3380.91  
    0.263       0          546.50        941.11         2944.08         3383.67  
    0.269       0          535.22        926.79         2930.65         3386.15  
    0.275       0          536.77        938.12         2912.87         3412.71  
    0.281       0          538.63        959.13         2894.32         3349.89  
    0.288       0          533.25        964.56         2900.56         3322.72  
    0.294       0          528.24        963.94         2888.91         3316.40  
    0.300       0          524.47        962.77         2866.43         3307.65  
    0.306       0          518.77        955.26         2845.99         3268.14  
    0.312       0          516.40        923.23         2842.31         3238.71  
    0.319       0          512.42        871.02         2878.36         3245.38  
    0.325       0          514.47        880.10         2914.64         3348.16  
    0.331       0          511.05        873.79         2920.00         3345.86  
    0.338       0          510.39        824.35         2903.68         3330.59  
    0.344       0          526.74        759.41         2885.44         3281.91  
    0.350       0          541.37        710.21         2862.23         3250.41  
    0.356       0          537.47        747.71         2846.35         3335.67  
    0.363       0          516.62        704.24         2853.87         3338.45  
    0.369       360.37          653.91        2227.12         3126.13         4840.92  
    0.375       524.91          716.76        2863.08         3287.36         5500.00  
    0.381       523.87          629.79        2872.16         3333.37         5500.00  
    0.388       522.86          553.42        2879.53         3338.36         5500.00  
    0.394       523.47          562.23        2903.17         3384.85         5500.00  
    0.400       158.49          526.85        1377.15         3062.61         4015.21  
    0.406       339.98          807.25        2231.13         3191.86         4855.38  
    0.413       490.42          975.97        2869.85         3306.27         5500.00  
    0.419       493.10          990.74        2855.25         3299.90         5500.00  
    0.425       495.16          978.22        2856.42         3327.36         5500.00  
    0.431       494.78          993.90        2872.82         3371.57         5500.00  
    0.438       149.65          621.86        1569.16         3037.20         4049.29  
    0.444       313.03          805.87        2307.73         3250.40         4870.18  
    0.450       449.39          965.07        2857.33         3424.31         5500.00  
    0.456       483.13          967.85        2822.85         3363.45         5500.00  
    0.463       478.89          878.30        2843.77         3305.41         5500.00  
    0.469       482.25          672.12        2917.59         3574.96         5500.00  
    0.475       428.64          745.90        2799.91         3580.55         5500.00  
    0.481       478.32          648.37        2691.86         3491.40         5500.00  
    