0.025       0          1551.79        2358.81         3525.01         4702.15  
    0.031       0          1064.10        2288.58         3335.49         4636.19  
    0.038       0          934.14        2320.70         3277.70         4399.78  
    0.044       0          840.21        2344.63         3364.62         4303.61  
    0.050       0          162.39        1066.13         2652.33         3990.57  
    0.056       262.47          544.83        2423.01         3466.26         4222.29  
    0.062       429.01          600.13        2946.55         3296.58         4350.65  
    0.069       376.72          676.50        2792.21         3277.37         4381.67  
    0.075       374.03          799.99        2603.93         3386.42         4461.72  
    0.081       375.35          839.11        2690.28         3503.20         4526.57  
    0.088       376.17          831.68        2774.85         3464.16         4522.94  
    0.094       379.40          831.75        2691.70         3404.84         4562.90  
    0.100       382.17          833.72        2672.39         3321.29         4563.32  
    0.106       387.26          829.08        2583.23         3415.17         4640.71  
    0.113       398.10          852.20        2479.67         3406.07         4744.61  
    0.119       395.00          825.32        2413.95         3416.72         4766.78  
    0.125       383.65          801.90        2401.23         3367.65         4766.82  
    0.131       374.27          788.92        2433.40         3322.44         4735.13  
    0.138       367.90          781.51        2486.78         3327.59         4665.54  
    0.144       364.41          774.70        2507.66         3361.78         4665.62  
    0.150       361.20          762.07        2500.09         3244.43         4679.70  
    0.156       339.29          745.47        2521.94         3208.71         4671.20  
    0.163       333.13          749.99        2678.37         3393.57         4519.16  
    0.169       342.80          755.43        2672.92         3491.55         4469.44  
    0.175       354.39          765.12        2692.60         3485.76         4509.68  
    0.181       353.65          762.79        2675.18         3521.96         4613.70  
    0.188       346.64          758.20        2636.88         3559.16         4620.21  
    0.194       359.49          764.12        2751.91         3644.87         4573.99  
    0.200       366.86          768.07        2854.17         3711.19         4563.16  
    0.206       346.71          763.43        2773.18         3559.37         4515.51  
    0.213       329.02          760.09        2750.19         3527.16         4486.11  
    0.219       353.09          761.15        2783.51         3593.97         4519.03  
    0.225       351.49          756.38        2832.64         3570.69         4541.74  
    0.231       354.55          753.80        2820.31         3542.62         4530.72  
    0.238       358.79          753.35        2841.15         3591.93         4519.72  
    0.244       362.22          752.64        2829.00         3564.01         4495.27  
    0.250       365.30          750.74        2809.03         3468.54         4360.70  
    0.256       368.61          748.10        2809.92         3471.07         4285.51  
    0.263       370.86          745.49        2848.97         3714.84         4311.49  
    0.269       368.17          740.65        2843.12         3849.12         4373.04  
    0.275       356.75          734.09        2836.69         3769.80         4415.96  
    0.281       357.81          732.53        2782.61         3701.58         4385.07  
    0.288       349.48          727.15        2707.65         3602.56         4229.49  
    0.294       351.85          722.70        2746.38         3669.96         4263.51  
    0.300       349.73          716.25        2734.91         3594.96         4258.28  
    0.306       338.94          710.32        2739.80         3483.43         4299.65  
    0.312       317.40          706.22        2694.97         3420.33         4390.96  
    0.319       296.55          700.43        2649.53         3366.84         4448.99  
    0.325       58.11          138.89        1072.63         2782.59         3576.97  
    0.331       62.08          549.03        2277.46         3291.54         4351.23  
    0.338       304.21          698.25        2781.56         3607.22         4539.49  
    0.344       372.72          690.58        2836.58         3560.56         4525.25  
    0.350       395.94          684.16        2762.91         3580.72         4537.60  
    0.356       398.78          700.11        2718.76         3572.41         4520.60  
    0.363       382.78          734.54        2720.34         3407.90         4500.57  
    0.369       390.03          774.51        2729.77         3371.22         4449.77  
    0.375       378.21          775.94        2776.88         3421.71         4469.11  
    0.381       349.77          757.44        2796.54         3511.77         4453.00  
    0.388       337.89          748.87        2815.97         3725.84         4547.46  
    0.394       310.37          751.05        2749.18         3835.99         4555.69  
    0.400       290.66          751.67        2688.17         3888.42         4607.02  
    0.406       203.96          729.54        2666.19         3869.98         4765.81  
    0.413       36.41          143.83        1101.53         2957.50         4141.17  
    0.419       0          0        622.10         2650.24         3990.75  
    0.425       0          392.25        2171.06         3470.88         4504.94  
    0.431       0          444.20        2623.20         3612.37         4648.36  
    0.438       0          457.27        2675.83         3282.10         4437.54  
    0.444       0          339.86        2596.07         3391.20         4366.93  
    0.450       0          191.84        2741.82         3410.03         4248.58  
    0.456       0          603.01        2748.22         3197.91         4296.95  
    0.463       0          700.74        2771.13         2984.32         4331.25  
    0.469       0          138.63        552.01         2283.79         3030.55  
    0.475       0          387.50        2084.91         3134.06         3944.58  
    