0.025       0          386.64        1876.65         2988.73         4891.30  
    0.031       325.83          615.23        2622.39         4513.60         5154.60  
    0.038       368.55          640.96        2624.75         4214.64         4847.88  
    0.044       397.96          713.30        2582.37         4038.66         4857.08  
    0.050       401.04          757.87        2733.58         3993.41         4926.28  
    0.056       392.71          759.49        2720.24         4004.61         4895.98  
    0.062       391.19          748.67        2801.46         3985.52         4659.21  
    0.069       402.79          753.39        3021.55         3941.41         4682.35  
    0.075       425.64          760.22        3122.88         3915.54         4645.32  
    0.081       450.65          788.80        3249.16         3898.03         4433.86  
    0.088       494.02          822.24        2003.01         3884.75         4478.96  
    0.094       10.10          507.68        1305.52         3869.52         4453.22  
    0.100       0          512.00        1692.43         3853.16         4566.75  
    0.106       0          523.68        1781.89         3846.31         4615.57  
    0.113       0          10.69        535.50         1854.44         3861.65  
    0.119       469.56          686.57        1866.09         3790.53         4648.75  
    0.125       479.09          634.94        1822.82         3829.01         4706.10  
    0.131       9.78          12.93        525.26         1818.40         3867.43  
    0.138       0          506.79        1704.07         3825.61         4572.19  
    0.144       0          519.91        1702.63         3899.37         4522.69  
    0.150       0          10.61        523.58         1768.26         3925.14  
    0.156       469.24          973.28        1764.67         3846.80         4751.46  
    0.163       499.91          797.25        1751.83         3834.49         4750.04  
    0.169       313.85          534.00        1774.75         3870.27         4738.20  
    0.175       6.33          10.79        580.99         1798.69         3969.97  
    0.181       0          554.07        1718.48         3938.05         4591.68  
    0.188       0          11.54        587.88         1817.12         3940.49  
    0.194       0          0        564.24         1743.50         3862.40  
    0.200       0          0        567.40         1759.25         3865.77  
    0.206       55.55          551.11        1788.34         3858.78         4662.40  
    0.213       539.14          654.17        1858.02         3903.22         4744.57  
    0.219       137.51          565.44        1830.88         3908.12         4642.94  
    0.225       2.63          584.49        1775.01         3865.73         4554.47  
    0.231       0          589.15        1767.63         3839.80         4614.02  
    0.238       0          12.03        613.30         1853.11         3855.51  
    0.244       0          0        602.98         1765.13         3861.91  
    0.250       0          0        596.85         1731.09         3860.70  
    0.256       0          0        586.24         1719.26         3850.37  
    0.263       538.30          906.57        1708.75         3806.63         4656.73  
    0.269       511.08          1231.27        2027.84         3863.50         4613.97  
    0.275       504.64          1214.25        2186.10         3864.77         4716.38  
    0.281       508.54          1204.10        2228.47         3877.63         4796.23  
    0.288       513.78          1215.87        2302.81         3838.25         4806.79  
    0.294       510.45          1246.90        2333.31         3824.44         4809.92  
    0.300       506.60          1327.81        2321.42         3799.96         4781.92  
    0.306       504.45          1364.53        2300.79         3772.70         4776.65  
    0.312       506.79          1432.10        2298.70         3804.62         4793.28  
    0.319       512.17          1448.63        2331.95         3855.48         4804.19  
    0.325       513.60          1439.72        2309.26         3901.62         4785.44  
    0.331       517.61          1419.09        2334.83         3866.92         4762.26  
    0.338       504.08          1414.87        2380.45         3870.91         4735.54  
    0.344       501.44          1461.99        2317.20         3854.55         4781.01  
    0.350       529.74          1420.04        2146.13         3824.55         4808.93  
    0.356       604.70          1171.81        1995.50         3855.48         4735.16  
    0.363       728.50          823.17        2073.26         3894.58         4675.28  
    0.369       705.21          756.67        2118.12         3885.16         4739.22  
    0.375       586.54          823.80        2232.10         3886.30         4771.62  
    0.381       589.59          762.66        2340.12         3861.79         4851.34  
    0.388       563.17          669.54        2528.91         3874.20         4762.36  
    0.394       506.34          699.44        2570.70         3872.67         4692.62  
    0.400       433.71          698.27        2509.43         3950.50         4705.13  
    0.406       394.23          703.55        2538.71         4075.78         4634.25  
    0.413       432.14          710.65        2676.23         4012.98         4616.95  
    0.419       517.14          690.90        2513.96         3905.77         4847.33  
    0.425       663.33          700.00        2436.21         3942.74         4788.00  
    0.431       734.80          825.72        2497.45         4163.98         4704.00  
    0.438       763.27          773.16        2596.80         4293.70         4638.67  
    