0.025       469.69          864.09        3010.01         3651.19         4476.14  
    0.031       484.37          870.80        2935.83         3678.58         4152.56  
    0.038       499.09          870.34        2820.41         3681.28         4104.72  
    0.044       507.47          853.26        2784.98         3665.13         5151.32  
    0.050       515.38          847.05        2731.58         3490.24         4205.38  
    0.056       524.66          843.05        2766.45         3433.53         3748.29  
    0.062       543.52          811.63        2848.94         3453.66         4037.07  
    0.069       564.17          822.95        2836.33         3444.54         4417.52  
    0.075       576.81          876.31        2849.02         3441.76         4570.74  
    0.081       579.40          936.42        2878.51         3397.32         4688.80  
    0.088       582.03          996.88        2893.26         3421.67         4623.87  
    0.094       568.30          1097.08        2805.87         3364.55         4601.31  
    0.100       557.36          1168.62        2760.21         3344.30         4516.63  
    0.106       554.01          1203.80        2769.27         3342.91         4484.80  
    0.113       547.49          1221.66        2761.45         3342.93         4491.20  
    0.119       543.84          1275.11        2780.76         3398.47         4577.78  
    0.125       539.59          1324.15        2802.60         3480.01         4701.69  
    0.131       536.24          1338.24        2817.59         3482.72         4813.40  
    0.138       533.33          1381.50        2871.77         3498.76         4829.84  
    0.144       529.16          1423.20        2900.02         3574.30         4986.12  
    0.150       526.64          1446.33        2954.62         3607.32         5191.94  
    0.156       527.59          1387.15        2910.55         3594.15         5074.59  
    0.163       526.77          1379.52        2870.65         3598.40         4964.06  
    0.169       526.40          1402.73        2919.12         3619.22         4859.08  
    0.175       528.01          1493.14        3038.89         3664.68         4766.75  
    0.181       528.46          1507.24        3114.20         3670.02         4802.58  
    0.188       531.54          1481.21        3206.55         3672.37         4761.32  
    0.194       530.34          1483.66        3223.48         3863.15         4529.34  
    0.200       526.48          1518.89        3233.38         4071.98         4562.91  
    0.206       519.17          1528.94        3238.38         4099.88         4582.40  
    0.213       510.51          1494.26        3236.08         3809.92         4911.54  
    0.219       507.20          1454.06        3192.21         3643.37         4923.13  
    0.225       505.78          1447.69        3170.17         3660.18         4920.78  
    0.231       505.95          1464.01        3198.04         3749.46         4922.24  
    0.238       504.59          1475.32        3225.11         3678.58         5352.57  
    0.244       503.71          1446.78        3131.15         3641.36         5166.52  
    0.250       505.74          1440.72        3192.66         3661.13         5386.61  
    0.256       128.51          748.41        1918.01         3381.82         4175.17  
    0.263       0          516.64        1462.10         3286.24         3722.27  
    0.269       386.60          1167.90        2769.11         3490.47         5048.71  
    0.275       520.96          1375.46        3032.60         3609.47         5500.00  
    0.281       526.11          1342.55        2915.96         3640.20         5268.20  
    0.288       532.76          1286.51        3052.14         3619.83         5421.18  
    0.294       536.75          1241.43        3132.16         3602.98         5500.00  
    0.300       544.47          1199.72        3130.26         3603.76         5048.97  
    0.306       556.74          1255.22        3228.95         3614.53         4308.91  
    0.312       564.08          1243.05        2627.84         3291.80         3843.21  
    0.319       555.45          1027.46        2765.26         3210.68         3755.08  
    0.325       537.37          927.90        2833.02         3391.91         3797.09  
    0.331       522.31          908.72        2776.97         3394.34         4087.26  
    0.338       509.79          894.69        2715.97         3350.07         4367.33  
    0.344       500.11          878.50        2639.43         3393.25         4580.15  
    0.350       497.69          871.98        2576.30         3479.29         4616.39  
    0.356       500.77          870.05        2583.33         3506.15         4574.44  
    0.363       504.62          872.01        2739.00         3487.88         4569.35  
    0.369       507.61          872.43        3133.32         3599.30         4363.89  
    0.375       506.91          873.56        3230.92         3655.21         5193.78  
    0.381       128.50          595.32        1464.13         3278.11         4095.58  
    0.388       0          496.10        836.66         3073.20         3614.12  
    0.394       355.88          722.38        2315.65         3464.45         5021.14  
    0.400       436.22          825.19        2733.05         3603.65         5500.00  
    0.406       396.42          846.97        2682.30         3565.42         5330.83  
    0.413       352.02          846.92        2707.89         3597.82         4922.87  
    0.419       319.39          720.20        2608.80         3628.22         4684.81  
    0.425       79.27          171.94        1062.68         2773.59         3932.56  
    0.431       124.62          523.61        2007.04         3387.31         4655.43  
    