0.025       258.50          1308.42        2611.07         3501.09         5500.00  
    0.031       119.46          757.59        2072.98         3078.59         4612.63  
    0.038       0          450.44        2055.44         2630.96         4282.70  
    0.044       280.08          660.93        2426.71         3593.85         4702.83  
    0.050       508.92          685.33        2414.41         4369.71         4735.06  
    0.056       486.73          676.97        2414.67         4038.52         4722.69  
    0.062       457.01          743.18        2441.69         3871.21         4700.74  
    0.069       446.74          790.43        2458.29         3944.43         4675.93  
    0.075       453.78          813.46        2440.35         3963.98         4666.75  
    0.081       453.82          829.17        2427.27         3873.16         4662.85  
    0.088       451.57          818.15        2441.29         3782.59         4655.85  
    0.094       446.10          805.31        2437.64         3706.50         4641.89  
    0.100       438.84          812.55        2420.67         3589.90         4625.87  
    0.106       431.29          830.41        2420.53         3452.96         4625.46  
    0.113       434.23          897.40        2375.53         3435.84         4592.87  
    0.119       450.74          1009.90        2193.26         3639.07         4521.54  
    0.125       464.70          1146.22        2109.33         3722.30         4516.75  
    0.131       472.91          1257.75        2182.66         3739.37         4526.85  
    0.138       479.37          1303.82        2261.54         3832.97         4456.12  
    0.144       485.20          1317.38        2323.81         3868.14         4307.17  
    0.150       488.16          1334.21        2361.09         3802.73         4240.53  
    0.156       490.95          1356.20        2387.35         3711.00         4356.21  
    0.163       494.20          1364.16        2404.22         3660.81         4501.02  
    0.169       494.86          1363.89        2413.01         3625.74         4507.62  
    0.175       496.96          1380.31        2415.05         3599.17         4481.64  
    0.181       498.89          1397.70        2420.33         3584.24         4495.21  
    0.188       502.33          1387.83        2431.54         3575.91         4513.86  
    0.194       506.92          1373.20        2436.79         3583.31         4534.38  
    0.200       507.53          1383.86        2436.84         3596.26         4523.67  
    0.206       507.77          1404.29        2440.32         3599.21         4483.26  
    0.213       509.71          1405.86        2448.22         3598.09         4462.93  
    0.219       510.73          1416.78        2454.81         3604.14         4489.34  
    0.225       508.70          1440.13        2451.32         3626.87         4478.45  
    0.231       507.00          1440.73        2444.82         3629.64         4476.40  
    0.238       507.68          1427.33        2447.89         3601.38         4505.25  
    0.244       507.92          1441.35        2453.38         3584.75         4506.64  
    0.250       510.12          1479.31        2463.23         3594.26         4506.77  
    0.256       511.51          1480.71        2472.87         3598.90         4521.65  
    0.263       509.88          1466.44        2474.15         3580.21         4573.28  
    0.269       509.59          1483.15        2456.74         3565.43         4621.97  
    0.275       513.88          1529.65        2441.25         3569.45         4631.58  
    0.281       516.89          1533.39        2420.90         3562.43         4639.86  
    0.288       515.35          1498.69        2403.93         3557.85         4632.98  
    0.294       515.55          1491.88        2402.38         3556.77         4533.29  
    0.300       514.80          1496.86        2396.58         3552.46         4460.60  
    0.306       515.73          1467.08        2385.35         3544.19         4488.35  
    0.312       523.28          1340.47        2378.80         3524.27         4492.33  
    0.319       543.82          979.65        2381.70         3519.54         4494.09  
    0.325       257.66          343.83        1413.75         2913.06         3971.80  
    0.331       0          0        578.05         2391.78         3506.19  
    0.338       143.66          304.43        1554.84         2990.58         4092.92  
    0.344       410.91          583.08        2396.89         3506.14         4590.41  
    0.350       507.86          715.20        2404.20         3518.30         4592.45  
    0.356       471.51          850.36        2409.65         3534.72         4599.25  
    0.363       453.50          916.92        2415.57         3541.65         4595.24  
    0.369       448.46          957.31        2428.27         3528.77         4572.62  
    0.375       456.73          936.82        2441.54         3545.19         4538.65  
    0.381       470.48          843.68        2431.83         3581.68         4529.49  
    0.388       475.82          764.26        2370.20         3596.57         4547.75  
    0.394       219.62          622.10        2270.87         3497.47         4556.22  
    0.400       0          495.63        2213.69         3370.34         4481.20  
    0.406       0          221.50        1250.57         2796.09         3927.69  
    0.413       67.26          278.45        1472.06         3017.29         4125.34  
    