0.025       296.02          1748.53        2800.96         3702.87         5500.00  
    0.031       286.56          1380.39        2851.63         3680.34         5500.00  
    0.038       270.75          1108.23        3149.43         3946.51         5500.00  
    0.044       265.30          1104.15        2855.17         3912.32         5085.42  
    0.050       269.93          1089.36        2040.94         3750.65         4852.81  
    0.056       256.62          940.67        1761.17         3769.21         4906.84  
    0.062       263.05          888.45        2106.96         3830.66         5048.90  
    0.069       270.71          849.89        2568.11         3843.23         5143.79  
    0.075       257.30          767.87        2742.01         3905.06         5312.97  
    0.081       258.63          755.03        2730.96         3975.25         5294.07  
    0.088       280.07          793.64        2583.04         3973.80         5266.02  
    0.094       328.67          812.94        2546.96         3972.89         5420.78  
    0.100       336.14          821.07        2673.70         4046.50         5500.00  
    0.106       322.82          830.29        2644.07         4037.28         5500.00  
    0.113       323.32          843.33        2526.11         4019.01         5500.00  
    0.119       124.11          588.24        1483.56         3252.83         4623.33  
    0.125       0          548.59        900.30         2688.06         4078.63  
    0.131       0          627.87        945.79         2624.54         4065.48  
    0.138       0          624.11        936.35         2622.57         4035.16  
    0.144       0          626.92        902.41         2621.60         3996.48  
    0.150       0          614.66        885.05         2618.67         3941.80  
    0.156       363.92          769.60        1976.04         3431.11         4895.27  
    0.163       570.38          873.55        2639.56         3894.87         5500.00  
    0.169       550.80          865.74        2598.51         3830.49         5500.00  
    0.175       551.42          843.16        2527.88         3771.20         5024.84  
    0.181       568.46          824.25        2453.28         3699.61         4656.09  
    0.188       439.15          814.26        2395.79         3720.90         4566.57  
    0.194       135.26          809.93        2233.36         2870.61         4076.46  
    0.200       0          813.05        2199.05         2435.41         3745.87  
    0.206       227.74          818.92        2195.88         3196.99         4421.01  
    0.213       469.46          825.82        2162.63         3581.52         4815.05  
    0.219       617.02          831.24        2154.16         3535.12         4812.93  
    0.225       669.74          831.83        2112.61         3515.08         4800.56  
    0.231       582.65          828.31        2060.30         3494.17         4728.19  
    0.238       515.09          820.13        2056.41         3557.11         4699.30  
    0.244       495.41          803.59        2055.34         3583.82         4732.70  
    0.250       552.22          785.82        2014.79         3516.69         4727.52  
    0.256       697.87          775.64        1983.96         3560.09         4680.52  
    0.263       764.64          787.18        1969.00         3645.50         4661.43  
    0.269       766.69          900.39        1948.81         3555.60         4668.59  
    0.275       769.94          1000.90        1922.31         3471.72         4663.95  
    0.281       769.51          967.27        1908.13         3515.45         4633.11  
    0.288       769.77          853.10        1888.72         3573.02         4645.71  
    0.294       727.15          781.42        1865.54         3555.66         4665.17  
    0.300       738.66          834.58        1885.35         3524.63         4640.51  
    0.306       755.49          1057.87        1881.03         3481.14         4558.98  
    0.312       746.20          1271.05        1860.22         3474.12         4466.62  
    0.319       746.69          1263.10        1849.36         3558.73         4438.10  
    0.325       750.80          1284.06        1824.17         3573.15         4477.35  
    0.331       747.19          1516.96        1791.67         3473.54         4520.68  
    0.338       746.21          1692.42        1990.88         3224.13         4530.74  
    0.344       285.58          1123.55        1884.90         3065.19         4499.50  
    0.350       463.34          1357.28        2195.59         3626.95         4454.10  
    0.356       748.73          1743.77        2050.87         3824.45         4622.02  
    0.363       747.51          1535.60        1805.75         3778.38         4612.61  
    0.369       285.49          997.29        1794.22         3906.36         4234.87  
    0.375       0          753.10        1757.77         3631.65         4009.06  
    0.381       0          763.01        1739.52         3416.20         3993.79  
    0.388       0          771.65        1728.39         3458.98         4221.66  
    0.394       0          785.34        1734.79         3406.62         4384.40  
    0.400       0          800.59        1751.43         3277.11         4334.41  
    0.406       0          808.20        1771.78         3190.96         4322.41  
    0.413       0          814.23        1810.09         3107.14         4417.21  
    0.419       0          828.34        1856.21         3122.76         4550.99  
    0.425       521.76          1000.03        1920.42         3172.57         4665.42  
    0.431       322.63          421.02        1248.02         2360.23         3712.84  
    0.438       0          476.35        1415.63         2492.69         3775.63  
    0.444       0          743.37        1711.59         2738.21         4078.19  
    0.450       440.69          1363.80        2190.59         3301.93         4546.45  
    0.456       702.99          1624.07        2441.70         3582.42         4878.11  
    0.463       686.33          1478.66        2416.74         3507.84         4905.34  
    0.469       673.28          1495.74        2473.12         3555.48         4955.76  
    0.475       667.51          1580.18        2549.32         3533.32         4813.42  
    0.481       672.81          1651.81        2496.54         3428.37         4694.14  
    0.488       681.71          1821.95        2244.77         3400.43         4711.37  
    0.494       689.70          1718.66        2096.54         3570.94         4846.49  
    0.500       703.18          1518.18        2110.60         3694.08         4963.41  
    0.506       718.88          1363.24        2194.43         3737.81         4972.99  
    0.513       731.48          1205.86        2240.66         3718.64         4876.94  
    0.519       281.12          916.46        2217.47         3698.84         4712.49  
    0.525       0          788.59        2211.60         3629.03         4438.83  
    0.531       189.09          830.20        2332.85         3691.75         4599.22  
    0.537       417.12          890.43        2475.22         3822.20         4856.39  
    0.544       552.98          942.64        2503.22         3985.00         5272.94  
    0.550       227.15          767.24        1572.38         3744.35         4912.29  
    0.556       0          623.37        1000.06         3721.34         4696.73  
    0.562       312.81          826.62        1544.63         3892.09         4878.65  
    0.569       579.07          924.67        1945.48         3808.32         4893.15  
    0.575       238.46          814.11        1776.78         3406.13         4783.01  
    0.581       0          755.11        1708.45         3260.78         4700.27  
    0.588       0          769.80        1979.00         3207.49         4600.71  
    0.594       288.59          833.18        2339.09         3627.66         4660.60  
    0.600       331.55          737.34        2086.66         3681.85         4690.14  
    0.606       351.93          1101.58        2503.09         4241.78         4914.67  
    0.613       397.47          1194.17        2605.14         4359.15         4905.99  
    0.619       402.81          1206.38        2417.32         4083.04         4957.45  
    0.625       500.44          1220.67        2556.28         3967.17         5328.55  
    0.631       608.44          859.07        2625.40         3997.35         5500.00  
    0.638       517.56          1026.23        2594.96         4029.00         5500.00  
    0.644       523.42          1223.89        2477.51         3978.74         5500.00  
    