0.025       0          584.93        1164.45         2715.68         4175.21  
    0.031       0          513.34        1122.41         3009.22         4239.48  
    0.038       0          473.58        1029.48         4015.11         4264.60  
    0.044       417.93          912.44        2331.03         4055.18         4698.46  
    0.050       460.95          855.94        2495.56         4046.52         4753.61  
    0.056       458.33          777.92        2544.20         4069.89         4687.97  
    0.062       461.66          755.50        2534.07         4039.44         4547.73  
    0.069       454.44          803.49        2532.69         4006.14         4599.69  
    0.075       449.28          826.62        2575.22         4060.73         4521.60  
    0.081       453.62          835.87        2615.91         4052.72         4400.09  
    0.088       455.63          845.48        2637.60         3995.39         4314.76  
    0.094       467.07          841.97        2720.53         3949.21         4314.28  
    0.100       476.77          844.25        2784.30         3909.09         4322.92  
    0.106       483.49          859.65        2769.00         3890.91         4317.75  
    0.113       492.58          851.58        2711.11         3926.86         4333.35  
    0.119       525.76          793.48        2664.89         3954.98         4433.45  
    0.125       538.68          803.64        2629.73         3952.40         4513.25  
    0.131       536.04          818.16        2637.30         3995.98         4421.47  
    0.138       571.52          770.81        2615.69         4008.35         4315.50  
    0.144       570.00          679.54        2588.24         3993.35         4319.65  
    0.150       56.04          65.95        860.14         2715.27         4037.61  
    0.156       421.76          600.11        2381.45         3869.04         4169.39  
    0.163       386.14          649.90        2550.06         3974.26         4314.09  
    0.169       37.12          63.79        844.21         2691.53         3971.15  
    0.175       0          0        664.39         2554.69         3904.23  
    0.181       0          0        657.06         2547.00         3886.66  
    0.188       0          0        647.05         2535.46         3862.79  
    0.194       0          0        647.39         2538.02         3863.93  
    0.200       0          0        648.24         2551.02         3842.72  
    0.206       0          0        647.49         2559.90         3834.73  
    0.213       0          584.93        2373.59         3714.25         4240.86  
    0.219       0          640.22        2567.96         3818.39         4251.31  
    0.225       0          639.18        2573.10         3790.69         4202.91  
    0.231       0          627.90        2582.22         3785.48         4258.57  
    0.238       0          617.19        2581.47         3771.25         4226.68  
    0.244       0          618.93        2607.17         3765.72         4232.01  
    0.250       0          60.94        820.04         2788.20         3824.80  
    0.256       0          0        625.87         2741.64         3798.88  
    0.263       0          0        622.38         2638.48         3809.54  
    0.269       0          566.04        2263.25         3713.63         4113.76  
    0.275       0          630.43        2456.78         3844.75         4113.16  
    0.281       0          639.07        2465.06         3846.91         4029.63  
    0.288       0          652.56        2423.34         3851.31         3981.48  
    0.294       0          668.98        2447.04         3801.54         4094.85  
    0.300       0          689.52        2545.00         3799.77         4210.79  
    0.306       0          700.15        2539.73         3808.18         4133.75  
    0.312       0          707.47        2590.58         3815.03         4090.43  
    0.319       0          724.26        2665.38         3789.43         3966.05  
    0.325       333.74          739.32        3600.00         4002.17         4423.84  
    0.331       525.81          760.38        3713.29         4019.43         5399.15  
    0.338       53.42          75.04        365.56         1076.36         3935.18  
    0.344       0          668.89        1924.95         3430.42         3846.18  
    0.350       0          733.94        1945.70         3699.91         3945.13  
    0.356       0          659.40        848.68         3721.09         3942.71  
    0.363       526.97          819.60        3406.14         3777.64         5346.61  
    0.369       576.98          873.60        3656.66         3733.21         5500.00  
    0.375       538.52          923.53        3237.28         3738.89         4708.91  
    0.381       510.59          961.46        3133.24         3781.38         4805.60  
    0.388       501.43          962.29        3524.98         3748.26         4924.67  
    0.394       514.45          954.68        3350.32         3719.72         4838.95  
    0.400       532.15          925.85        3243.15         3752.04         4793.56  
    0.406       542.47          866.76        3240.88         3730.26         4977.46  
    0.413       548.44          856.50        2972.97         3729.06         5025.46  
    0.419       547.02          871.26        2840.34         3745.11         5006.55  
    0.425       507.81          890.88        2812.35         3772.33         4938.97  
    0.431       478.54          922.56        2680.02         3777.67         4919.62  
    0.438       538.10          974.17        2647.19         3734.80         4967.20  
    