0.025       488.48          852.06        2777.12         3470.31         5156.70  
    0.031       455.48          849.85        2778.35         3470.80         5006.90  
    0.038       430.86          833.30        2779.76         3451.54         4895.99  
    0.044       434.67          876.20        2765.29         3440.33         4825.31  
    0.050       453.09          988.51        2729.57         3454.32         4929.20  
    0.056       459.95          1240.52        2686.08         3484.75         4853.22  
    0.062       466.11          1408.65        2626.15         3536.21         4678.48  
    0.069       471.36          1458.97        2611.12         3589.67         4644.58  
    0.075       470.19          1462.71        2568.85         3674.87         4749.55  
    0.081       469.92          1459.75        2522.65         3709.18         4806.89  
    0.088       477.53          1482.23        2518.43         3692.49         4911.21  
    0.094       502.96          1549.65        2726.71         3847.45         5016.67  
    0.100       517.26          1565.56        2995.74         3738.58         4770.08  
    0.106       510.74          1547.72        3005.39         3780.38         4685.91  
    0.113       508.35          1547.72        2979.37         3902.19         4669.57  
    0.119       511.32          1539.77        2966.27         4092.93         4453.06  
    0.125       509.67          1531.59        2967.47         4089.49         4401.92  
    0.131       504.22          1516.18        2948.42         4009.59         4491.15  
    0.138       507.81          1531.60        2902.51         3900.99         4499.23  
    0.144       515.61          1572.05        2981.99         3678.20         4519.45  
    0.150       521.02          1590.83        3076.61         3496.95         4545.93  
    0.156       512.45          1536.04        2878.17         3431.32         4559.26  
    0.163       508.13          1525.48        2777.93         3421.08         4617.28  
    0.169       513.33          1501.23        2770.58         3434.90         4655.09  
    0.175       516.65          1455.07        2761.50         3437.39         4693.46  
    0.181       538.12          1424.64        2825.85         3415.05         4735.28  
    0.188       544.16          1412.98        2863.25         3425.01         4766.91  
    0.194       543.10          1407.34        2864.32         3431.34         4772.80  
    0.200       547.16          1400.45        2870.81         3386.79         4746.00  
    0.206       549.82          1397.41        2772.88         3401.76         4721.77  
    0.213       543.28          1356.67        2709.70         3434.81         4707.61  
    0.219       531.88          1309.03        2731.45         3427.59         4675.07  
    0.225       521.50          1290.79        2845.29         3416.11         4577.21  
    0.231       497.25          1261.54        2826.26         3445.81         4532.46  
    0.238       482.49          1228.53        2743.54         3469.89         4557.92  
    0.244       467.08          1182.46        2635.06         3478.90         4561.12  
    0.250       448.42          1135.97        2565.48         3506.79         4577.85  
    0.256       445.15          1109.15        2503.05         3526.07         4555.92  
    0.263       438.06          1106.51        2559.28         3512.78         4588.94  
    0.269       435.91          1121.26        2495.94         3505.03         4655.29  
    0.275       442.54          1126.76        2491.78         3511.27         4683.54  
    0.281       461.65          1119.36        2485.51         3512.83         4678.98  
    0.288       483.30          1062.92        2614.53         3531.62         4593.33  
    0.294       449.13          929.07        2739.32         3541.36         4676.45  
    0.300       423.41          795.25        2856.54         3499.20         4804.89  
    0.306       420.53          712.39        2863.75         3523.08         4828.08  
    0.312       351.26          748.24        2787.40         3497.30         4932.06  
    0.319       296.90          767.28        2768.80         3327.38         4905.51  
    0.325       362.20          689.89        2800.73         3674.86         5330.23  
    0.331       107.06          575.16        1801.64         3054.02         4658.72  
    0.338       0          148.69        945.30         2777.34         3265.63  
    0.344       367.09          777.37        2219.28         3302.13         4377.47  
    0.350       490.95          1209.16        2805.57         3964.34         5349.35  
    