0.025       0          549.82        1757.14         3023.18         4984.43  
    0.031       0          540.86        1796.91         3088.54         4953.83  
    0.038       0          463.09        1082.93         3182.93         5003.82  
    0.044       0          414.26        819.40         3249.26         5030.59  
    0.050       0          396.62        807.82         3277.61         5070.43  
    0.056       292.41          722.52        2656.66         4654.69         5392.46  
    0.062       413.86          837.14        3319.60         3870.92         5275.96  
    0.069       435.06          833.67        3105.68         3394.68         5241.98  
    0.075       442.04          829.98        3124.90         3364.37         5240.08  
    0.081       447.55          820.87        3277.45         3401.02         5192.84  
    0.088       452.90          807.41        3325.55         3353.35         5179.49  
    0.094       454.08          807.39        3043.29         3395.75         5212.94  
    0.100       461.86          807.02        2962.57         3411.39         5184.22  
    0.106       476.24          798.83        3163.48         3346.18         5147.99  
    0.113       480.19          795.58        3238.86         3316.62         5138.58  
    0.119       480.91          787.69        3071.06         3448.21         5135.85  
    0.125       513.28          745.82        3125.45         3521.90         5135.83  
    0.131       551.98          669.49        3223.12         3665.10         5163.06  
    0.138       552.82          688.78        3288.78         3844.08         5164.31  
    0.144       532.56          743.97        3312.02         3651.63         5165.22  
    0.150       502.79          781.43        3240.78         3402.97         5178.86  
    0.156       485.06          791.23        3050.98         3433.68         5193.51  
    0.163       507.71          759.92        3207.04         3466.95         5207.75  
    0.169       520.40          744.74        3285.57         3732.50         5209.30  
    0.175       526.30          726.09        3295.24         3714.89         5163.10  
    0.181       136.35          590.03        1640.85         3397.29         5078.33  
    0.188       0          541.96        1185.15         3311.68         5056.74  
    0.194       386.88          765.82        2792.37         3367.39         5091.17  
    0.200       511.85          825.39        2939.80         3425.82         5137.28  
    0.206       131.32          587.84        1929.65         3364.46         5146.97  
    0.213       372.54          866.23        2881.57         4086.68         5151.95  
    0.219       500.10          1036.35        3319.93         4064.56         5146.95  
    0.225       501.44          1017.73        3324.18         3590.75         5134.61  
    0.231       501.38          937.01        3085.94         3503.04         5129.88  
    0.238       501.06          1088.35        2558.44         3394.05         5079.82  
    0.244       129.41          667.47        1885.76         3331.93         5028.03  
    0.250       0          499.75        1956.04         3348.26         5002.35  
    0.256       0          505.17        2045.91         3321.97         5027.05  
    0.263       373.87          809.26        2796.20         3642.66         5070.61  
    0.269       497.25          842.87        3078.16         3830.53         5078.01  
    0.275       507.59          762.54        3148.58         3864.69         5041.18  
    0.281       524.57          686.14        3189.65         3793.29         5065.22  
    0.288       546.65          598.29        3049.83         3699.21         5097.91  
    0.294       566.94          613.82        2893.28         3727.38         5091.63  
    0.300       523.75          724.41        2890.79         3814.14         5034.50  
    0.306       479.48          791.76        2970.92         3894.51         5027.79  
    0.312       463.49          786.14        2947.27         3894.60         5039.35  
    0.319       486.09          741.34        2964.51         3870.59         5054.47  
    0.325       467.78          765.69        3022.70         3922.05         5078.61  
    0.331       456.09          782.04        2961.20         3939.17         5100.73  
    0.338       452.11          796.07        2891.22         3988.77         5099.99  
    0.344       450.47          809.08        3000.37         4141.55         5075.06  
    0.350       450.79          814.84        3001.00         3901.95         5084.94  
    0.356       453.81          819.66        2926.04         3783.26         5114.76  
    0.363       457.39          822.14        2955.24         4701.11         5402.63  
    0.369       461.48          816.85        3078.27         4923.34         5500.00  
    0.375       119.48          556.66        1381.74         3606.12         5062.83  
    0.381       0          440.48        745.02         3217.07         4908.45  
    0.388       266.90          651.08        2484.82         4424.20         5347.02  
    0.394       319.54          747.23        3258.00         4854.04         5500.00  
    0.400       293.36          761.94        3296.01         4911.86         5500.00  
    0.406       279.37          775.95        3036.13         4641.10         5093.85  
    0.413       274.62          781.66        2957.77         4735.53         5062.85  
    0.419       271.92          805.66        2937.86         4727.52         5279.44  
    0.425       270.01          855.03        2963.56         4715.39         5459.06  
    0.431       268.62          956.67        2892.23         4648.17         5021.97  
    0.438       266.09          1128.58        2723.46         4712.17         4781.93  
    0.444       263.01          1072.14        2821.55         4746.27         4809.88  
    0.450       67.72          458.95        1643.37         3481.04         4747.52  
    0.456       188.19          1148.00        2439.99         4276.18         5298.37  
    0.463       255.65          1430.90        2682.77         4325.65         4983.86  
    0.469       273.91          1561.84        2315.87         3637.52         4850.39  
    0.475       72.33          852.86        1896.60         3248.22         4856.93  
    0.481       0          726.74        1986.00         3387.81         4868.87  
    0.488       0          759.77        2069.11         3491.84         4876.60  
    0.494       0          692.31        1869.09         3418.52         4847.77  
    0.500       0          459.82        1802.30         3274.72         4716.06  
    0.506       235.54          1421.35        2015.86         3542.33         4892.73  
    