0.025       497.13          960.06        3503.22         4415.42         5059.34  
    0.031       64.37          124.31        1102.70         3577.29         4382.88  
    0.038       0          0        673.62         3515.82         4099.51  
    0.044       332.62          661.38        3223.20         3783.66         4917.03  
    0.050       375.50          668.34        3151.67         4128.52         5063.74  
    0.056       372.55          664.14        3637.84         3790.98         4999.92  
    0.062       408.60          720.52        3201.06         3732.78         4941.52  
    0.069       444.28          786.16        2854.37         3748.96         5021.30  
    0.075       459.00          878.66        2665.21         3762.05         5045.33  
    0.081       455.18          1068.05        2663.66         3779.57         4980.41  
    0.088       453.24          1150.57        2681.99         3798.32         4856.95  
    0.094       450.84          1194.46        2658.70         3786.10         4825.99  
    0.100       448.57          1214.79        2614.60         3778.23         4845.24  
    0.106       447.40          1233.29        2555.49         3749.03         4883.64  
    0.113       449.21          1207.34        2590.27         3773.80         4908.32  
    0.119       449.82          1189.84        2593.02         3767.55         4867.37  
    0.125       451.66          1209.36        2530.42         3795.28         4842.86  
    0.131       450.58          1191.00        2493.82         3793.73         4937.55  
    0.138       449.80          1148.60        2532.58         3802.55         5085.81  
    0.144       449.34          1173.10        2564.16         3791.99         5097.02  
    0.150       448.32          1201.45        2613.80         3805.29         5447.65  
    0.156       448.45          1223.46        2619.28         3824.23         5500.00  
    0.163       453.22          1216.72        2479.07         3815.03         5227.58  
    0.169       461.49          1062.22        2294.80         3790.03         5065.55  
    0.175       449.79          914.07        2529.82         3926.92         5027.32  
    0.181       457.70          869.72        2192.76         3867.69         4989.07  
    0.188       465.50          949.27        2064.44         3813.75         5158.56  
    0.194       60.39          528.51        1485.45         3658.61         3888.41  
    0.200       0          461.36        1441.50         3371.80         3826.45  
    0.206       400.00          1332.04        1824.40         3710.45         5285.83  
    0.213       458.47          1271.12        1767.14         3713.07         5271.55  
    0.219       459.86          1246.39        1742.43         3706.43         5267.58  
    0.225       460.57          1266.07        1718.21         3614.88         4984.25  
    0.231       458.54          1203.66        1904.39         3654.83         4851.86  
    0.238       456.11          1161.24        2069.24         3750.72         5414.36  
    0.244       456.07          1090.93        1963.41         3802.45         5276.32  
    0.250       460.46          1090.20        1869.86         3799.90         5074.75  
    0.256       462.14          1123.55        1933.40         3761.97         5148.30  
    0.263       59.86          552.84        1501.14         3602.73         3951.02  
    0.269       407.98          979.74        1551.37         3733.10         5014.18  
    0.275       469.75          1071.81        1695.23         3733.40         5210.07  
    0.281       477.49          974.64        1671.94         3769.70         5462.67  
    0.288       421.96          545.86        1576.83         3801.98         5500.00  
    0.294       482.05          957.87        1598.38         3783.88         5500.00  
    0.300       496.01          1066.38        1655.82         3602.65         5233.20  
    0.306       492.83          944.24        1904.14         3714.30         5117.21  
    0.312       478.55          846.84        2022.01         3838.68         5112.65  
    0.319       472.19          815.97        2259.28         4045.23         5066.13  
    0.325       474.49          818.75        2705.02         4660.86         4903.58  
    0.331       478.82          832.11        2652.19         4019.34         5085.04  
    0.338       62.07          531.66        1083.55         3604.09         5092.91  
    0.344       0          480.64        863.99         3532.97         5090.63  
    0.350       0          470.61        880.15         3560.69         5057.97  
    0.356       0          484.50        895.17         3542.61         4936.67  
    0.363       0          530.60        890.25         3560.53         4898.21  
    0.369       0          522.48        828.32         3607.85         4969.12  
    0.375       0          424.59        799.83         3626.11         5003.66  
    0.381       0          386.62        805.65         3570.39         5124.30  
    0.388       0          369.53        817.23         3468.89         5164.96  
    0.394       0          347.15        824.49         3508.46         5108.83  
    0.400       270.89          762.08        1987.03         3607.10         5028.33  
    0.406       310.01          805.90        2319.69         3671.19         4989.27  
    0.413       287.91          808.11        2496.29         3859.51         4965.59  
    0.419       253.30          804.62        2559.93         3832.21         4981.03  
    0.425       258.70          802.66        2564.17         3734.55         5024.24  
    0.431       259.08          811.78        2489.53         3697.61         5025.91  
    0.438       380.29          761.37        2534.27         3740.37         4959.73  
    0.444       424.21          861.97        2636.90         3826.25         4940.82  
    0.450       422.33          829.05        2721.08         3816.80         4951.65  
    0.456       464.66          800.30        2713.13         3774.47         4919.71  
    0.463       339.76          809.27        2679.25         3767.06         4941.17  
    0.469       384.43          868.90        2649.50         3760.60         4885.04  
    0.475       411.73          920.29        2838.62         3834.25         4893.91  
    0.481       53.65          119.98        1061.72         2788.24         3964.98  
    0.488       232.25          640.28        2305.02         3660.77         4922.86  
    0.494       359.46          533.98        2480.29         3861.60         5098.72  
    0.500       311.30          609.90        2489.15         3851.28         5102.13  
    0.506       264.35          586.42        2528.27         3815.41         5337.52  
    