0.025       688.46          1842.57        3208.08         4292.16         4679.83  
    0.031       1.41          899.16        1925.82         3320.09         4828.79  
    0.038       0          1322.67        2000.33         3415.80         4878.38  
    0.044       0          2.70        1583.68         2797.05         3876.66  
    0.050       0          1306.29        2409.49         3567.03         4559.79  
    0.056       0          1330.60        2241.04         3242.72         4568.15  
    0.062       0          1333.35        2569.09         3322.76         4526.71  
    0.069       0          2.72        1210.64         2667.88         3697.58  
    0.075       0          1047.19        2800.06         3380.24         4293.96  
    0.081       0          1151.97        2516.25         3306.44         4448.13  
    0.088       0          991.64        2333.65         3207.01         4471.37  
    0.094       776.57          1900.56        3272.53         3947.24         4984.34  
    0.100       1.59          1430.02        1844.24         3560.22         4202.80  
    0.106       0          1230.84        2204.65         3418.06         4190.43  
    0.113       0          1067.34        2245.55         3474.93         4354.57  
    0.119       0          977.07        2156.34         3545.42         4984.27  
    0.125       0          1088.96        2087.79         3432.48         4754.30  
    0.131       875.81          2046.58        3040.75         4224.84         5498.48  
    0.138       1.79          789.92        1961.45         3015.54         4083.51  
    0.144       0          1.61        1508.63         2719.42         3852.83  
    0.150       901.37          1531.95        2555.59         3875.85         5229.50  
    0.156       1.84          907.02        1991.76         3599.87         4699.17  
    0.163       0          1454.29        2020.92         3518.00         4710.92  
    0.169       628.04          1848.02        2800.87         3951.32         5009.13  
    0.175       580.87          1820.89        2999.38         4171.45         5499.00  
    0.181       1.19          510.25        1934.93         3114.45         4124.09  
    0.188       667.87          1891.11        3223.48         4361.94         5497.19  
    0.194       1.37          1302.88        2132.53         3277.97         4476.61  
    0.200       0          1300.71        2357.30         3439.30         4641.28  
    0.206       737.70          1740.09        2905.44         4239.94         5498.25  
    0.213       1.51          710.90        2000.51         3197.29         4284.45  
    0.219       0          834.94        2028.61         3492.06         4460.16  
    0.225       0          1.70        1408.13         1846.44         3510.04  
    0.231       0          1360.25        2034.73         3456.79         4798.28  
    0.238       471.72          1755.11        3214.63         3867.36         4944.43  
    0.244       603.79          1953.84        2797.49         3829.21         5087.62  
    0.250       1.23          723.64        2459.33         3677.71         3818.87  
    0.256       0          738.30        2489.39         3676.22         3845.95  
    0.263       0          746.85        2429.70         3806.42         3851.74  
    0.269       0          1.52        782.37         2514.96         3785.37  
    0.275       0          788.36        2301.04         3768.16         4624.53  
    0.281       519.13          722.65        2630.84         3851.65         4573.37  
    0.288       497.38          841.60        2640.40         3822.68         4299.65  
    0.294       477.85          860.24        2585.22         3790.90         4238.16  
    0.300       484.48          867.76        2628.63         3800.46         4306.73  
    0.306       481.03          874.33        2569.83         3737.60         4353.51  
    0.312       477.28          872.08        2571.95         3682.20         4429.39  
    0.319       478.18          872.06        2598.19         3704.45         4363.16  
    0.325       481.38          873.89        2634.22         3674.83         4128.06  
    0.331       487.38          870.44        2680.86         3649.31         4149.09  
    0.338       505.13          847.32        2652.90         3589.46         4156.18  
    0.344       505.62          846.85        2631.07         3614.89         4274.87  
    0.350       497.50          852.48        2672.30         3622.40         4216.55  
    0.356       497.55          851.96        2751.58         3624.90         4121.98  
    0.363       486.16          855.72        2733.44         3623.92         4151.69  
    0.369       486.17          850.67        2724.96         3635.58         4158.81  
    0.375       485.10          839.70        2696.65         3644.47         4197.90  
    0.381       496.42          817.41        2700.20         3655.96         4234.78  
    0.388       492.76          818.90        2694.64         3658.78         4208.26  
    0.394       498.17          798.44        2696.93         3667.07         4177.01  
    0.400       522.40          766.10        2701.84         3664.95         4183.35  
    0.406       526.12          756.61        2683.18         3679.21         4260.94  
    0.413       509.01          757.65        2697.72         3675.57         4224.27  
    0.419       521.30          745.36        2710.84         3663.89         4177.81  
    0.425       497.17          755.75        2720.26         3667.53         4173.96  
    0.431       477.50          769.12        2718.68         3672.99         4197.41  
    0.438       493.07          793.78        2720.81         3649.62         4241.41  
    0.444       477.56          819.90        2805.42         3688.93         4341.07  
    0.450       465.13          830.64        2890.45         3696.34         4401.30  
    0.456       479.99          804.48        2911.12         3668.64         4434.80  
    0.463       474.37          805.03        2920.54         3682.08         4499.56  
    0.469       464.83          737.34        2854.76         3698.13         4558.81  
    0.475       360.84          696.65        2834.91         3752.09         4647.54  
    0.481       0.74          671.55        2336.67         3348.45         4428.97  
    0.488       0          731.22        2283.43         3556.60         4417.58  
    0.494       0          855.94        2587.04         3710.32         4770.08  
    0.500       0          894.39        2498.46         3467.46         4703.87  
    0.506       0          978.13        2431.42         3403.78         4645.89  
    0.513       0          718.35        2223.62         3199.46         4769.52  
    0.519       0          635.62        2086.49         3173.76         4601.77  
    0.525       0          573.94        2124.69         3330.32         4629.84  
    0.531       0          857.47        2306.85         3432.80         4464.55  
    0.537       0          962.98        2277.99         3471.40         4797.62  
    0.544       730.65          2019.00        2513.06         3485.87         4926.63  
    0.550       775.06          2001.18        3414.18         3988.88         5498.83  
    0.556       1.58          784.36        2283.22         3574.94         4307.01  
    0.562       480.90          1823.41        2792.96         3690.13         5074.12  
    0.569       590.35          1736.37        2738.47         4126.19         5499.13  
    0.575       365.28          1426.34        2581.14         4048.19         5500.00  
    0.581       0.74          2.91        1586.11         2565.66         3736.45  
    0.588       0          1079.18        2169.56         3490.16         4450.89  
    0.594       0          1059.59        2176.12         3448.53         4464.67  
    0.600       323.42          1527.17        2775.63         3762.99         5125.58  
    0.606       0.66          1080.87        2325.94         3529.34         4885.82  
    0.613       786.50          1844.05        3317.19         3533.59         5498.75  
    0.619       680.83          1754.20        3030.80         4036.63         5170.38  
    0.625       385.50          1744.54        2961.76         4049.67         4970.51  
    0.631       415.84          1661.45        2933.81         4002.61         5116.34  
    0.638       466.16          1618.74        2851.39         3842.86         4896.05  
    0.644       0.95          1081.36        2310.95         3852.32         4659.73  
    0.650       0          610.14        2132.35         3116.10         4358.84  
    0.656       501.94          1761.04        2684.08         3783.62         5497.67  
    0.663       1.03          1240.25        2157.50         3303.73         4166.51  
    0.669       0          1223.49        2082.05         3298.61         4364.02  
    0.675       0          713.64        2114.71         3417.47         4434.56  
    0.681       473.40          1781.85        3073.59         3987.69         4778.90  
    0.688       0.97          3.64        1393.62         2856.07         4050.31  
    0.694       432.27          1579.00        2687.37         4054.01         4923.18  
    0.700       0.88          3.23        1612.58         2600.19         4110.44  
    0.706       539.57          1918.84        2660.45         3757.73         4850.10  
    0.713       1.10          3.92        1550.78         2745.88         3740.80  
    0.719       0          0        1507.57         2410.98         3632.89  
    0.725       0          1242.85        2200.04         3697.95         4744.36  
    0.731       0          1390.41        2169.27         3657.60         4833.03  
    0.738       602.17          1896.59        3181.23         3468.60         4752.67  
    0.744       714.78          1857.39        3179.09         4048.38         4890.99  
    0.750       1.46          996.08        1993.99         3374.75         4321.93  
    0.756       0          1202.81        1853.18         3329.45         4313.01  
    0.763       0          2.46        1611.46         2628.91         3830.20  
    0.769       0          0        1423.01         2597.52         3800.77  
    0.775       0          1315.46        2550.13         3403.85         4240.20  
    0.781       0          1173.89        2315.12         3240.97         4371.59  
    0.788       0          1208.64        2598.93         3067.15         4420.73  
    0.794       0          995.41        2128.07         3237.18         4480.17  
    0.800       0          1172.41        2221.56         3520.39         4340.31  
    0.806       0          1325.07        2281.20         3531.57         4356.60  
    0.812       0          1528.09        1691.14         2972.99         4282.02  
    0.819       0          532.69        1892.34         2972.52         4185.90  
    0.825       698.87          1829.73        2978.40         4208.45         5497.32  
    0.831       593.45          1596.51        2717.71         4101.16         4981.67  
    0.838       1.21          1249.17        2352.22         3805.39         4127.74  
    0.844       0          1422.42        2420.87         3092.07         4226.22  
    0.850       0          2.90        1393.03         2658.56         3827.81  
    0.856       0          1370.93        2383.99         2801.73         4070.24  
    0.863       0          1072.35        1936.80         3381.04         4214.86  
    0.869       770.64          1421.05        2799.99         3814.23         4961.59  
    0.875       437.41          1349.32        2744.54         3836.45         5034.27  
    0.881       775.66          1404.95        2668.16         3793.78         5031.19  
    0.888       694.83          1607.16        3008.77         3538.10         4904.09  
    0.894       1.42          966.71        2115.60         3382.19         4799.77  
    0.900       694.94          2089.15        3276.25         3450.52         4705.31  
    0.906       1.42          1480.17        2569.35         3478.43         4279.49  
    0.913       0          3.02        1545.52         2787.62         3648.93  
    0.919       0          0        1538.95         3009.31         3420.68  
    0.925       0          1355.51        2283.54         3324.74         4722.22  
    0.931       0          1055.80        2397.27         3458.15         4623.84  
    0.938       894.16          1504.95        2753.21         3715.30         4907.95  
    0.944       667.65          1592.01        2704.91         3805.32         5109.97  
    0.950       526.84          1749.75        2857.97         3841.70         5012.76  
    0.956       385.55          1578.43        3051.90         3875.45         5020.31  
    0.963       353.72          1752.95        2752.52         3964.28         5170.78  
    0.969       0.72          3.58        1647.18         2813.35         4033.11  
    