0.025       660.33          1341.69        2001.22         3131.05         5082.80  
    0.031       559.77          1014.85        2723.64         3002.67         5115.92  
    0.038       530.36          923.83        2826.77         3277.76         5196.38  
    0.044       469.25          884.13        2833.72         3756.06         5185.92  
    0.050       440.80          857.10        2824.82         3869.86         5190.43  
    0.056       463.72          862.31        2765.90         3650.32         5217.32  
    0.062       471.77          863.91        2721.44         3461.98         5208.96  
    0.069       444.57          856.01        2711.62         3392.41         5137.93  
    0.075       437.25          839.47        2720.96         3376.59         5118.00  
    0.081       442.24          839.99        2764.63         3456.68         5126.27  
    0.088       447.67          837.52        2795.45         3600.37         5156.53  
    0.094       473.98          836.21        2788.49         3726.05         5433.15  
    0.100       95.39          166.08        1083.22         2992.90         3995.47  
    0.106       0          527.06        2395.31         2901.70         3668.81  
    0.113       0          130.65        1098.13         2855.46         3686.75  
    0.119       458.09          508.51        2351.04         3480.13         4899.18  
    0.125       497.87          614.39        2770.52         3649.72         5440.27  
    0.131       190.75          625.75        2790.73         3598.84         5500.00  
    0.138       23.67          125.10        1042.30         2935.61         3894.09  
    0.144       0          0        659.12         2763.34         3493.06  
    0.150       155.24          484.30        2380.14         3384.10         5101.20  
    0.156       38.48          120.05        1042.07         2995.19         3879.86  
    0.163       391.16          474.68        2434.50         3308.05         4885.74  
    0.169       518.89          653.85        2892.05         3367.18         5357.06  
    0.175       519.43          581.46        2850.59         3393.97         5329.04  
    0.181       189.17          539.06        2825.07         3403.06         5463.17  
    0.188       233.90          525.87        2777.77         3375.88         5500.00  
    0.194       381.94          519.80        2767.39         3403.50         5500.00  
    0.200       481.34          612.18        2780.19         3418.34         5500.00  
    0.206       476.10          532.34        2801.41         3412.91         5500.00  
    0.213       504.98          551.92        2781.05         3408.82         5319.77  
    0.219       476.89          686.95        2764.93         3406.26         5241.21  
    0.225       477.08          704.89        2768.91         3387.02         5285.95  
    0.231       470.63          728.86        2775.20         3413.25         5308.26  
    0.238       452.99          754.41        2779.30         3417.36         5287.53  
    0.244       496.25          667.74        2808.07         3388.35         5456.66  
    0.250       100.89          128.14        1021.27         2936.00         3810.27  
    0.256       0          0        583.34         2798.21         3369.75  
    0.263       0          0        587.31         2764.34         3336.79  
    0.269       0          0        594.66         2749.27         3320.47  
    0.275       0          0        594.25         2749.10         3321.08  
    0.281       0          0        588.25         2747.23         3343.09  
    0.288       196.18          463.16        2325.08         3273.57         4898.93  
    0.294       412.77          576.05        2754.08         3446.90         5456.95  
    0.300       409.45          570.88        2761.52         3442.47         5299.32  
    0.306       405.22          580.73        2804.41         3390.34         5228.44  
    0.312       432.14          587.46        2839.52         3366.86         5226.42  
    0.319       401.07          608.43        2889.67         3367.02         5193.33  
    0.325       77.83          121.84        1080.03         2961.10         3739.57  
    0.331       0          0        635.28         2807.10         3426.79  
    0.338       0          0        642.13         2783.15         3434.33  
    0.344       208.18          520.57        2339.97         3280.16         4829.00  
    0.350       298.22          656.55        2736.97         3456.86         5188.38  
    0.356       341.66          660.38        2753.01         3522.53         5390.54  
    0.363       392.80          681.74        2753.89         3538.13         5248.98  
    0.369       392.03          700.08        2764.34         3519.22         5279.94  
    0.375       408.68          730.80        2788.96         3544.98         5301.70  
    0.381       425.92          765.42        2781.69         3590.14         5235.46  
    0.388       424.83          790.87        2770.66         3596.05         5444.16  
    0.394       420.59          803.01        2731.71         3594.76         5500.00  
    0.400       418.32          818.16        2675.27         3607.53         5500.00  
    0.406       404.64          851.11        2580.17         3588.23         5500.00  
    0.413       353.40          828.74        2583.89         3617.65         5144.64  
    0.419       67.84          163.16        1133.30         2955.37         4001.95  
    0.425       0          0        760.03         2845.54         3760.98  
    0.431       0          0        660.87         2775.72         3775.97  
    0.438       208.57          576.47        2335.62         3560.68         4637.03  
    0.444       240.36          971.58        2718.03         3748.80         4863.38  
    0.450       242.86          1013.12        2597.38         3621.69         5046.29  
    0.456       242.31          985.65        2666.85         3606.89         5129.08  
    0.463       231.12          982.84        2831.72         3703.18         5138.02  
    0.469       209.00          1041.78        2868.57         3765.91         5122.81  
    0.475       40.56          209.81        1338.30         3040.88         4179.42  
    