0.025       0          786.55        1681.64         2943.30         3741.88  
    0.031       278.50          1313.02        2629.02         3541.83         5088.58  
    0.038       474.80          1129.83        2748.72         3749.43         5264.68  
    0.044       467.68          920.14        2689.86         3741.11         5161.69  
    0.050       453.43          885.86        2689.76         3742.18         5134.67  
    0.056       460.36          873.32        2708.80         3748.92         5084.11  
    0.062       491.23          599.94        2752.20         3759.81         5399.44  
    0.069       254.07          507.71        2778.89         3772.47         5265.74  
    0.075       41.88          118.11        1026.67         2972.43         4098.33  
    0.081       0          369.76        2236.40         3516.63         4090.73  
    0.088       366.17          488.90        2846.62         3752.65         4331.10  
    0.094       476.73          680.06        2763.21         3726.74         4499.91  
    0.100       476.09          738.00        2712.22         3709.20         4753.39  
    0.106       477.27          756.34        2710.13         3706.97         4951.27  
    0.113       485.15          741.77        2732.13         3706.43         5381.04  
    0.119       489.43          774.35        2757.34         3667.11         5410.03  
    0.125       489.35          803.52        2798.99         3627.30         4964.87  
    0.131       489.56          817.44        2860.29         3618.53         4490.56  
    0.138       490.36          820.36        2798.18         3613.16         4225.65  
    0.144       496.93          824.73        2775.77         3596.07         4172.82  
    0.150       508.13          821.12        2755.02         3567.61         4124.70  
    0.156       506.72          823.07        2692.89         3538.07         4098.79  
    0.163       504.01          829.91        2671.57         3531.33         4053.49  
    0.169       504.26          835.15        2667.04         3536.34         4022.80  
    0.175       502.68          839.06        2672.72         3541.44         4010.61  
    0.181       500.42          842.40        2670.56         3544.91         3947.03  
    0.188       500.48          848.69        2652.89         3541.74         3828.74  
    0.194       503.40          854.96        2615.96         3501.75         3792.84  
    0.200       509.73          859.59        2609.64         3494.16         3865.48  
    0.206       514.36          862.46        2627.73         3512.95         4139.08  
    0.213       516.95          864.58        2637.20         3527.98         4618.22  
    0.219       517.66          859.90        2640.96         3533.74         4689.29  
    0.225       507.23          852.28        2651.95         3529.14         4350.10  
    0.231       483.94          843.98        2634.33         3519.97         4082.21  
    0.238       475.56          824.86        2663.60         3531.52         4173.30  
    0.244       480.42          819.06        2686.07         3549.45         4625.67  
    0.250       478.16          798.12        2704.84         3562.66         4607.46  
    0.256       446.13          789.95        2697.45         3529.42         4459.86  
    0.263       430.73          796.13        2641.84         3515.15         4676.77  
    0.269       427.78          803.67        2621.27         3530.01         4769.02  
    0.275       424.39          830.69        2614.05         3600.65         4519.47  
    0.281       433.61          853.03        2596.85         3593.30         4393.86  
    0.288       450.75          879.43        2591.18         3535.61         4440.60  
    0.294       463.81          874.56        2583.80         3514.27         4455.80  
    0.300       474.42          778.95        2582.45         3520.61         4164.05  
    0.306       481.03          691.17        2568.56         3555.23         4159.58  
    0.312       498.36          610.07        2578.77         3569.57         4522.96  
    0.319       473.05          666.06        2592.46         3586.52         4725.35  
    0.325       474.97          684.93        2626.83         3546.80         4864.28  
    0.331       492.34          544.68        3206.97         4441.47         4802.13  
    0.338       489.05          551.05        3397.57         4591.05         4707.13  
    0.344       458.57          676.47        2962.75         4046.24         4761.17  
    0.350       444.92          772.46        2758.91         3730.63         4753.22  
    