0.025       489.70          805.38        2777.70         3396.60         4146.37  
    0.031       485.99          820.03        2732.83         3404.05         4167.20  
    0.038       494.24          814.60        2665.64         3405.59         4165.86  
    0.044       494.82          807.77        2655.52         3402.02         4150.84  
    0.050       479.92          826.39        2675.66         3409.87         4169.97  
    0.056       474.05          839.33        2707.54         3428.26         4184.48  
    0.062       481.87          831.49        2686.20         3437.40         4191.52  
    0.069       499.32          809.18        2645.70         3411.16         4166.37  
    0.075       521.56          795.90        2649.96         3395.70         4169.35  
    0.081       522.19          798.63        2659.99         3390.91         4103.05  
    0.088       512.39          802.68        2645.30         3388.68         4022.46  
    0.094       519.00          792.97        2626.84         3394.76         4081.00  
    0.100       523.86          783.64        2619.48         3407.24         4161.06  
    0.106       513.92          781.54        2618.31         3415.97         4189.64  
    0.113       519.47          740.86        2623.68         3424.06         4147.67  
    0.119       533.01          700.04        2628.05         3436.67         4016.74  
    0.125       539.06          705.90        2634.35         3440.71         3971.41  
    0.131       536.39          725.84        2641.87         3434.96         4094.64  
    0.138       530.55          741.62        2649.17         3430.99         4194.84  
    0.144       518.76          761.92        2649.67         3427.89         4179.34  
    0.150       522.40          756.20        2650.31         3423.81         4115.31  
    0.156       528.09          748.90        2646.94         3417.37         4108.66  
    0.163       530.83          746.83        2641.54         3402.23         4120.25  
    0.169       537.30          736.20        2655.95         3385.31         4111.97  
    0.175       526.19          737.54        2689.38         3405.06         4055.77  
    0.181       516.32          740.95        2708.72         3415.61         4066.59  
    0.188       526.29          719.76        2721.06         3417.73         4069.09  
    0.194       522.92          727.07        2729.47         3408.45         4133.41  
    0.200       516.97          735.47        2727.37         3390.10         4187.18  
    0.206       514.85          718.77        2691.71         3390.78         4203.13  
    0.213       505.91          711.61        2648.79         3391.57         4202.80  
    0.219       501.86          726.59        2632.77         3400.77         4155.49  
    0.225       502.42          741.12        2651.15         3400.28         4148.26  
    0.231       497.62          744.47        2679.93         3370.63         4142.74  
    0.238       481.59          746.01        2701.48         3362.36         4096.91  
    0.244       467.67          753.88        2682.47         3386.14         4008.77  
    0.250       467.10          765.79        2659.78         3421.19         3997.00  
    0.256       466.40          769.20        2734.64         3450.13         4089.01  
    0.263       466.14          757.83        2790.54         3449.29         4151.07  
    0.269       472.41          738.71        2769.75         3469.44         4113.72  
    0.275       494.38          699.02        2737.58         3480.45         4056.19  
    0.281       500.10          686.39        2771.53         3458.66         4095.68  
    0.288       457.22          744.75        2849.59         3447.80         4175.03  
    0.294       428.52          778.31        2832.34         3409.41         4212.48  
    0.300       433.73          759.80        2736.60         3447.33         4217.53  
    0.306       439.98          723.41        2712.87         3476.59         4253.26  
    0.312       433.85          671.97        2693.12         3409.16         4290.83  
    0.319       409.84          621.32        2452.76         3373.27         4327.80  
    0.325       364.15          808.71        2459.43         3328.15         4336.54  
    0.331       371.14          939.42        2614.31         3340.54         4348.29  
    0.338       407.11          909.14        2625.01         3397.09         4353.07  
    0.344       449.92          830.18        2594.77         3344.09         4306.61  
    0.350       467.54          893.55        2593.03         3391.86         4319.46  
    0.356       462.68          955.81        2660.04         3526.62         4371.05  
    