0.025       0          0        1384.23         2704.16         3614.25  
    0.031       0          0        1298.70         2701.09         3591.87  
    0.038       0          833.55        2520.75         2986.15         3635.14  
    0.044       559.90          891.12        2678.50         3385.89         4814.62  
    0.050       578.00          861.59        2692.89         3457.07         4210.07  
    0.056       581.03          867.56        2662.21         3332.00         4365.18  
    0.062       579.22          883.01        2668.46         3365.58         4435.91  
    0.069       579.93          896.78        2679.15         3423.19         4447.87  
    0.075       588.56          896.63        2692.28         3382.38         4192.31  
    0.081       604.27          901.43        2660.72         3371.91         4160.26  
    0.088       608.46          903.47        2662.68         3402.62         4155.19  
    0.094       598.77          898.76        2658.20         3441.63         4129.67  
    0.100       598.87          899.18        2663.69         3426.80         4149.32  
    0.106       597.42          904.20        2655.97         3342.87         4186.59  
    0.113       595.71          906.91        2628.11         3337.48         4220.30  
    0.119       595.46          913.47        2637.04         3364.75         4212.30  
    0.125       593.68          916.66        2652.36         3406.40         4244.24  
    0.131       593.22          911.76        2637.74         3411.92         4295.10  
    0.138       596.43          911.97        2751.32         3393.26         4335.15  
    0.144       599.47          911.86        2802.97         3528.08         4337.76  
    0.150       601.03          904.07        2814.60         3691.97         4612.99  
    0.156       601.96          898.02        2829.19         3631.93         5216.57  
    0.163       606.25          898.61        2830.47         3611.00         5477.99  
    0.169       611.88          905.94        2891.08         3640.16         5500.00  
    0.175       61.38          643.25        1107.09         2954.52         3892.53  
    0.181       0          614.02        909.05         2827.04         3806.32  
    0.188       0          618.25        911.51         2808.20         3832.32  
    0.194       0          622.38        916.16         2839.85         3720.18  
    0.200       0          627.63        921.60         2825.24         3646.12  
    0.206       0          622.05        917.44         2773.59         3628.49  
    0.213       0          629.00        914.39         2735.56         3519.85  
    0.219       0          627.67        910.96         2720.29         3468.73  
    0.225       0          623.51        909.71         2698.85         3455.87  
    0.231       0          627.16        915.72         2702.99         3478.34  
    0.238       0          631.61        925.38         2695.54         3460.56  
    0.244       0          638.38        946.95         2704.02         3477.30  
    0.250       0          641.68        961.86         2699.08         3497.18  
    0.256       0          637.98        957.21         2720.63         3480.22  
    0.263       0          632.21        953.67         2717.44         3461.15  
    0.269       0          618.67        936.35         2714.96         3460.79  
    0.275       0          612.00        924.61         2714.51         3485.06  
    0.281       542.93          889.17        2524.41         3177.78         4685.20  
    0.288       601.44          923.20        2594.87         3329.74         4743.41  
    0.294       593.86          913.50        2674.73         3500.91         4788.16  
    0.300       59.44          623.97        1083.65         2838.69         3701.81  
    0.306       0          600.25        902.94         2748.16         3578.22  
    0.312       0          601.60        899.40         2713.95         3564.27  
    0.319       0          600.89        894.97         2702.02         3522.32  
    0.325       0          613.21        903.31         2697.61         3508.84  
    0.331       0          618.23        909.87         2718.22         3504.28  
    0.338       0          610.52        904.03         2724.69         3514.18  
    0.344       557.23          872.97        2536.88         3436.42         4581.13  
    0.350       615.29          896.92        2703.86         3527.41         4066.91  
    0.356       615.14          893.67        2708.26         3535.74         3961.31  
    0.363       605.67          888.54        2691.37         3520.36         4168.38  
    0.369       601.59          884.81        2800.73         3550.52         5368.89  
    0.375       60.26          633.91        1074.20         2856.57         3748.08  
    0.381       548.34          824.02        2517.47         3401.09         5304.85  
    0.388       609.28          849.38        2710.87         3503.33         5500.00  
    0.394       623.45          873.51        2710.30         3524.33         5500.00  
    0.400       613.23          880.49        2700.24         3249.89         3736.42  
    0.406       598.42          880.77        2670.32         3481.07         3614.80  
    0.413       598.52          882.34        2669.35         3484.63         3943.51  
    0.419       601.32          883.49        2856.99         3520.75         5347.57  
    0.425       60.30          635.86        1100.34         2827.96         3716.72  
    0.431       538.72          857.36        2530.66         3437.88         4050.09  
    0.438       590.26          876.57        2695.66         3508.64         4413.51  
    0.444       592.36          879.55        2698.01         3492.19         5394.50  
    0.450       589.43          908.75        2717.64         3497.57         5211.00  
    0.456       618.66          916.01        2685.04         3541.83         5467.81  
    0.463       625.24          877.85        2708.77         3464.83         5500.00  
    0.469       608.77          865.66        2697.28         3475.23         4286.57  
    0.475       597.45          878.09        2676.44         3493.58         4341.55  
    0.481       596.49          900.22        2703.82         3505.26         4577.35  
    0.488       535.10          846.61        2699.06         3482.81         4357.97  
    0.494       498.16          813.64        2763.19         3558.21         4856.52  
    0.500       549.71          821.38        2735.88         3600.72         3919.72  
    0.506       567.93          837.95        2768.69         3668.70         3742.69  
    0.513       57.06          593.68        1041.46         2858.50         3695.53  
    0.519       487.35          833.46        2584.67         3537.39         5318.70  
    0.525       541.09          856.98        2783.52         3577.22         5107.81  
    0.531       518.79          817.33        2764.61         3623.95         4004.83  
    0.537       559.43          827.43        2637.42         3470.78         3590.25  
    