0.025       265.78          1183.52        2067.75         3849.39         4872.20  
    0.031       274.99          1117.97        1738.88         3743.14         4881.00  
    0.038       270.39          1007.88        1906.30         3786.18         4850.38  
    0.044       264.05          892.63        2475.44         3851.04         5031.80  
    0.050       260.62          808.52        2735.46         3846.13         5054.10  
    0.056       253.30          755.76        2740.72         3963.96         5110.06  
    0.062       260.41          787.88        2667.88         3989.07         5333.06  
    0.069       287.99          805.71        2470.11         3957.61         5317.26  
    0.075       325.40          807.21        2568.16         4009.65         5495.93  
    0.081       330.96          797.60        2737.65         4095.86         5500.00  
    0.088       350.30          822.68        2105.61         4025.90         5500.00  
    0.094       329.96          805.18        1296.61         4020.16         5500.00  
    0.100       7.32          671.67        821.61         1037.44         4052.30  
    0.106       0          682.36        989.57         2246.42         4021.49  
    0.113       0          704.22        1029.23         2455.16         4028.47  
    0.119       0          781.34        1055.51         2539.38         4010.86  
    0.125       0          795.24        1067.44         2567.28         3985.74  
    0.131       0          775.96        938.61         2570.14         3983.80  
    0.138       0          745.30        900.32         2555.60         3986.04  
    0.144       703.61          867.34        2471.62         3913.34         5466.36  
    0.150       727.90          820.05        2419.30         3947.51         4378.63  
    0.156       752.16          792.51        2322.60         3941.40         4140.38  
    0.163       710.32          787.89        2247.81         3694.01         3966.08  
    0.169       15.76          790.07        2222.64         2262.79         3951.06  
    0.175       0          788.37        2102.68         2202.98         3916.97  
    0.181       0          784.02        1898.54         2136.02         3898.96  
    0.188       758.22          1508.36        2113.24         3847.96         4415.74  
    0.194       779.14          1481.01        2131.41         3766.84         4538.31  
    0.200       775.14          1463.62        2130.70         3675.73         4700.11  
    0.206       772.84          1503.05        2084.64         3684.25         4703.36  
    0.213       772.98          1571.38        2071.38         3748.57         4648.36  
    0.219       765.13          1628.72        2086.54         3842.58         4732.68  
    0.225       747.84          1639.75        2083.59         3749.85         4728.32  
    0.231       737.47          1655.82        2089.14         3751.77         4680.92  
    0.238       735.12          1641.01        2127.28         3901.79         4681.27  
    0.244       735.54          1677.90        2066.64         3861.27         4712.96  
    0.250       741.56          1667.79        2011.23         3711.37         4677.25  
    0.256       743.16          1698.45        2018.42         3719.14         4614.13  
    0.263       742.12          1668.17        2048.73         3848.22         4618.80  
    0.269       746.49          1730.00        1959.22         3878.10         4656.54  
    0.275       746.13          1715.58        1935.89         3833.69         4596.53  
    0.281       740.60          1606.55        2011.17         3770.84         4538.73  
    0.288       736.47          1592.94        2048.29         3794.23         4418.12  
    0.294       735.66          1597.10        2010.14         3803.51         4386.39  
    0.300       741.34          1612.66        1944.12         3846.36         4411.74  
    0.306       743.66          1611.00        1955.08         3823.46         4463.65  
    0.312       740.33          1602.81        2056.12         3817.87         4496.54  
    0.319       741.57          1635.46        2108.76         3834.77         4522.15  
    0.325       744.27          1618.38        2144.79         3960.94         4525.96  
    0.331       748.22          1592.68        2089.33         3958.27         4635.89  
    0.338       748.93          1570.50        2045.19         3885.85         4699.49  
    0.344       744.16          1617.42        1998.66         3880.54         4515.11  
    0.350       746.57          1644.79        1990.79         3897.69         4516.51  
    0.356       758.87          1718.49        1932.71         3892.64         4547.78  
    0.363       773.41          1707.17        1981.13         3868.08         4572.40  
    0.369       787.71          1663.24        2049.76         3819.28         4623.53  
    0.375       803.33          1721.45        2025.97         3940.75         4617.23  
    0.381       819.83          1760.72        2668.45         4156.17         5480.38  
    0.388       824.60          1786.18        2856.71         3334.99         4520.10  
    0.394       18.33          862.91        1847.37         3032.31         4509.45  
    0.400       846.56          1787.64        1844.68         3059.16         4598.91  
    0.406       860.93          1613.36        2164.91         3244.13         4658.48  
    0.413       826.67          1687.42        2410.76         3425.58         4555.31  
    0.419       790.71          1675.52        2565.98         4089.76         5478.95  
    0.425       756.26          1635.59        2520.21         4054.53         5500.00  
    0.431       735.85          1669.82        2447.10         4095.81         4718.72  
    0.438       710.82          1514.25        2393.18         3627.73         4786.36  
    0.444       688.60          1449.48        2391.49         3600.25         4852.51  
    0.450       676.80          1552.07        2468.31         3661.89         4831.87  
    0.456       674.21          1595.20        2455.36         3538.30         4675.56  
    0.463       682.36          1692.47        2396.15         3482.82         4689.13  
    0.469       687.66          1665.59        2186.76         3645.76         4735.79  
    0.475       701.43          1518.14        2150.94         3749.59         4901.31  
    0.481       718.65          1485.85        2225.94         3785.72         4905.90  
    0.488       731.96          1410.85        2283.90         3800.72         4783.60  
    0.494       746.03          1358.07        2275.40         3751.81         4721.51  
    0.500       779.59          987.52        2210.17         3813.37         4555.70  
    0.506       17.34          21.76        845.78         2247.58         3772.29  
    0.513       499.69          850.87        2334.68         3794.51         4751.72  
    0.519       626.45          940.63        2383.04         3921.85         4915.12  
    0.525       671.45          986.18        2222.17         4000.26         5324.22  
    0.531       676.80          1019.08        1634.81         3969.30         4882.17  
    0.537       637.70          1001.12        1580.30         4017.22         4930.07  
    0.544       603.80          978.81        1778.27         4031.27         4991.62  
    0.550       659.89          978.45        1888.18         3894.12         4876.96  
    0.556       802.40          935.67        1852.11         3736.57         4801.99  
    0.562       557.00          785.44        1851.51         4115.21         4933.61  
    0.569       688.21          922.89        2210.21         4200.50         5070.21  
    0.575       722.72          908.04        2210.42         4123.40         4687.41  
    0.581       16.08          768.27        1697.18         3981.31         4587.88  
    0.588       0          757.52        1692.87         4260.92         4618.55  
    