0.025       0          973.85        1728.74         2742.05         3690.48  
    0.031       0          1003.47        1727.39         2752.30         3614.29  
    0.038       0          1027.91        1734.72         2612.51         3228.92  
    0.044       0          1020.67        1625.43         2569.29         2967.13  
    0.050       0          1031.48        1596.96         2719.60         3350.13  
    0.056       0          1048.37        1718.19         2796.06         3750.44  
    0.062       403.80          1214.90        2197.26         3343.57         4664.04  
    0.069       397.62          1068.57        2155.48         3328.22         5077.05  
    0.075       0          549.19        1395.51         2746.65         4680.38  
    0.081       156.40          540.63        1883.24         3581.40         4761.39  
    0.088       320.82          747.26        2608.30         4402.13         4811.51  
    0.094       335.21          755.33        2529.73         4302.43         4803.71  
    0.100       336.00          758.15        2514.34         4291.80         4809.87  
    0.106       331.66          762.61        2579.42         4364.67         4841.59  
    0.113       330.27          769.86        2644.50         4432.39         4875.11  
    0.119       331.22          773.32        3022.26         4435.31         4865.28  
    0.125       164.95          552.37        2061.31         4401.74         4817.24  
    0.131       0          336.55        777.97         4257.20         4755.50  
    0.138       0          343.30        779.69         4186.14         4742.31  
    0.144       172.98          560.94        1601.06         4401.41         4895.23  
    0.150       340.91          766.30        2536.52         4571.71         4990.59  
    0.156       337.33          760.62        2645.48         4639.94         5050.53  
    0.163       338.36          764.36        2632.65         4682.81         5106.94  
    0.169       340.14          765.49        2635.79         4659.19         4988.56  
    0.175       338.14          763.79        2536.69         4664.10         4920.71  
    0.181       339.96          767.94        2440.68         4679.79         4884.34  
    0.188       170.33          562.11        1604.74         4372.16         4827.99  
    0.194       0          349.80        770.80         3896.07         4805.17  
    0.200       172.96          552.44        1832.49         4205.57         4813.97  
    0.206       347.01          761.37        3462.34         4682.69         4850.46  
    0.213       174.00          379.24        2180.02         2714.90         4690.87  
    0.219       184.83          395.55        882.15         2624.59         4801.53  
    0.225       365.98          786.86        1573.41         4458.92         5089.47  
    0.231       358.98          776.35        1959.80         4463.85         5090.45  
    0.238       352.42          764.51        2222.25         4472.64         5056.01  
    0.244       352.66          768.17        2271.56         4460.52         5043.13  
    0.250       357.89          777.17        2152.94         4433.16         5026.95  
    0.256       361.53          781.09        2165.32         4436.04         5011.13  
    0.263       358.67          781.33        2428.60         4481.64         4966.09  
    0.269       355.15          784.89        2543.46         4488.07         4930.69  
    0.275       353.84          789.63        2691.67         4371.79         4976.59  
    0.281       354.98          781.51        2736.44         4343.05         4951.76  
    0.288       356.27          764.97        2545.04         4520.71         4952.51  
    0.294       361.20          756.41        3088.28         4690.75         5251.84  
    0.300       365.27          736.38        3254.50         4713.61         5144.58  
    0.306       365.57          716.04        2714.99         4567.04         4833.57  
    0.312       365.83          712.94        2496.25         4507.59         4875.52  
    0.319       368.72          713.60        2385.33         4591.02         4889.04  
    0.325       380.70          717.07        2414.38         4437.97         4902.19  
    0.331       391.52          729.15        2458.98         4326.24         4892.05  
    0.338       395.35          748.06        2600.90         4291.90         4873.29  
    0.344       196.92          586.05        1734.30         4012.56         4853.16  
    0.350       0          426.08        754.35         3801.98         4830.25  
    0.356       0          432.96        749.27         3775.40         4808.45  
    0.363       213.61          596.09        2272.97         4301.80         5150.32  
    0.369       415.26          767.12        3783.71         4812.07         5500.00  
    0.375       407.22          782.99        3811.80         4434.60         5167.43  
    0.381       410.79          794.54        3799.29         4455.37         5172.52  
    0.388       205.30          605.23        2275.74         4293.10         5193.39  
    0.394       0          418.05        809.99         3800.09         4926.62  
    0.400       210.16          625.11        2336.25         4385.58         5232.70  
    0.406       425.24          833.13        3806.94         4918.54         5259.61  
    0.413       435.35          847.09        3774.75         4551.62         4978.08  
    0.419       441.53          857.35        3768.17         4100.14         4977.44  
    0.425       435.78          847.11        3386.19         3928.69         5065.19  
    0.431       403.69          804.62        2907.35         3871.34         5088.28  
    0.438       367.37          780.46        2754.92         3871.65         5078.51  
    0.444       327.99          792.98        2662.23         3870.03         5093.75  
    0.450       293.60          829.32        2588.58         3891.84         5103.74  
    0.456       285.16          850.61        2605.99         3931.81         5139.87  
    0.463       304.76          843.23        2612.23         3951.29         5141.86  
    0.469       347.17          888.66        2559.23         3893.22         5117.47  
    0.475       396.98          910.86        2631.98         3925.96         5140.08  
    0.481       437.72          894.17        2788.76         4028.24         5210.26  
    0.488       521.25          772.44        2780.82         4006.37         5193.78  
    0.494       546.69          727.19        2624.60         3920.94         5127.64  
    0.500       461.19          828.02        2586.18         3845.22         5156.16  
    0.506       496.05          851.11        2684.56         3787.37         5159.67  
    0.513       536.00          880.31        2792.27         3794.46         5053.82  
    0.519       420.14          926.38        2819.18         3832.51         5027.24  
    0.525       169.55          469.00        1837.79         2912.65         4467.52  
    0.531       256.08          458.88        1664.28         3017.38         4481.97  
    0.537       503.24          1001.31        2701.21         4048.07         5119.51  
    0.544       512.07          1070.21        2968.52         4104.67         5325.67  
    0.550       540.36          1071.06        2912.33         4013.97         5237.31  
    0.556       547.59          989.10        2730.11         3846.57         5010.11  
    0.562       618.35          966.23        2666.48         3808.47         5017.13  
    0.569       691.77          1127.07        2715.26         3908.77         4909.06  
    0.575       648.34          1218.70        2651.13         4008.06         4868.43  
    