0.025       0          1488.40        2359.50         3178.25         4667.58  
    0.031       0          1458.53        2463.85         3297.33         4767.63  
    0.038       413.21          1628.09        2564.63         3354.41         4816.44  
    0.044       490.80          1015.35        2491.69         3380.03         4732.46  
    0.050       438.83          830.45        2449.76         3271.40         4508.32  
    0.056       407.07          811.25        2457.83         3307.11         4449.16  
    0.062       384.21          789.37        2472.75         3297.72         4471.68  
    0.069       364.14          772.57        2461.91         3288.49         4470.27  
    0.075       355.65          762.46        2442.71         3248.19         4451.01  
    0.081       355.95          757.73        2440.73         3262.05         4476.48  
    0.088       356.27          752.86        2470.72         3286.44         4398.74  
    0.094       357.20          744.76        2489.50         3231.24         4384.90  
    0.100       358.06          741.86        2480.67         3261.77         4368.67  
    0.106       362.88          744.47        2458.83         3202.71         4331.35  
    0.113       367.75          745.86        2454.05         3197.14         4330.33  
    0.119       372.45          748.26        2450.11         3207.01         4234.45  
    0.125       377.05          750.92        2442.89         3235.29         4169.62  
    0.131       382.20          750.08        2438.04         3256.56         4221.62  
    0.138       386.25          749.95        2432.22         3290.61         4211.20  
    0.144       391.82          751.46        2429.35         3323.01         4137.82  
    0.150       395.10          752.78        2455.88         3350.32         4153.98  
    0.156       395.90          751.92        2461.81         3320.16         4158.60  
    0.163       398.49          753.20        2440.79         3320.65         4179.21  
    0.169       398.20          753.64        2448.32         3316.92         4160.88  
    0.175       396.88          754.31        2467.80         3279.32         4170.68  
    0.181       396.87          755.63        2458.36         3262.50         4173.36  
    0.188       398.63          756.25        2448.53         3292.28         4170.54  
    0.194       400.14          758.51        2437.47         3310.00         4171.39  
    0.200       402.38          760.62        2426.19         3313.80         4171.70  
    0.206       403.83          761.64        2422.66         3311.84         4183.55  
    0.213       404.58          761.63        2436.36         3283.16         4189.33  
    0.219       404.38          759.95        2461.71         3258.41         4191.19  
    0.225       403.94          756.66        2486.91         3201.53         4211.60  
    0.231       405.65          753.87        2472.44         3176.74         4221.58  
    0.238       410.67          754.63        2464.78         3224.20         4258.53  
    0.244       421.51          766.58        2485.81         3244.02         4268.38  
    0.250       430.38          785.66        2471.51         3239.68         4266.62  
    0.256       431.69          794.27        2454.11         3292.80         4271.37  
    0.263       431.44          785.62        2437.99         3281.40         4286.43  
    0.269       442.35          790.48        2439.63         3251.59         4247.70  
    0.275       450.29          801.70        2477.87         3282.75         4275.67  
    0.281       453.64          804.24        2521.25         3307.17         4262.22  
    0.288       447.75          804.77        2526.23         3311.25         4153.59  
    0.294       439.35          801.97        2472.37         3285.51         4108.13  
    0.300       435.66          800.87        2454.78         3279.11         4158.89  
    0.306       432.81          790.86        2512.90         3323.84         4239.40  
    0.312       434.72          782.88        2531.96         3414.80         4362.29  
    0.319       443.08          780.70        2518.34         3399.93         4477.07  
    0.325       449.95          791.14        2496.28         3335.92         4338.23  
    0.331       455.50          792.38        2484.78         3299.48         4324.33  
    0.338       450.48          787.49        2480.35         3290.75         4358.08  
    0.344       438.54          781.69        2496.57         3317.67         4334.46  
    0.350       429.31          774.79        2512.17         3340.53         4252.05  
    0.356       422.37          768.69        2526.39         3316.17         4155.77  
    0.363       411.46          757.71        2498.32         3257.85         4126.32  
    0.369       402.61          757.53        2489.33         3270.21         4148.10  
    0.375       406.28          752.61        2472.98         3394.87         4261.46  
    0.381       407.09          710.40        2434.07         3467.59         4371.26  
    0.388       401.02          668.68        2434.02         3613.37         4433.56  
    0.394       393.42          641.90        2470.85         3598.87         4593.17  
    0.400       353.79          620.42        2499.17         3585.79         4595.86  
    0.406       277.80          630.57        2510.11         3573.36         4522.41  
    0.413       250.39          669.66        2538.88         3764.09         4524.31  
    0.419       231.09          701.34        2578.00         3822.07         4644.65  
    0.425       235.57          622.90        2551.77         3787.02         4645.80  
    0.431       47.22          119.59        878.08         2828.73         3884.76  
    0.438       0          339.24        2112.02         3268.42         4364.42  
    0.444       0          398.97        2482.36         3241.30         4542.24  
    0.450       0          404.08        2445.41         3450.68         4584.59  
    0.456       0          435.26        2384.57         3107.34         4518.91  
    0.463       0          347.50        2391.11         3034.27         4447.62  
    0.469       0          256.72        2416.92         3451.84         4539.10  
    0.475       0          47.68        707.33         2625.11         3748.12  
    