0.025       487.20          829.74        2883.72         3511.94         4368.28  
    0.031       484.54          831.54        2863.89         3518.25         4337.22  
    0.038       481.79          827.78        2873.54         3518.05         4307.05  
    0.044       481.78          821.34        2924.87         3525.95         4313.42  
    0.050       481.35          820.99        2964.31         3567.57         4325.15  
    0.056       474.81          832.05        2940.49         3625.20         4352.21  
    0.062       470.95          835.37        2932.82         3673.63         4343.46  
    0.069       481.58          829.05        2977.22         3637.91         4354.82  
    0.075       483.49          831.83        2923.26         3600.79         4353.28  
    0.081       476.41          838.64        2932.12         3640.68         4364.47  
    0.088       469.65          847.46        2952.45         3626.00         4372.16  
    