0.025       0          553.37        1888.90         2704.74         3812.02  
    0.031       0          551.05        1892.70         2710.11         3785.19  
    0.038       0          522.71        1854.14         2676.71         3691.44  
    0.044       0          485.10        1411.31         2613.72         3831.15  
    0.050       0          459.91        944.28         2607.47         4086.57  
    0.056       219.41          581.50        1667.58         3445.71         4535.55  
    0.062       436.55          712.62        2478.55         4232.72         4854.30  
    0.069       451.41          717.33        2547.97         4280.84         4783.72  
    0.075       458.80          715.05        2590.87         4262.16         4737.12  
    0.081       458.26          719.82        2601.62         4195.69         4688.25  
    0.088       455.15          742.25        2630.66         4166.91         4630.55  
    0.094       451.20          759.19        2645.51         4150.16         4576.54  
    0.100       447.02          757.01        2610.57         4152.83         4562.88  
    0.106       447.64          750.08        2599.84         4172.19         4589.34  
    0.113       447.85          739.83        2570.21         4189.28         4613.48  
    0.119       442.45          726.87        2514.95         4208.05         4652.14  
    0.125       444.65          707.75        2485.50         4214.76         4725.87  
    0.131       454.86          692.53        2474.28         4205.78         4797.30  
    0.138       462.22          688.05        2475.97         4235.10         4833.47  
    0.144       461.57          697.93        2477.98         4263.79         4828.02  
    0.150       467.29          696.87        2477.39         4254.74         4835.60  
    0.156       482.22          673.80        2485.39         4212.28         4789.07  
    0.163       492.75          660.27        2501.67         4196.17         4721.72  
    0.169       497.79          650.24        2506.30         4201.33         4714.73  
    0.175       493.26          581.30        2500.76         4165.98         4725.94  
    0.181       499.25          564.87        2495.90         4132.48         4717.96  
    0.188       482.84          557.93        2488.29         4104.04         4700.31  
    0.194       373.61          509.47        2491.80         4065.23         4672.93  
    0.200       397.13          513.02        2513.52         4081.07         4659.56  
    0.206       493.29          521.12        2544.58         4121.29         4692.32  
    0.213       452.76          507.78        2546.12         4110.18         4708.76  
    0.219       452.78          511.52        2542.50         4130.09         4737.11  
    0.225       484.62          567.08        2560.30         4182.57         4762.98  
    0.231       480.68          633.07        2582.32         4178.87         4757.96  
    0.238       483.15          667.79        2555.02         4141.66         4769.99  
    0.244       479.56          697.92        2512.43         4116.84         4766.56  
    0.250       484.95          696.05        2530.67         4119.11         4791.51  
    0.256       493.49          681.51        2562.06         4156.11         4849.56  
    0.263       493.08          674.23        2572.02         4192.37         4896.42  
    0.269       498.45          627.64        2545.59         4206.21         4933.52  
    0.275       498.56          630.79        2494.96         4194.10         4889.17  
    0.281       484.24          698.23        2481.69         4160.66         4813.27  
    0.288       470.11          739.54        2512.45         4109.40         4762.26  
    0.294       469.71          732.49        2501.41         4074.54         4737.46  
    0.300       474.27          705.96        2471.21         4077.63         4749.67  
    0.306       482.36          678.37        2472.61         4103.10         4776.11  
    0.312       486.91          656.79        2470.46         4132.18         4798.28  
    0.319       480.30          662.48        2467.94         4138.89         4792.79  
    0.325       482.73          643.59        2486.47         4129.16         4777.24  
    0.331       237.72          298.59        1471.04         3236.32         4399.00  
    0.338       0          0        498.39         2415.96         4042.92  
    0.344       256.02          296.56        1517.46         3268.58         4416.43  
    0.350       495.76          620.61        2482.21         4067.17         4784.96  
    0.356       495.52          665.45        2472.46         4079.26         4792.91  
    0.363       502.45          651.79        2434.65         4088.82         4787.94  
    0.369       506.49          649.68        2412.70         4093.21         4828.12  
    0.375       525.10          611.47        2430.38         4087.25         4898.06  
    0.381       539.38          589.95        2466.87         4063.24         4941.21  
    0.388       510.30          662.32        2540.47         4041.98         4950.91  
    0.394       485.86          695.39        2606.90         4040.27         4894.86  
    0.400       468.99          689.19        2590.90         4009.20         4801.42  
    0.406       432.79          726.85        2544.96         3956.82         4789.94  
    0.413       412.03          765.81        2501.55         3918.69         4880.06  
    0.419       409.70          782.49        2474.60         3905.48         4976.02  
    0.425       406.93          802.19        2512.28         3902.05         5026.19  
    0.431       408.64          825.92        2557.23         3944.14         5031.52  
    0.438       417.43          850.52        2575.79         4020.59         5052.61  
    0.444       430.63          868.94        2723.96         4013.98         5052.84  
    0.450       448.71          831.46        3120.13         3951.52         5019.88  
    0.456       222.85          636.29        1913.70         3911.64         4686.28  
    0.463       263.16          516.47        1594.30         3903.20         4665.48  
    0.469       454.76          637.13        2579.49         3897.02         4945.95  
    0.475       379.41          764.43        2526.38         3904.95         4966.55  
    0.481       353.49          831.69        2480.99         3953.14         4990.88  
    0.488       370.23          861.65        2485.62         3966.85         5013.81  
    0.494       405.00          763.16        2454.15         3966.04         4983.33  
    0.500       366.37          860.62        2400.83         3968.48         4943.10  
    0.506       308.76          1067.67        2358.85         3967.85         4967.63  
    0.513       354.78          1094.66        2357.95         3973.83         4943.18  
    0.519       416.80          1199.39        2314.74         3947.43         4901.45  
    0.525       407.42          1351.66        2288.81         3968.56         4944.83  
    0.531       403.49          1453.59        2378.44         4104.73         5248.36  
    0.537       381.69          1545.79        2424.77         4220.83         5500.00  
    0.544       334.14          1562.13        2436.16         4152.99         5283.57  
    