0.025       0          543.61        979.12         2465.11         3997.28  
    0.031       0          550.83        1040.27         2455.34         3992.38  
    0.038       0          607.19        1035.27         2363.99         3955.80  
    0.044       0          530.12        914.33         2732.06         3801.92  
    0.050       443.48          843.90        2496.89         3385.66         4486.12  
    0.056       515.74          926.21        2651.68         3429.56         4509.73  
    0.062       60.67          561.20        1228.83         2727.17         3591.24  
    0.069       0          522.21        1109.01         2651.86         3445.82  
    0.075       0          523.78        1045.81         2639.07         3460.72  
    0.081       478.43          821.75        2465.12         3357.92         4149.73  
    0.088       63.54          576.45        1108.99         2798.47         3516.87  
    0.094       471.15          838.51        2515.97         3393.29         5256.24  
    0.100       528.30          872.68        2739.49         3482.13         4669.93  
    0.106       518.31          893.28        2629.26         3462.18         3828.60  
    0.113       516.76          891.35        2618.74         3367.83         3726.39  
    0.119       514.69          896.52        2627.96         3357.02         3808.15  
    0.125       518.90          919.52        2652.52         3404.61         4429.29  
    0.131       533.63          949.67        2675.52         3445.99         4626.64  
    0.138       547.96          984.88        2681.80         3495.20         4578.95  
    0.144       557.47          1003.56        2679.45         3464.58         4539.83  
    0.150       554.01          1041.50        2640.57         3392.09         4532.66  
    0.156       552.52          1075.13        2645.71         3382.21         4616.10  
    0.163       564.29          1086.67        2771.47         3443.19         4519.27  
    0.169       566.51          1076.42        2779.44         3521.28         4353.40  
    0.175       553.71          1110.05        2667.10         3448.29         4376.40  
    0.181       557.78          1190.94        2649.44         3458.77         4635.46  
    0.188       559.21          1399.11        2860.87         3572.17         5402.59  
    0.194       554.06          1281.53        2742.81         3456.05         4597.76  
    0.200       542.55          1152.21        2622.05         3371.81         4567.37  
    0.206       541.49          1227.40        2657.43         3428.77         4646.09  
    0.213       545.20          1248.29        2680.61         3512.64         4596.30  
    0.219       542.05          1184.15        2652.05         3448.99         4550.03  
    0.225       537.47          1160.60        2617.48         3397.70         4594.90  
    0.231       539.55          1170.19        2636.20         3396.19         4695.53  
    0.238       546.21          1216.19        2688.06         3439.34         4733.09  
    0.244       546.54          1261.05        2690.63         3483.81         4623.60  
    0.250       544.48          1244.20        2678.42         3482.42         4884.47  
    0.256       544.17          1151.96        2672.79         3456.52         4744.16  
    0.263       543.81          1121.69        2677.96         3465.39         4792.68  
    0.269       540.99          1132.54        2675.56         3456.74         4781.55  
    0.275       539.45          1137.17        2669.53         3431.05         4696.48  
    0.281       541.48          1130.73        2638.67         3420.63         4763.89  
    0.288       547.37          1123.33        2643.74         3395.77         4762.50  
    0.294       553.72          1078.33        2649.06         3397.07         4656.91  
    0.300       549.08          1046.90        2658.49         3412.78         4536.59  
    0.306       543.49          1024.97        2677.74         3442.78         4667.50  
    0.312       541.77          1007.36        2682.29         3421.18         4995.98  
    0.319       543.04          1000.61        2695.06         3410.44         5168.53  
    0.325       546.55          1003.21        2671.76         3455.74         4939.80  
    0.331       552.10          1036.75        2684.77         3521.48         4828.26  
    0.338       555.13          1048.50        2688.72         3506.18         4882.67  
    0.344       557.78          1043.36        2689.85         3480.91         4739.39  
    0.350       556.18          1023.92        2685.81         3474.61         4726.86  
    0.356       546.96          1029.58        2657.86         3433.76         4497.47  
    0.363       539.59          988.21        2650.37         3426.32         4436.93  
    0.369       540.56          956.59        2675.24         3445.26         4635.42  
    0.375       539.90          913.04        2702.52         3461.15         4827.85  
    0.381       530.49          890.99        2697.28         3421.82         4950.31  
    0.388       529.62          888.90        2690.69         3417.28         4867.79  
    0.394       529.00          880.96        2692.03         3424.84         4948.78  
    0.400       521.48          889.90        2693.03         3404.78         4992.62  
    0.406       517.83          899.48        2693.60         3371.59         4970.60  
    0.413       514.23          903.65        2679.78         3353.87         4866.69  
    0.419       511.56          896.22        2668.15         3373.17         4879.43  
    0.425       512.03          893.50        2645.60         3357.57         5139.78  
    0.431       514.05          895.73        2609.59         3321.02         4995.87  
    0.438       513.56          890.39        2602.30         3408.00         4900.87  
    0.444       509.16          883.41        2514.18         3449.18         4644.20  
    0.450       504.52          882.77        2490.77         3476.62         4578.13  
    0.456       501.76          883.39        2837.61         3490.40         4299.98  
    0.463       497.69          877.77        3110.18         3521.67         5355.06  
    0.469       494.88          865.57        2976.46         3520.66         5500.00  
    0.475       492.94          858.46        2870.06         3515.70         5085.25  
    0.481       486.86          838.46        2869.14         3533.67         5444.92  
    0.488       56.98          545.67        973.45         2879.49         3800.55  
    0.494       346.75          682.33        2461.23         3522.98         4953.79  
    0.500       409.04          787.83        2519.24         3623.26         5171.97  
    0.506       426.99          837.42        2424.54         3580.51         4901.87  
    0.513       231.81          744.86        2421.56         3546.76         4756.18  
    0.519       24.10          502.12        2427.56         3580.28         4585.47  
    0.525       0          517.89        2298.16         3593.75         4029.53  
    0.531       0          588.11        2280.60         3489.66         4239.68  
    0.537       0          162.19        2178.72         3361.35         4628.95  
    0.544       0          12.25        253.83         2239.81         3541.85  
    0.550       0          502.61        1960.12         3194.91         4329.97  
    0.556       157.39          931.04        2154.89         3546.52         4877.05  
    0.562       247.93          1731.91        2069.20         3457.16         4808.95  
    0.569       339.34          1726.82        2550.71         3506.92         4724.82  
    0.575       380.17          1720.27        2464.59         3588.32         4729.89  
    0.581       323.76          1758.04        2510.47         3628.42         4940.15  
    0.588       394.96          1755.06        2613.63         3584.19         4920.53  
    0.594       486.42          1774.90        2393.98         3651.15         4912.10  
    