0.025       0          786.71        1680.43         2939.76         3739.17  
    0.031       0          246.22        1485.40         2943.63         3839.95  
    0.038       557.62          1197.56        2751.50         3409.01         5072.83  
    0.044       463.56          899.25        2691.87         3775.25         5154.66  
    0.050       453.47          895.55        2688.94         3783.62         5140.03  
    0.056       448.33          890.87        2698.28         3689.91         5097.46  
    0.062       479.92          850.54        2709.47         3656.11         5089.31  
    0.069       495.57          781.85        2736.87         3697.31         5157.69  
    0.075       487.22          710.32        2712.37         3719.02         5253.09  
    0.081       481.78          616.12        2722.65         3718.33         5418.53  
    0.088       474.13          751.55        2765.81         3703.71         5212.90  
    0.094       466.67          784.58        2694.33         3680.89         5116.07  
    0.100       467.85          759.76        2680.43         3637.72         5018.72  
    0.106       467.19          733.60        2689.00         3617.41         5079.13  
    0.113       473.32          700.64        2699.15         3661.41         5496.09  
    0.119       473.29          715.82        2708.15         3625.66         5500.00  
    0.125       467.11          741.63        2717.63         3605.59         5312.03  
    0.131       471.11          759.97        2732.25         3590.24         5067.79  
    0.138       476.27          767.73        2722.16         3584.64         5196.48  
    0.144       480.98          772.84        2702.04         3575.98         5497.19  
    0.150       482.53          772.84        2690.98         3566.79         5042.35  
    0.156       475.14          789.49        2660.27         3543.30         5069.96  
    0.163       476.23          803.15        2657.78         3545.05         4971.81  
    0.169       483.83          810.88        2664.31         3559.38         4909.60  
    0.175       491.98          808.35        2689.65         3553.46         4885.76  
    0.181       493.89          807.38        2694.85         3546.77         4991.86  
    0.188       501.11          788.63        2699.88         3529.96         4618.15  
    0.194       501.82          768.31        2694.77         3486.58         4257.07  
    0.200       491.42          812.75        2662.31         3485.11         4454.71  
    0.206       476.02          832.39        2648.41         3501.73         4806.26  
    0.213       466.19          822.00        2645.95         3511.66         4955.18  
    0.219       467.85          787.31        2658.50         3494.15         4968.44  
    0.225       457.71          794.15        2690.61         3506.15         4928.87  
    0.231       437.86          815.20        2685.62         3522.93         4909.43  
    0.238       427.17          811.99        2713.49         3541.70         4928.03  
    0.244       435.35          827.88        2719.68         3522.67         4948.32  
    0.250       447.83          808.32        2712.01         3522.24         4946.23  
    0.256       427.08          817.30        2697.71         3509.66         4913.96  
    0.263       424.49          830.30        2665.57         3495.13         5081.93  
    0.269       430.48          828.51        2631.06         3485.24         5314.96  
    0.275       427.72          853.42        2624.78         3529.93         5498.30  
    0.281       429.76          848.84        2600.07         3563.41         5175.87  
    0.288       446.73          873.10        2592.37         3503.81         4840.90  
    0.294       459.67          869.87        2582.67         3472.67         4783.80  
    0.300       474.03          772.60        2617.21         3534.22         4538.49  
    0.306       480.29          688.42        2573.46         3599.14         4553.25  
    0.312       499.13          594.54        2582.90         3569.30         5027.04  
    0.319       455.03          705.58        2595.84         3579.37         5046.65  
    0.325       460.68          735.09        2620.47         3529.83         4939.15  
    0.331       382.94          503.63        3330.15         4724.92         4947.70  
    0.338       487.96          610.43        3344.89         4632.96         4767.48  
    0.344       473.54          665.52        2960.51         4075.60         4778.05  
    0.350       442.98          843.86        2766.94         3687.34         4700.61  
    0.356       430.78          757.02        2624.57         3549.83         4385.56  
    0.363       457.77          689.12        2663.63         3602.16         4535.24  
    0.369       253.00          772.13        2687.35         3682.13         4808.03  
    0.375       273.98          833.17        2689.90         3629.56         4797.09  
    0.381       447.82          847.33        2723.54         3624.76         4694.80  
    0.388       488.08          913.90        2678.89         3594.97         4743.57  
    0.394       462.40          970.44        2816.94         3539.24         4666.57  
    0.400       455.14          819.18        2747.18         3846.60         4788.64  
    0.406       490.03          758.21        2733.68         3985.62         5153.81  
    0.413       439.59          898.34        2658.65         3886.18         4952.07  
    0.419       418.00          994.22        2662.03         3793.35         4697.83  
    