0.025       432.38          1804.48        2117.50         3174.86         4215.15  
    0.031       449.85          1280.43        2429.18         3275.98         4170.71  
    0.038       466.34          902.54        2655.64         3346.08         4171.35  
    0.044       484.20          832.98        2687.93         3349.92         4213.58  
    0.050       499.93          808.64        2682.32         3322.75         4204.25  
    0.056       553.07          692.59        2668.99         3284.19         4045.19  
    0.062       548.84          663.89        2664.11         3235.08         4017.10  
    0.069       503.50          722.68        2660.85         3201.90         4067.25  
    0.075       485.76          743.11        2662.02         3184.48         4067.63  
    0.081       482.83          754.17        2681.27         3180.94         4059.16  
    0.088       482.34          768.48        2682.73         3194.71         4089.38  
    0.094       487.05          772.82        2669.39         3174.17         4124.03  
    0.100       492.83          770.28        2658.19         3134.62         4133.74  
    0.106       501.44          753.32        2656.16         3100.35         4088.80  
    0.113       499.47          743.03        2670.60         3075.60         4013.01  
    0.119       483.94          756.65        2680.53         3056.07         3944.35  
    0.125       474.61          765.17        2680.33         3039.27         3871.91  
    0.131       476.38          759.74        2685.07         3041.45         3878.86  
    0.138       473.27          762.15        2695.82         3055.41         3977.46  
    0.144       463.12          768.61        2713.75         3077.34         4059.78  
    0.150       464.39          771.92        2715.41         3095.57         4074.48  
    0.156       467.22          777.32        2727.59         3135.34         4111.17  
    0.163       465.54          778.41        2721.58         3161.16         4165.15  
    0.169       458.16          775.05        2713.33         3170.46         4165.19  
    0.175       457.52          774.45        2719.38         3183.78         4079.58  
    0.181       462.00          765.51        2714.48         3191.21         4039.59  
    0.188       457.09          759.47        2702.29         3161.88         4107.39  
    0.194       447.24          756.22        2684.41         3104.81         4182.53  
    0.200       447.57          740.13        2685.95         3094.55         4151.44  
    0.206       441.97          742.37        2696.70         3080.49         4129.07  
    0.213       433.91          753.14        2697.81         3072.19         4106.03  
    0.219       435.18          750.43        2700.01         3121.53         4086.38  
    0.225       438.16          729.20        2687.69         3163.28         4017.55  
    0.231       439.81          661.32        2679.33         3177.84         3945.33  
    0.238       438.31          666.17        2682.02         3208.90         4084.84  
    0.244       441.25          663.98        2675.65         3234.54         4186.01  
    0.250       429.59          671.81        2696.16         3230.63         4201.10  
    0.256       413.79          714.72        2720.82         3272.79         4205.04  
    0.263       415.52          726.35        2766.39         3266.17         4213.67  
    0.269       442.99          683.53        2777.79         3230.66         4239.48  
    0.275       452.60          657.61        2751.97         3261.58         4202.51  
    0.281       466.16          634.38        2771.15         3284.46         4221.53  
    0.288       484.71          599.28        2801.45         3289.20         4307.67  
    0.294       435.39          663.02        2776.41         3341.61         4328.11  
    0.300       390.11          742.37        2773.36         3288.20         4267.88  
    0.306       361.63          739.08        2730.53         3299.17         4265.48  
    0.312       378.83          625.26        2654.65         3345.51         4313.76  
    0.319       327.95          490.75        2628.34         3367.80         4262.64  
    0.325       282.88          446.80        2628.01         3380.59         4239.54  
    0.331       96.26          154.82        1206.46         2870.36         3594.84  
    0.338       244.38          322.71        1848.46         3064.84         3965.31  
    