0.025       0          1304.93        1682.41         2777.78         3684.50  
    0.031       685.82          1303.53        2113.28         3083.91         5033.57  
    0.038       237.12          1271.38        1904.08         2820.84         4143.34  
    0.044       0          1309.62        1562.99         2668.82         3754.48  
    0.050       0          900.81        1845.85         2790.03         4463.35  
    0.056       358.47          800.53        2581.66         4275.24         5294.17  
    0.062       462.42          816.25        3008.47         4788.77         5400.86  
    0.069       447.50          817.66        3076.51         4649.86         5090.35  
    0.075       447.81          811.17        3067.04         4426.80         4963.47  
    0.081       458.02          794.31        3074.80         4347.16         4904.31  
    0.088       466.36          770.29        3092.48         4389.83         4976.07  
    0.094       465.81          729.73        3084.24         4389.23         5036.12  
    0.100       517.08          696.72        3024.10         4361.77         5006.07  
    0.106       552.21          827.76        2991.24         4624.13         5120.03  
    0.113       548.60          1184.52        3086.25         4775.77         5413.74  
    0.119       140.10          730.13        1834.74         3532.05         4924.70  
    0.125       0          537.01        1476.25         3065.23         4674.57  
    0.131       0          530.59        1407.57         3034.94         4586.60  
    0.138       394.87          1089.22        2583.69         4067.20         5259.09  
    0.144       529.20          1250.12        2996.11         4123.21         5222.53  
    0.150       526.95          1253.84        3048.67         4555.17         4940.94  
    0.156       528.11          1297.15        3075.35         4712.42         5339.88  
    0.163       524.76          1313.61        3064.97         4635.66         5500.00  
    0.169       530.56          1276.73        3048.46         4367.96         5085.56  
    0.175       136.94          743.09        1776.02         3356.01         4721.08  
    0.181       0          539.97        1338.80         3056.70         4495.74  
    0.188       369.70          1179.10        2658.55         3987.96         5228.77  
    0.194       481.19          1407.96        3020.42         4247.79         5500.00  
    0.200       465.64          1394.75        2945.27         4233.25         5500.00  
    0.206       460.52          1359.50        2960.81         4117.57         5272.28  
    0.213       458.97          1345.07        3036.93         4022.18         5113.09  
    0.219       454.24          1379.85        3089.73         4327.98         5393.45  
    0.225       446.87          1455.59        3107.35         4626.36         5500.00  
    0.231       114.29          705.10        1892.81         3560.92         4938.93  
    0.238       325.82          1150.24        2721.18         4517.58         5306.01  
    0.244       452.91          1346.20        3144.99         5018.77         5500.00  
    0.250       466.08          1118.65        3104.78         4173.09         5209.81  
    0.256       472.02          932.39        2999.25         3830.49         5094.51  
    0.263       477.44          772.74        2966.30         3927.90         5151.14  
    0.269       476.16          727.19        2956.59         3931.51         5211.17  
    0.275       482.29          741.36        2942.87         4055.73         5181.80  
    0.281       124.54          555.64        1934.73         3241.51         4939.45  
    0.288       352.02          734.28        2534.81         4416.75         4961.98  
    0.294       463.43          846.54        2905.70         4705.00         5063.48  
    0.300       455.65          853.11        2945.53         4367.91         5100.11  
    0.306       451.91          827.94        2974.85         4072.08         5106.54  
    0.312       456.68          766.51        2995.82         4067.79         5237.11  
    0.319       489.26          572.51        3002.39         4406.02         5190.30  
    0.325       128.42          510.25        2287.73         3363.58         5126.58  
    0.331       0          506.62        2084.08         2948.68         5067.09  
    0.338       0          499.09        2103.00         2950.28         4987.55  
    0.344       0          495.88        2115.41         2989.74         4960.90  
    0.350       0          495.25        2117.19         2977.27         5131.72  
    0.356       333.02          492.23        2722.95         3970.31         5170.34  
    0.363       115.14          126.20        1119.88         3274.91         4686.38  
    0.369       0          0        491.63         2928.13         4027.94  
    0.375       0          0        486.67         2941.11         3429.98  
    0.381       360.79          384.33        2315.85         3114.49         4661.92  
    0.388       482.70          643.84        2938.03         3359.59         5132.87  
    0.394       471.72          808.84        2941.12         3583.50         5202.43  
    0.400       463.69          922.74        3025.13         3513.52         5158.28  
    0.406       458.68          1065.70        3084.68         3548.67         5105.92  
    0.413       451.16          1073.46        2968.14         3610.97         5153.64  
    0.419       452.31          1025.93        2958.19         3745.58         5182.97  
    0.425       454.47          1032.85        3007.04         3941.79         5123.15  
    0.431       454.38          1150.89        3112.53         4343.05         5397.58  
    0.438       116.70          647.59        1860.49         3475.72         4989.33  
    0.444       343.37          1148.63        2657.24         3450.94         5032.78  
    0.450       463.92          1379.02        3105.66         3350.86         5117.54  
    0.456       472.53          1362.64        3012.17         3513.06         5112.50  
    0.463       483.27          1391.06        2964.22         3817.36         5165.09  
    0.469       489.83          1354.01        2962.20         3812.79         5213.46  
    0.475       493.44          1284.34        2938.23         3732.56         5285.44  
    0.481       503.58          1302.83        2955.44         3579.00         5227.27  
    0.488       522.71          1312.96        3003.00         3730.61         5045.20  
    0.494       135.70          747.78        1696.77         3179.79         4876.14  
    0.500       399.54          1039.64        2552.02         4303.07         5329.45  
    0.506       518.50          1270.60        2996.40         4095.60         5091.71  
    0.513       507.57          1294.95        2936.53         3872.83         5070.84  
    0.519       515.25          1277.32        2913.90         3929.24         5097.63  
    0.525       535.11          1123.49        2908.79         3938.00         5142.15  
    0.531       560.97          919.40        2911.44         4119.75         5055.60  
    0.537       598.75          783.17        2902.09         4425.55         5376.62  
    0.544       609.75          790.14        2863.61         4069.18         5399.24  
    0.550       622.44          883.39        2869.57         4164.46         5465.16  
    0.556       619.04          992.07        2896.63         4383.72         5500.00  
    0.562       605.14          993.88        2888.03         4259.88         5162.81  
    0.569       594.91          953.52        2887.52         4122.53         5141.92  
    0.575       571.69          1007.37        2888.01         4158.61         5270.30  
    0.581       568.00          1041.14        2891.88         4171.18         5449.45  
    0.588       577.33          1048.52        2881.98         4256.10         5500.00  
    0.594       590.59          941.14        2827.97         4185.41         5500.00  
    0.600       582.24          894.37        2826.12         4095.47         5500.00  
    0.606       576.09          812.78        2836.28         4195.61         5286.69  
    0.613       556.74          810.36        2849.62         4187.15         5392.14  
    0.619       527.14          838.08        2867.51         4202.93         5238.08  
    0.625       519.81          825.08        2884.20         4309.11         4963.67  
    0.631       529.59          796.31        2888.13         4240.84         4902.39  
    0.638       533.35          812.71        2877.99         4208.39         4833.59  
    0.644       536.78          835.70        2887.50         4258.06         4766.92  
    0.650       530.53          820.24        2903.91         4247.42         4877.02  
    0.656       529.71          796.82        2887.86         4182.01         4807.50  
    0.663       506.35          808.87        2886.39         4122.68         4819.01  
    0.669       493.48          829.99        2897.14         4130.52         4826.80  
    0.675       491.54          846.02        2907.72         4061.06         4792.51  
    0.681       483.12          854.74        2889.74         3996.20         4834.49  
    0.688       479.28          870.44        2877.44         3998.06         4875.00  
    0.694       473.41          895.28        2879.54         4056.17         4816.84  
    0.700       468.48          903.77        2890.79         4051.78         4749.52  
    0.706       470.46          914.50        2888.76         4011.09         4745.86  
    0.713       475.91          927.78        2890.78         3952.52         4730.72  
    0.719       494.36          963.51        2899.10         3694.86         4719.04  
    0.725       546.68          1133.71        2874.46         3093.82         4664.90  
    0.731       542.29          1353.59        2389.57         3308.03         4643.27  
    0.738       534.33          1661.73        2200.41         3690.03         4641.40  
    0.744       532.26          1713.34        2267.92         3869.43         4768.01  
    0.750       529.73          1623.75        2431.18         3851.79         4805.88  
    0.756       534.52          1603.55        2587.86         3797.33         4750.28  
    0.763       550.85          1628.94        2519.43         3710.73         4694.46  
    0.769       566.54          1642.75        2150.43         3702.46         4729.24  
    0.775       578.41          1106.94        2640.36         3900.88         4739.70  
    0.781       559.76          915.38        2916.01         4038.69         4830.61  
    0.788       553.86          933.79        2953.30         4074.85         5098.21  
    0.794       553.04          930.01        2927.64         4122.62         4944.12  
    0.800       523.01          885.80        2920.81         4204.72         4789.72  
    0.806       475.76          845.89        2944.70         4078.07         4809.00  
    0.812       442.49          814.65        2953.04         4027.25         4849.52  
    0.819       415.04          809.59        2923.32         3994.58         4817.64  
    0.825       416.43          813.29        2851.64         3964.58         4791.04  
    0.831       418.23          821.64        2800.07         3967.38         4806.56  
    0.838       422.24          836.90        2806.84         3993.83         4831.69  
    0.844       424.92          834.44        2832.01         4001.26         4835.25  
    0.850       425.31          824.69        2806.25         3973.26         4824.49  
    0.856       423.65          821.12        2797.54         4002.14         4828.16  
    0.863       426.90          824.77        2754.99         4018.04         4830.80  
    0.869       419.62          825.11        2722.36         3977.86         4841.46  
    0.875       438.38          845.41        2737.15         4010.77         4787.57  
    0.881       114.56          565.19        1445.45         3318.79         4489.03  
    0.888       0          449.54        1217.45         3123.70         4551.53  
    0.894       340.91          1251.11        2450.90         3973.44         4762.79  
    