0.025       227.11          838.05        2400.79         3765.76         4990.66  
    0.031       282.09          664.36        2496.08         3669.40         5015.46  
    0.038       330.71          697.31        2872.82         3324.61         5086.64  
    0.044       383.13          768.92        3008.11         3119.62         5142.20  
    0.050       413.53          777.96        2932.91         3114.38         5141.56  
    0.056       422.93          769.24        3016.96         3372.13         5140.13  
    0.062       123.12          524.53        1438.02         3129.02         5176.09  
    0.069       0          425.30        781.82         3014.57         5184.24  
    0.075       0          426.32        791.05         2957.99         5171.07  
    0.081       0          427.56        798.14         2895.48         5116.73  
    0.088       0          426.05        802.50         2931.97         5115.14  
    0.094       295.50          701.86        2441.21         3134.01         5195.86  
    0.100       408.83          821.92        3091.68         3189.28         5187.02  
    0.106       117.69          527.68        1483.87         3001.19         5114.35  
    0.113       0          408.89        834.19         2894.18         5077.29  
    0.119       0          409.95        839.27         2849.15         5101.17  
    0.125       0          406.24        837.65         2871.27         5186.85  
    0.131       0          404.87        837.07         2914.54         5213.40  
    0.138       0          404.36        835.24         2901.81         5207.87  
    0.144       0          403.42        835.10         2887.35         5149.60  
    0.150       0          400.98        834.50         2903.11         5084.20  
    0.156       0          399.08        836.11         3018.53         5051.89  
    0.163       0          398.74        836.99         3061.72         5055.72  
    0.169       0          400.58        839.54         3034.95         5064.98  
    0.175       0          405.03        844.32         2984.56         5034.99  
    0.181       0          406.69        844.21         2959.57         4990.85  
    0.188       0          403.19        839.06         2947.97         5021.81  
    0.194       283.31          707.75        2352.51         3695.51         5091.40  
    0.200       398.67          834.55        3058.94         4766.78         5387.63  
    0.206       115.58          525.10        1490.57         3737.47         5205.74  
    0.213       282.10          704.90        2479.48         3747.59         5106.70  
    0.219       395.96          829.18        3158.32         3713.49         5152.71  
    0.225       391.99          827.75        3164.39         3657.20         5160.77  
    0.231       387.59          819.40        3200.98         3350.09         5165.73  
    0.238       387.55          811.69        3184.08         3361.94         5198.51  
    0.244       384.46          804.96        3175.67         3501.23         5226.63  
    0.250       380.10          802.82        3094.52         3457.96         5189.49  
    0.256       378.81          802.43        2993.97         3519.30         5123.70  
    0.263       381.62          805.01        2954.79         3750.14         5100.66  
    0.269       390.07          815.23        2930.75         3902.41         5106.14  
    0.275       402.22          828.02        2910.77         4276.00         5091.59  
    0.281       411.16          841.03        2920.92         4911.15         5379.49  
    0.288       418.71          849.79        2900.88         5235.40         5439.84  
    0.294       425.39          852.85        2866.18         5200.93         5475.42  
    0.300       430.65          846.87        2843.12         4605.47         5305.16  
    0.306       435.46          820.11        2830.08         4910.61         5420.41  
    0.312       442.19          767.44        2869.58         4661.57         5248.52  
    0.319       449.82          729.83        2941.38         3874.80         5211.26  
    0.325       455.43          737.91        2943.97         3649.66         5147.41  
    0.331       450.29          786.77        3027.46         3627.41         5079.38  
    0.338       425.94          836.53        3164.16         3476.87         5066.82  
    0.344       401.82          861.77        2728.51         3594.41         5057.40  
    0.350       114.73          547.24        1348.76         3527.93         5061.38  
    0.356       0          406.92        839.71         3398.39         5029.73  
    0.363       0          378.10        810.72         3289.69         4995.96  
    0.369       0          358.65        804.38         3283.09         4999.67  
    0.375       224.34          673.90        2657.59         3849.31         4994.62  
    0.381       303.72          800.97        3095.50         3822.87         5001.53  
    0.388       289.42          787.45        2879.77         3801.38         5012.95  
    0.394       268.81          785.85        2852.87         3817.28         5020.88  
    0.400       269.52          817.70        2858.08         3943.28         5010.89  
    0.406       277.02          889.65        2936.31         4225.26         4963.96  
    0.413       80.86          265.07        1468.04         3561.01         4225.49  
    0.419       233.70          635.14        2400.23         4473.45         5044.91  
    0.425       435.14          938.87        2911.76         4137.64         5153.05  
    0.431       496.18          855.86        2681.54         3806.30         5030.00  
    0.438       536.66          811.82        2471.46         3897.51         5035.36  
    0.444       566.83          738.77        2448.85         3841.91         4991.64  
    0.450       166.36          205.74        1244.47         2736.54         4018.69  
    0.456       0          0        781.57         2309.30         3667.59  
    0.463       0          0        861.75         2344.75         3814.57  
    0.469       0          0        823.92         2346.19         3869.48  
    0.475       0          0        814.94         2519.52         3818.24  
    0.481       0          0        868.55         2665.09         3745.31  
    