0.025       453.16          637.65        2736.27         3755.94         5500.00  
    0.031       493.13          765.21        2733.40         3729.81         5130.68  
    0.038       492.13          843.02        2718.06         3716.83         4907.97  
    0.044       494.39          816.11        2686.71         3718.70         4737.25  
    0.050       518.06          796.26        2668.35         3721.04         4720.77  
    0.056       555.03          783.36        2674.89         3679.00         4808.78  
    0.062       553.82          717.64        2658.35         3679.11         4847.07  
    0.069       382.88          671.76        2635.05         3708.87         4796.81  
    0.075       352.98          632.20        2618.82         3698.70         4754.80  
    0.081       532.87          639.61        2634.99         3689.25         4787.23  
    0.088       614.06          643.65        2627.69         3658.31         4834.05  
    0.094       555.75          666.28        2596.06         3659.32         4854.73  
    0.100       417.21          675.56        2600.15         3660.60         4809.35  
    0.106       441.67          641.99        2588.15         3635.78         4789.12  
    0.113       563.00          632.51        2568.89         3604.09         4797.30  
    0.119       564.08          632.45        2568.57         3614.42         4801.20  
    0.125       460.65          620.80        2570.53         3647.61         4809.43  
    0.131       445.23          604.45        2587.04         3677.77         4816.74  
    0.138       402.66          592.18        2590.63         3663.20         4809.54  
    0.144       531.04          616.95        2598.66         3687.51         4708.59  
    0.150       554.05          711.38        2603.66         3691.45         4417.29  
    0.156       530.23          753.13        2615.08         3687.00         4334.34  
    0.163       535.54          742.89        2604.98         3666.04         4536.51  
    0.169       537.90          695.75        2586.33         3633.48         4719.41  
    0.175       512.11          736.75        2539.45         3616.23         4777.96  
    0.181       498.75          764.11        2552.16         3627.66         4768.25  
    0.188       488.94          766.95        2583.98         3648.12         4807.66  
    0.194       478.99          767.27        2567.87         3651.90         4807.58  
    0.200       479.18          761.12        2573.42         3655.52         4648.08  
    0.206       499.08          738.24        2591.66         3666.89         4543.55  
    0.213       500.72          726.60        2572.85         3673.36         4679.33  
    0.219       489.38          723.57        2589.78         3662.46         4799.89  
    0.225       460.39          737.15        2607.93         3661.79         4837.76  
    0.231       448.81          737.81        2554.06         3710.64         4820.04  
    0.238       449.45          750.48        2524.84         3704.59         4757.59  
    0.244       457.69          781.96        2535.75         3669.58         4803.82  
    0.250       434.52          793.99        2553.40         3632.63         4816.13  
    0.256       403.83          793.67        2566.61         3627.00         4859.69  
    0.263       392.50          803.08        2569.64         3638.16         4878.34  
    0.269       369.72          820.87        2585.24         3645.34         4832.15  
    0.275       329.13          822.91        2573.93         3682.21         5028.36  
    0.281       276.54          834.88        2609.31         3728.34         5381.07  
    0.288       268.07          829.05        2653.49         3720.44         5298.03  
    0.294       236.27          813.28        2610.27         3667.72         5170.99  
    0.300       297.91          805.22        2557.84         3675.37         5166.31  
    