0.025       571.51          679.05        2714.98         3760.85         4945.19  
    0.031       529.82          782.32        2737.64         3759.42         4808.35  
    0.038       591.18          680.19        2692.28         3774.52         4490.62  
    0.044       593.55          601.94        2648.51         3792.58         4257.14  
    0.050       84.31          84.34        915.60         2802.33         3836.58  
    0.056       0          0        684.53         2579.50         3776.36  
    0.062       0          0        701.63         2552.67         3803.95  
    0.069       0          0        671.11         2534.69         3809.27  
    0.075       0          0        655.94         2556.72         3805.36  
    0.081       0          0        668.76         2545.43         3749.54  
    0.088       0          585.76        2244.85         3554.88         4291.80  
    0.094       0          694.97        2510.48         3744.01         4201.23  
    0.100       0          99.25        927.48         2687.41         3764.59  
    0.106       0          0        656.50         2523.88         3688.93  
    0.113       0          0        655.50         2524.99         3676.14  
    0.119       0          553.19        2214.20         3530.07         3957.55  
    0.125       0          91.86        893.22         2643.58         3752.45  
    0.131       0          532.27        2157.42         3526.57         3853.35  
    0.138       0          88.38        889.36         2645.82         3725.88  
    0.144       523.31          541.88        2222.07         3490.02         3842.18  
    0.150       583.23          665.52        2492.18         3653.19         3876.73  
    0.156       530.18          612.19        2490.28         3663.52         3897.83  
    0.163       74.35          85.79        864.12         2663.02         3687.98  
    0.169       405.27          514.14        2242.64         3467.01         4024.69  
    0.175       568.55          650.25        2509.71         3639.77         3987.30  
    0.181       545.89          706.55        2552.23         3664.78         4063.54  
    0.188       516.70          737.90        2534.24         3664.37         4143.85  
    0.194       509.77          741.10        2558.16         3661.48         4002.19  
    0.200       540.55          695.60        2561.65         3654.21         3889.43  
    0.206       516.43          676.23        2551.96         3671.05         3945.78  
    0.213       465.12          663.10        2596.79         3692.44         4022.74  
    0.219       495.63          674.03        2727.12         3696.20         4120.45  
    0.225       474.73          718.47        2601.63         3739.27         4213.54  
    0.231       460.51          713.17        2533.19         3731.89         4142.83  
    0.238       477.55          754.81        2553.45         3712.81         4311.79  
    0.244       459.24          777.50        2581.82         3680.76         4443.74  
    0.250       409.76          776.98        2610.04         3660.90         4492.41  
    0.256       395.68          773.67        2618.97         3682.03         4684.99  
    0.263       357.04          799.62        2627.20         3687.08         4761.08  
    0.269       287.70          799.91        2689.65         3718.69         4811.32  
    0.275       175.88          805.94        2675.14         3767.68         5402.94  
    