0.025       466.37          1905.17        3098.96         3281.05         4760.26  
    0.031       205.37          1212.23        2578.69         3194.96         4569.11  
    0.038       280.65          749.05        2550.38         3265.59         4475.72  
    0.044       474.09          800.85        2859.48         3329.44         4490.90  
    0.050       443.83          779.61        2906.43         3243.82         4485.88  
    0.056       435.64          777.94        2939.04         3281.13         4507.61  
    0.062       427.22          789.67        2902.48         3332.15         4474.91  
    0.069       418.00          786.38        2878.05         3264.94         4375.13  
    0.075       414.51          772.32        2841.04         3253.45         4329.35  
    0.081       412.81          750.77        2808.38         3311.17         4339.03  
    0.088       408.80          722.30        2821.03         3344.89         4328.50  
    0.094       407.44          709.54        2846.29         3359.70         4424.46  
    0.100       406.58          704.68        2870.85         3361.65         4525.16  
    0.106       402.13          693.61        2872.46         3365.61         4539.54  
    0.113       395.68          682.78        2847.10         3378.31         4540.95  
    0.119       389.99          678.07        2836.65         3385.48         4548.37  
    0.125       386.84          681.48        2833.68         3383.54         4544.08  
    0.131       383.80          688.96        2830.98         3379.73         4523.44  
    0.138       380.35          694.08        2841.82         3354.33         4503.90  
    0.144       377.36          697.05        2844.52         3352.95         4499.04  
    0.150       374.42          703.94        2837.09         3366.73         4488.56  
    0.156       375.29          712.48        2850.49         3342.66         4466.86  
    0.163       378.18          719.43        2874.58         3331.91         4471.44  
    0.169       379.17          724.16        2886.57         3335.95         4478.13  
    0.175       381.43          731.96        2878.70         3344.41         4450.83  
    0.181       386.15          750.68        2884.42         3383.43         4408.63  
    0.188       389.26          763.38        2899.29         3418.70         4418.61  
    0.194       388.93          762.87        2895.58         3421.61         4430.09  
    0.200       389.02          760.63        2891.89         3412.91         4397.52  
    0.206       388.92          766.78        2891.89         3399.98         4348.32  
    0.213       387.98          772.61        2886.90         3391.77         4305.61  
    0.219       387.90          770.12        2890.75         3400.16         4314.12  
    0.225       389.16          768.09        2895.65         3401.62         4371.39  
    0.231       389.89          771.18        2888.67         3398.81         4423.15  
    0.238       390.54          773.35        2883.67         3394.27         4447.05  
    0.244       391.33          775.14        2884.31         3393.73         4427.68  
    0.250       393.26          776.70        2883.67         3387.60         4444.25  
    0.256       398.88          777.48        2881.55         3373.34         4481.47  
    0.263       406.13          779.35        2877.12         3365.49         4484.86  
    0.269       413.40          780.38        2877.36         3368.78         4483.80  
    0.275       420.10          781.41        2871.75         3363.18         4500.76  
    0.281       425.42          783.07        2882.88         3330.72         4524.35  
    0.288       431.78          781.78        2896.20         3270.57         4521.91  
    0.294       438.44          780.44        2909.47         3179.73         4512.65  
    0.300       442.73          778.52        2923.94         3149.76         4532.43  
    0.306       444.32          779.99        2920.69         3224.94         4608.23  
    0.312       445.61          784.64        2924.20         3289.45         4684.53  
    0.319       449.84          797.66        2942.74         3201.99         4653.57  
    0.325       457.01          812.01        2971.83         3814.76         5108.60  
    0.331       465.54          812.58        3000.47         3978.10         5500.00  
    0.338       475.77          808.35        2982.50         3560.17         5037.00  
    0.344       487.61          814.29        2948.69         3499.22         5032.83  
    0.350       500.28          831.58        2943.34         3524.07         5419.08  
    0.356       515.43          857.31        2938.71         3497.26         5500.00  
    0.363       529.14          877.61        2933.62         3495.64         5500.00  
    0.369       235.19          692.31        1787.45         3171.30         4455.32  
    0.375       0          538.29        874.97         2895.62         3650.91  
    0.381       0          517.07        856.23         2885.35         3622.80  
    0.388       0          493.90        851.66         2877.32         3600.31  
    0.394       0          486.09        870.14         2849.88         3572.79  
    0.400       0          499.88        896.63         2831.67         3517.18  
    0.406       0          529.75        920.00         2849.31         3511.50  
    0.413       0          563.49        940.10         2889.68         3613.29  
    0.419       0          589.06        957.37         2938.26         3959.32  
    0.425       0          609.24        978.39         3003.49         4347.99  
    0.431       0          631.04        1000.22         3067.78         4854.34  
    0.438       0          636.81        1007.80         3076.37         5128.89  
    0.444       0          279.05        795.98         1909.81         3971.35  
    0.450       0          0        616.36         989.68         3146.89  
    0.456       242.10          557.15        872.53         2267.87         4251.37  
    0.463       391.98          979.75        1625.01         3257.26         5141.41  
    