0.025       796.92          1076.65        2747.93         3643.11         4907.51  
    0.031       679.87          1104.06        2713.02         3692.35         4972.30  
    0.038       603.29          1105.12        2672.40         3636.85         4945.08  
    0.044       603.69          1110.04        2670.23         3640.10         4959.72  
    0.050       625.24          1120.19        2666.01         3626.37         4782.23  
    0.056       657.49          1123.68        2664.32         3609.46         4731.46  
    0.062       677.10          1135.51        2649.26         3639.03         4858.35  
    0.069       691.51          1154.20        2650.64         3678.34         5397.12  
    0.075       705.69          1168.68        2680.15         3660.27         4848.23  
    0.081       721.90          1166.76        2697.47         3673.13         4501.37  
    0.088       744.47          1178.54        2705.98         3692.66         4430.60  
    0.094       760.81          1145.60        2684.40         3698.64         4698.99  
    0.100       766.41          1084.03        2674.28         3676.87         4800.36  
    0.106       758.65          1050.38        2695.32         3610.09         4309.70  
    0.113       747.05          1065.43        2706.61         3622.35         3973.34  
    0.119       734.79          1081.23        2695.04         3636.52         3901.75  
    0.125       729.55          1064.18        2685.57         3633.01         3850.35  
    0.131       732.62          1056.83        2686.93         3627.51         3813.24  
    0.138       737.32          1045.77        2674.90         3596.54         3751.98  
    0.144       745.27          1030.53        2618.23         3528.00         3837.23  
    0.150       746.83          1020.82        2570.89         3509.38         4021.94  
    0.156       748.47          1018.42        2579.40         3535.02         3971.34  
    0.163       759.42          1021.68        2591.95         3553.96         3848.49  
    0.169       766.75          1027.92        2614.22         3559.52         3800.36  
    0.175       762.83          1036.64        2628.45         3509.51         3823.21  
    0.181       767.41          1045.73        2627.07         3444.19         3837.56  
    0.188       776.21          1051.40        2629.66         3437.03         3885.65  
    0.194       780.36          1053.53        2646.87         3444.84         3974.81  
    0.200       779.47          1055.75        2676.08         3473.24         3984.22  
    0.206       781.31          1062.66        2680.68         3545.54         3808.45  
    0.213       777.54          1060.12        2665.19         3440.33         3614.51  
    0.219       768.37          1059.34        2660.85         3528.74         3616.84  
    0.225       758.75          1063.47        2642.11         3532.51         3891.61  
    0.231       752.94          1077.98        2599.95         3525.55         4047.82  
    0.238       749.31          1070.83        2571.34         3512.27         4073.12  
    0.244       747.61          1068.49        2536.99         3508.23         4069.57  
    0.250       746.84          1080.15        2529.60         3502.68         4125.59  
    0.256       745.55          1087.55        2591.66         3489.67         4142.30  
    0.263       743.46          1085.37        2632.45         3478.56         4090.91  
    0.269       741.98          1074.27        2642.05         3474.10         4056.87  
    0.275       742.15          1076.08        2697.06         3487.64         4000.91  
    0.281       737.45          1109.40        2706.74         3500.61         3869.68  
    0.288       733.03          1128.11        2688.32         3487.91         3779.27  
    0.294       729.97          1143.67        2690.46         3497.49         3729.23  
    0.300       725.29          1154.84        2702.17         3551.49         3781.31  
    0.306       719.90          1137.56        2669.34         3560.52         3991.48  
    0.312       712.70          1109.41        2615.76         3535.69         4257.99  
    0.319       700.70          1099.32        2603.85         3507.53         4243.36  
    0.325       688.32          1096.50        2632.31         3518.50         3857.03  
    0.331       678.38          1084.84        2637.02         3531.24         3721.98  
    0.338       666.73          1064.20        2613.35         3512.84         3807.81  
    0.344       659.03          1043.09        2622.92         3532.69         3947.48  
    0.350       665.33          1014.71        2617.07         3550.65         3983.57  
    0.356       692.37          975.72        2596.80         3558.14         4059.76  
    0.363       723.28          932.83        2587.14         3515.71         4108.90  
    0.369       710.60          947.74        2583.51         3511.98         3883.40  
    0.375       725.13          973.56        2589.51         3524.19         3990.47  
    0.381       703.12          1006.02        2588.21         3552.78         4356.80  
    0.388       664.52          999.65        2581.93         3564.28         4436.77  
    0.394       657.67          1069.45        2603.72         3577.87         5322.74  
    0.400       660.10          1125.86        2593.66         3578.96         5500.00  
    0.406       647.67          1137.66        2609.21         3590.53         5500.00  
    0.413       638.48          1090.56        2594.06         3634.82         5500.00  
    0.419       693.08          871.20        2523.44         3669.99         5500.00  
    