0.025       635.13          993.36        3177.47         3551.08         5297.44  
    0.031       632.16          992.57        3245.79         3565.77         5300.38  
    0.038       453.80          959.82        3269.09         3670.34         5293.42  
    0.044       303.22          969.92        3191.29         3544.40         5282.95  
    0.050       346.72          997.97        2162.38         3350.38         5393.45  
    0.056       182.07          700.84        1029.87         3203.15         5005.75  
    0.062       0          420.12        896.11         3092.79         4564.23  
    0.069       0          506.41        973.61         3214.55         5057.11  
    0.075       0          290.63        816.34         2142.08         4443.25  
    0.081       0          312.13        836.28         2258.50         3532.05  
    0.088       0          619.15        1035.96         3315.03         3530.42  
    0.094       0          623.06        1041.04         3106.95         3462.07  
    0.100       0          648.59        1055.48         2950.43         3487.02  
    0.106       0          674.82        1065.70         2908.01         3488.51  
    0.113       0          682.55        1100.51         2962.44         3462.06  
    0.119       0          679.45        1137.59         2930.08         3453.37  
    0.125       0          664.88        1137.26         2941.48         3449.85  
    0.131       275.05          661.85        1151.17         3156.36         4396.44  
    0.138       537.51          652.85        1154.39         3273.86         5410.29  
    0.144       581.09          831.27        1124.22         3301.21         5500.00  
    0.150       615.58          1042.82        1246.07         3365.66         5268.89  
    0.156       599.31          1063.35        1392.83         3390.99         5035.76  
    0.163       594.18          1057.06        1282.81         3362.66         5012.86  
    0.169       592.58          1056.08        1216.94         3313.01         4988.97  
    0.175       587.53          1049.00        1229.21         3241.44         4962.59  
    0.181       286.92          834.11        1135.28         3031.08         4940.75  
    0.188       0          628.74        1081.19         2909.26         4935.56  
    0.194       0          624.50        1084.37         2906.76         4942.95  
    0.200       0          615.33        1081.85         2902.39         4938.41  
    0.206       0          602.50        1074.26         2891.36         4940.49  
    0.213       0          597.76        1072.18         2853.04         4958.73  
    0.219       0          596.80        1074.82         2949.11         4960.78  
    0.225       0          594.92        1073.12         2988.91         4918.04  
    0.231       0          595.22        1071.90         2979.46         4825.92  
    0.238       0          290.77        822.90         2021.60         3965.17  
    0.244       0          0        584.59         1065.96         3211.97  
    0.250       0          304.72        837.87         2000.79         3875.80  
    0.256       0          592.43        1077.02         2835.91         4637.90  
    0.263       0          585.54        1067.86         2856.29         4931.71  
    0.269       296.56          594.23        1059.06         2964.10         5110.65  
    0.275       283.15          598.90        1058.45         2935.60         5090.11  
    0.281       0          589.86        1055.07         2978.03         5066.22  
    0.288       0          594.87        1054.82         3217.26         5115.12  
    0.294       0          293.90        825.93         2179.66         4212.53  
    0.300       0          0        602.24         1056.70         3369.19  
    0.306       301.39          539.06        940.60         2236.87         4329.59  
    0.312       590.95          984.17        1159.70         3413.83         5200.46  
    0.319       289.47          448.25        826.46         2237.90         4264.83  
    0.325       0          0        603.26         1066.88         3425.93  
    0.331       305.70          544.65        912.86         2497.04         4327.76  
    0.338       600.35          977.25        1137.43         3817.17         5142.50  
    0.344       294.52          436.55        835.38         2393.42         4369.03  
    0.350       313.79          447.81        852.40         2438.99         4414.58  
    0.356       610.29          976.11        1137.63         3836.58         5160.21  
    0.363       609.96          922.49        1134.74         3903.58         5154.02  
    0.369       614.67          908.55        1087.29         3894.13         5145.06  
    0.375       615.99          1061.32        1126.87         3899.72         5135.18  
    0.381       612.85          1087.27        1177.45         3958.30         5132.34  
    0.388       609.80          1081.39        1209.78         4038.96         5136.53  
    0.394       614.01          1083.69        1272.27         4020.77         5130.74  
    0.400       619.98          1085.96        1461.60         4051.10         5111.39  
    0.406       303.40          848.64        1331.52         3560.36         5008.20  
    0.413       0          628.80        1079.00         2994.08         4786.96  
    0.419       0          632.16        1086.38         2975.07         4871.61  
    0.425       0          634.58        1101.56         2992.65         5085.17  
    0.431       0          641.61        1118.11         2954.62         4968.57  
    0.438       0          655.14        1136.81         2880.85         4782.60  
    0.444       0          678.19        1147.25         2750.66         4702.16  
    0.450       0          337.91        924.39         1882.75         4051.36  
    0.456       0          0        713.36         1131.34         3488.71  
    0.463       0          364.48        920.54         2345.80         4248.77  
    0.469       0          348.00        909.81         2281.64         4239.30  
    0.475       0          0        701.17         1073.57         3559.94  
    0.481       0          335.64        864.45         2138.32         4184.38  
    0.488       0          646.15        1059.35         3021.56         4777.66  
    0.494       0          609.36        1089.17         2914.33         4769.72  
    0.500       0          558.49        1102.32         2894.84         4788.99  
    0.506       0          507.28        1124.51         2866.32         4797.21  
    0.513       0          452.08        1099.97         2817.14         4775.50  
    0.519       0          365.94        991.16         2676.07         4775.77  
    0.525       127.29          706.87        1738.44         3814.53         5154.49  
    0.531       252.95          1117.81        2556.13         4955.68         5500.00  
    0.537       125.47          728.05        1877.22         3786.43         5164.65  
    