0.025       485.75          1964.82        2287.23         3438.09         4922.10  
    0.031       25.44          102.92        618.86         2457.79         3572.88  
    0.038       0          493.30        2114.06         3254.66         4514.45  
    0.044       0          476.76        2177.64         3316.22         4290.70  
    0.050       577.87          610.88        2636.74         4023.30         4844.64  
    0.056       505.20          767.02        2684.57         4292.79         5004.97  
    0.062       580.09          744.12        2557.90         3858.58         4834.70  
    0.069       571.87          702.86        2643.96         3877.40         5033.99  
    0.075       519.70          773.03        2709.33         4041.58         4918.93  
    0.081       518.41          782.26        2714.90         4219.69         4601.18  
    0.088       516.15          788.11        2662.48         4412.71         4498.34  
    0.094       535.00          813.63        2664.54         4396.63         4502.29  
    0.100       551.28          830.99        2656.23         4468.35         4539.37  
    0.106       570.14          864.94        2628.73         4352.90         4498.82  
    0.113       567.81          913.61        2604.14         4071.46         4531.64  
    0.119       567.03          941.30        2550.48         3956.84         4509.57  
    0.125       570.53          945.74        2571.27         3999.37         4521.89  
    0.131       572.65          962.81        2594.89         4009.31         4550.43  
    0.138       574.39          971.76        2581.21         4017.54         4555.11  
    0.144       583.07          961.90        2567.18         4006.33         4541.41  
    0.150       609.76          923.55        2607.29         4080.59         4540.57  
    0.156       592.97          954.21        2629.49         4093.97         4565.90  
    0.163       615.89          904.83        2598.15         4214.11         4570.55  
    0.169       630.77          864.19        2630.33         3934.57         4620.03  
    0.175       644.30          869.56        2650.44         3950.08         4592.49  
    0.181       659.14          902.28        2625.09         4336.30         4579.44  
    0.188       661.97          930.55        2616.98         4469.83         4495.17  
    0.194       667.24          924.48        2612.54         4209.74         4546.10  
    0.200       663.67          947.54        2622.96         4329.08         4525.92  
    0.206       658.43          923.22        2609.32         4383.40         4496.18  
    0.213       670.86          944.13        2639.86         4423.94         4600.93  
    0.219       671.79          985.12        2655.37         4348.56         4673.46  
    0.225       661.60          1015.80        2649.95         4286.33         4629.02  
    0.231       664.99          1020.50        2647.22         4403.49         4669.29  
    0.238       666.34          1123.72        2687.87         4270.63         4817.85  
    0.244       666.29          1179.03        2689.99         4112.34         4948.70  
    0.250       666.97          1262.67        2677.34         4246.92         4941.12  
    0.256       668.55          1334.18        2657.50         4465.52         4797.09  
    0.263       670.55          1334.32        2629.15         4541.00         4620.45  
    0.269       673.06          1456.99        2636.25         4546.68         4729.42  
    0.275       674.37          1398.85        2632.83         4129.20         4736.20  
    0.281       675.14          1266.99        2593.10         3993.65         4779.49  
    0.288       680.97          1272.40        2521.96         4043.14         4781.61  
    0.294       686.22          1290.94        2376.48         3932.35         4808.19  
    0.300       678.04          1249.36        2389.54         3893.23         4881.59  
    0.306       673.89          1197.56        2522.84         3952.47         4771.01  
    0.312       675.65          1155.50        2599.67         4138.86         4758.99  
    0.319       677.22          1124.32        2621.17         4085.66         4789.95  
    0.325       675.20          1134.49        2626.20         4074.79         4905.97  
    0.331       676.48          1136.42        2623.28         4182.70         4909.17  
    0.338       682.83          1165.22        2629.04         4430.19         4686.79  
    0.344       687.48          1177.42        2583.87         3981.59         4811.30  
    0.350       686.62          1144.49        2603.97         3908.69         4884.48  
    0.356       688.05          1131.95        2600.95         3923.95         4972.42  
    0.363       688.29          1109.20        2605.23         3964.35         5027.40  
    0.369       687.81          1108.93        2601.18         3972.07         5048.01  
    0.375       691.76          1143.43        2604.41         4162.99         4990.92  
    0.381       690.84          1141.59        2586.79         4271.78         4961.67  
    0.388       693.44          1145.11        2582.80         4501.88         4915.28  
    0.394       689.49          1119.82        2553.98         4310.98         4876.90  
    0.400       690.45          1108.67        2520.64         4544.52         4895.90  
    0.406       690.92          1105.91        2504.56         4778.04         4940.16  
    0.413       691.93          1134.98        2572.01         4797.29         5077.82  
    0.419       690.69          1170.94        2620.85         4824.76         4870.80  
    0.425       694.16          1181.03        2620.36         4645.40         4809.36  
    0.431       699.05          1185.20        2635.15         4501.71         4894.89  
    0.438       694.79          1183.84        2607.50         4180.06         5015.68  
    0.444       694.09          1230.41        2578.76         4142.07         5040.72  
    0.450       695.66          1212.92        2594.90         4214.37         4969.69  
    0.456       697.95          1172.77        2571.37         4252.58         4920.03  
    0.463       698.14          1131.24        2568.56         4328.73         4922.37  
    0.469       694.33          1059.72        2620.98         4599.75         4889.67  
    0.475       686.23          1042.16        2617.25         4492.67         4934.73  
    0.481       683.16          1029.86        2643.25         4473.78         4963.37  
    0.488       680.95          1023.09        2656.94         4639.62         4947.14  
    0.494       677.96          1012.13        2665.74         4640.34         4928.72  
    0.500       680.37          1011.90        2658.61         4572.71         4950.88  
    0.506       678.47          1012.23        2659.58         4515.21         5003.92  
    0.513       683.93          1016.95        2676.50         4502.45         5041.77  
    0.519       693.90          1023.56        2670.61         4486.87         5065.41  
    0.525       701.30          1037.26        2660.49         4540.74         5025.20  
    0.531       704.18          1040.30        2660.65         4599.47         5020.81  
    0.537       705.53          1044.39        2657.33         4559.34         5007.83  
    0.544       703.72          1045.67        2656.28         4457.05         5035.64  
    0.550       709.63          1062.57        2645.22         4486.06         5051.26  
    0.556       720.90          1075.93        2618.46         4545.81         5050.05  
    0.562       730.20          1070.24        2580.76         4539.57         5050.69  
    0.569       715.33          1055.31        2588.72         4459.69         5067.01  
    0.575       709.50          1059.55        2598.32         4522.30         5030.51  
    0.581       704.72          1062.19        2605.17         4778.87         5010.43  
    0.588       706.20          1053.46        2590.53         4704.33         5023.45  
    0.594       698.76          1048.65        2600.83         4508.30         5069.87  
    0.600       697.13          1043.34        2588.46         4491.27         5069.78  
    0.606       698.24          1042.10        2613.22         4522.73         5058.58  
    0.613       692.29          1043.43        2619.55         4497.13         5060.50  
    0.619       688.97          1047.11        2608.56         4469.04         5070.47  
    0.625       685.51          1052.25        2598.46         4477.82         5080.28  
    0.631       689.60          1057.13        2608.91         4491.87         5073.63  
    0.638       692.09          1062.00        2616.71         4461.18         5066.66  
    0.644       695.70          1065.43        2587.48         4459.09         5087.37  
    0.650       701.57          1070.17        2561.72         4482.36         5091.56  
    0.656       704.92          1071.97        2569.57         4504.81         5079.80  
    0.663       698.86          1080.41        2583.06         4442.00         5080.02  
    0.669       683.53          1077.77        2591.53         4408.00         5091.46  
    0.675       677.51          1074.87        2588.67         4407.62         5079.33  
    0.681       673.41          1059.47        2570.99         4389.71         5052.32  
    0.688       666.62          1039.61        2547.68         4391.46         5013.11  
    0.694       669.38          1031.54        2555.86         4580.02         4941.61  
    0.700       671.48          1051.04        2582.89         4881.96         5470.55  
    0.706       669.98          1060.57        2594.00         4728.81         5500.00  
    0.713       672.70          1047.41        2586.29         4711.97         5500.00  
    0.719       664.28          1024.23        2543.83         4866.73         5500.00  
    0.725       654.63          991.87        2550.57         4917.89         5500.00  
    0.731       653.06          1008.77        2556.61         4893.22         5500.00  
    