0.025       0          989.21        2349.44         3359.70         4392.95  
    0.031       0          978.28        2114.06         3311.65         4488.65  
    0.038       0          936.95        2078.62         3348.55         4568.23  
    0.044       733.49          935.58        2563.66         3552.70         5484.60  
    0.050       640.52          924.40        2683.10         3435.92         4983.88  
    0.056       647.18          953.09        2709.60         3474.33         4773.87  
    0.062       839.14          983.90        2647.37         3442.82         4768.26  
    0.069       714.75          1842.35        2848.81         3209.59         4816.91  
    0.075       704.34          1629.41        2682.57         3439.01         4756.23  
    0.081       703.37          916.29        2642.09         3528.98         4724.23  
    0.088       627.48          920.07        2678.84         3405.95         4702.24  
    0.094       658.30          940.24        2693.24         3418.80         4344.80  
    0.100       652.70          934.13        2700.11         3452.10         4240.05  
    0.106       650.84          933.22        2711.51         3532.71         4246.89  
    0.113       638.68          912.20        2710.53         3488.23         4517.66  
    0.119       695.05          937.38        2677.71         3514.78         4762.54  
    0.125       778.56          917.41        2636.65         3533.30         4784.32  
    0.131       790.91          896.30        2411.20         3644.00         4837.89  
    0.138       796.07          890.65        2491.38         3703.80         4735.25  
    0.144       796.95          859.72        2534.13         3703.86         4682.72  
    0.150       694.61          917.49        2658.86         3656.25         4748.53  
    0.156       667.56          920.47        2653.71         3584.63         4763.89  
    0.163       710.32          895.70        2595.46         3645.69         4822.32  
    0.169       706.60          902.46        2588.56         3660.48         4735.57  
    0.175       684.96          920.40        2563.75         3575.35         4598.52  
    0.181       716.39          895.76        2563.62         3439.77         4594.21  
    0.188       720.08          896.68        2560.32         3544.56         4525.52  
    0.194       724.48          906.56        2531.59         3563.59         4488.32  
    0.200       763.08          888.19        2490.85         3539.93         4458.31  
    0.206       787.22          876.21        2496.16         3635.03         4475.35  
    0.213       773.73          876.60        2456.19         3643.46         4475.89  
    0.219       738.11          894.65        2408.23         3550.20         4550.95  
    0.225       736.13          889.52        2446.47         3506.09         4525.08  
    0.231       707.56          898.98        2462.86         3553.75         4553.36  
    0.238       726.66          883.77        2480.20         3614.67         4648.61  
    0.244       704.13          897.97        2610.44         3626.46         4723.08  
    0.250       653.96          909.38        2747.93         3604.21         4728.53  
    0.256       632.69          901.82        2746.00         3556.64         4966.16  
    0.263       624.80          896.91        2717.21         3537.65         5007.12  
    0.269       624.87          889.05        2705.19         3556.11         4971.63  
    0.275       623.67          878.63        2697.75         3520.93         4881.64  
    0.281       628.14          868.21        2697.26         3500.49         4880.63  
    0.288       634.23          865.61        2700.40         3485.09         5345.63  
    0.294       634.73          868.77        2709.21         3480.88         5497.57  
    0.300       638.69          872.21        2723.25         3482.20         5297.57  
    0.306       645.35          881.38        2722.05         3484.35         5065.61  
    0.312       643.53          887.84        2719.12         3484.31         5178.51  
    0.319       645.22          891.89        2726.76         3498.39         5120.10  
    0.325       641.34          909.39        2722.99         3491.67         5048.41  
    0.331       638.97          917.32        2702.43         3491.85         4924.58  
    0.338       639.28          910.46        2686.94         3483.45         4885.99  
    0.344       642.20          910.12        2697.73         3472.78         4885.09  
    0.350       643.29          927.98        2716.79         3471.51         5009.43  
    0.356       641.90          926.88        2732.33         3483.67         5491.91  
    0.363       639.22          921.63        2717.74         3481.16         5500.00  
    0.369       632.22          929.42        2705.78         3477.19         5500.00  
    0.375       633.68          927.20        2698.00         3478.77         5500.00  
    0.381       639.85          923.67        2693.54         3464.25         5500.00  
    0.388       646.99          933.82        2680.69         3449.92         5358.10  
    0.394       651.54          932.59        2672.68         3455.27         5031.43  
    0.400       655.38          928.30        2665.75         3460.83         5492.15  
    0.406       657.39          933.64        2656.28         3462.29         5500.00  
    0.413       658.74          931.47        2643.50         3462.55         5500.00  
    0.419       659.33          923.64        2638.10         3461.20         5500.00  
    0.425       660.44          923.44        2626.98         3465.03         5500.00  
    0.431       661.60          914.64        2630.85         3467.91         5500.00  
    0.438       664.53          914.87        2631.16         3464.29         5500.00  
    0.444       659.81          913.36        2616.14         3459.45         3993.77  
    0.450       653.11          904.79        2600.67         3467.55         3671.69  
    0.456       652.05          913.17        2604.70         3486.65         3645.71  
    0.463       648.73          910.09        2596.85         3471.29         3664.14  
    0.469       646.98          905.18        2589.90         3446.58         3664.84  
    0.475       648.37          910.98        2574.40         3480.38         3798.23  
    0.481       649.79          921.09        2567.45         3473.38         4313.86  
    0.488       651.02          918.64        2555.60         3498.37         4048.88  
    0.494       654.56          940.64        2542.01         3505.53         4128.78  
    0.500       10.84          670.67        972.95         2555.42         3496.74  
    0.506       0          701.97        963.86         2579.86         3449.97  
    0.513       0          709.24        985.89         2614.23         3418.82  
    0.519       0          719.84        989.06         2617.57         3400.21  
    0.525       0          713.32        993.31         2595.51         3430.52  
    0.531       0          710.56        990.52         2607.94         3454.01  
    0.537       652.44          959.24        2511.09         3256.10         5466.14  
    0.544       671.63          968.30        2565.87         3363.34         5500.00  
    0.550       683.76          983.55        2592.71         3494.03         5500.00  
    0.556       11.32          834.46        895.81         2687.00         3782.52  
    0.562       0          823.40        1186.88         2703.64         3861.62  
    0.569       0          750.64        1514.28         2722.23         3872.85  
    