0.025       696.86          873.56        2820.52         3419.85         4322.50  
    0.031       707.99          844.37        2759.47         3428.58         4398.76  
    0.038       667.54          874.34        2697.58         3411.64         4507.93  
    0.044       650.11          880.24        2670.69         3429.50         4606.41  
    0.050       680.98          840.59        2687.19         3480.17         4592.09  
    0.056       710.04          806.82        2737.06         3462.12         4556.69  
    0.062       733.48          793.15        2932.04         3481.18         4421.58  
    0.069       704.02          824.24        2930.85         3590.53         4379.65  
    0.075       702.17          822.46        2892.77         3576.89         4441.25  
    0.081       703.35          815.88        2875.24         3543.58         4483.81  
    0.088       720.91          797.47        2804.75         3500.38         4423.91  
    0.094       747.92          773.66        2764.39         3496.64         4439.86  
    0.100       744.19          784.22        2764.99         3514.79         4552.70  
    0.106       753.26          773.85        2762.97         3543.78         4529.17  
    0.113       758.75          764.90        2751.71         3558.59         4570.37  
    0.119       727.03          792.58        2741.41         3523.62         4617.29  
    0.125       726.84          789.17        2727.84         3480.37         4587.72  
    0.131       731.42          781.65        2721.35         3517.78         4597.42  
    0.138       729.40          794.11        2703.30         3570.90         4552.71  
    0.144       710.60          820.51        2688.98         3590.76         4590.95  
    0.150       723.98          810.25        2697.10         3582.52         4656.97  
    0.156       715.77          818.45        2704.12         3611.78         4610.07  
    0.163       703.08          829.31        2704.63         3609.89         4630.76  
    0.169       736.35          795.61        2750.42         3593.41         4594.28  
    0.175       751.49          782.88        2795.37         3562.14         4551.59  
    0.181       747.49          776.57        2773.53         3566.61         4583.65  
    0.188       738.03          785.43        2758.12         3573.77         4570.23  
    0.194       747.11          791.28        2738.72         3499.97         4584.61  
    0.200       735.36          787.28        2674.25         3446.33         4631.17  
    0.206       766.64          784.01        2677.26         3421.89         4688.67  
    0.213       719.33          848.63        2727.85         3487.36         4711.03  
    0.219       698.37          874.35        2698.74         3556.90         4758.47  
    