0.025       615.45          1904.93        2943.08         3784.82         4852.57  
    0.031       587.82          1956.11        2795.22         3523.20         4853.74  
    0.038       539.81          1788.23        2979.54         3729.17         4952.33  
    0.044       587.88          1691.32        3035.05         3874.37         5370.57  
    0.050       682.79          1045.72        2733.41         3604.90         5131.19  
    0.056       664.82          879.18        2634.25         3528.72         4976.10  
    0.062       628.07          915.35        2656.31         3580.06         4988.70  
    0.069       591.90          928.35        2621.43         3526.75         4875.95  
    0.075       586.73          935.12        2617.42         3497.47         4795.94  
    0.081       597.68          941.05        2608.11         3496.32         4767.58  
    0.088       600.12          900.13        2577.57         3470.66         4802.65  
    0.094       606.80          846.29        2560.36         3471.22         4719.83  
    0.100       608.50          839.83        2571.16         3461.46         4643.29  
    0.106       594.44          880.33        2580.06         3443.80         4775.03  
    0.113       584.80          898.16        2583.78         3432.20         4864.52  
    0.119       574.89          906.37        2589.89         3427.33         4964.70  
    0.125       585.20          866.95        2584.50         3436.24         4975.32  
    0.131       614.04          689.32        2556.55         3451.78         4914.35  
    0.138       592.00          625.73        2518.29         3447.89         4993.06  
    0.144       606.36          689.28        2501.30         3430.65         4681.16  
    0.150       611.63          645.54        2481.06         3418.79         4442.28  
    0.156       153.56          156.75        1081.76         2677.75         3665.90  
    0.163       0          0        606.59         2400.47         3411.41  
    0.169       0          445.57        1935.79         3144.50         3513.77  
    0.175       0          149.69        1047.75         2629.04         3437.26  
    0.181       0          0        605.09         2392.59         3399.96  
    0.188       0          458.77        1959.84         3151.63         3556.61  
    0.194       0          154.13        1072.41         2710.57         3460.81  
    0.200       0          0        628.58         2479.64         3408.09  
    0.206       0          477.29        1984.32         2961.57         3402.69  
    0.213       0          638.84        2406.13         3081.57         3400.04  
    0.219       0          637.25        2352.32         3180.76         3394.03  
    0.225       0          636.34        2335.46         3302.85         3385.71  
    0.231       0          160.00        1066.71         2612.68         3376.19  
    0.238       0          0        640.58         2381.83         3372.22  
    0.244       0          0        638.04         2403.94         3370.97  
    0.250       477.56          521.03        1964.96         3125.59         3897.64  
    0.256       629.34          761.91        2435.73         3364.87         3944.62  
    0.263       630.46          799.58        2474.77         3364.91         4052.92  
    0.269       625.11          819.74        2452.23         3362.20         4137.69  
    0.275       601.05          845.91        2404.95         3357.87         4170.08  
    0.281       579.63          871.50        2376.57         3353.87         4335.48  
    0.288       564.07          888.58        2367.47         3351.86         4685.12  
    0.294       558.17          894.01        2366.87         3354.44         4876.47  
    0.300       557.15          900.03        2361.29         3363.39         4806.44  
    0.306       549.49          900.19        2378.37         3396.50         4605.14  
    0.312       531.54          891.70        2426.14         3457.06         4467.65  
    0.319       510.95          869.46        2392.01         3469.96         3929.89  
    0.325       507.97          860.46        2378.61         3453.05         3566.41  
    0.331       499.90          855.58        2390.64         3475.43         4997.53  
    0.338       489.64          812.80        2404.08         3450.94         5500.00  
    0.344       326.42          799.63        2370.08         3407.34         5500.00  
    0.350       327.27          849.57        2352.42         3389.75         5204.59  
    0.356       403.83          802.95        2332.67         3367.10         5185.34  
    0.363       471.88          847.14        2329.96         3349.88         4990.28  
    0.369       511.88          865.58        2347.23         3365.76         4801.09  
    0.375       519.45          880.32        2388.87         3402.19         4773.15  
    0.381       624.59          805.59        2427.02         3485.13         4844.49  
    0.388       487.09          665.15        2396.58         3507.52         4817.23  
    0.394       107.89          618.89        2266.62         3515.12         4830.89  
    