0.025       0          1026.33        2261.88         3444.12         5093.43  
    0.031       693.76          1044.00        2713.68         3465.34         4959.06  
    0.038       726.84          1042.44        2789.16         3466.46         4715.78  
    0.044       610.91          1042.45        2792.52         3460.48         4629.94  
    0.050       579.58          1050.09        2714.15         3525.23         4692.11  
    0.056       555.82          1052.35        2740.77         3613.67         4877.48  
    0.062       567.48          1053.55        2881.74         3656.19         5418.40  
    0.069       617.34          1048.62        2894.02         3684.69         4204.37  
    0.075       650.41          1052.96        2901.83         3680.43         3936.86  
    0.081       664.41          1039.04        3209.45         3666.16         4061.03  
    0.088       666.76          1033.07        3297.73         3678.27         3903.51  
    0.094       654.45          1027.23        2946.55         3646.40         3877.35  
    0.100       631.20          1024.37        2904.04         3618.69         4193.95  
    0.106       614.91          1022.55        2979.75         3610.23         5327.72  
    0.113       633.90          1013.17        3035.37         3591.59         4146.90  
    0.119       660.37          1005.07        3045.28         3591.75         3728.41  
    0.125       644.56          1008.64        2999.22         3591.18         4256.14  
    0.131       628.07          1008.12        2875.61         3590.18         5341.57  
    0.138       617.29          1000.79        2932.45         3579.36         5500.00  
    0.144       613.84          997.51        3059.51         3587.07         5153.91  
    0.150       613.49          999.74        2931.81         3596.77         4799.39  
    0.156       605.29          993.92        2898.60         3570.68         4619.35  
    0.163       604.62          983.75        2934.88         3576.68         4671.05  
    0.169       606.63          992.19        2913.30         3575.55         4724.16  
    0.175       598.96          991.16        2894.50         3576.50         4885.21  
    0.181       592.79          987.28        2899.14         3569.49         5366.38  
    0.188       594.65          986.25        2884.09         3559.52         5491.63  
    0.194       599.18          981.01        2886.13         3543.17         4998.98  
    0.200       604.42          978.84        2892.72         3567.21         4620.25  
    0.206       606.62          969.37        2887.15         3574.50         4438.23  
    0.213       612.03          966.00        2887.97         3585.46         4509.67  
    0.219       618.58          967.48        2891.14         3608.80         4443.58  
    0.225       618.87          969.05        2886.73         3622.80         4384.56  
    0.231       620.40          969.02        2882.21         3664.54         4372.34  
    0.238       621.97          966.34        2897.44         3677.06         4490.25  
    0.244       624.56          972.77        2904.89         3641.22         4469.83  
    0.250       624.44          983.97        2898.28         3599.11         4475.87  
    0.256       621.72          990.41        2889.65         3538.51         4495.07  
    0.263       620.30          989.82        2897.43         3546.36         4447.00  
    0.269       621.52          984.02        2885.24         3678.89         4495.47  
    0.275       622.97          985.13        2870.52         3657.79         4685.99  
    0.281       623.79          988.18        2862.01         3505.79         4726.92  
    0.288       623.27          987.76        2861.29         3462.60         4700.70  
    0.294       624.89          990.02        2870.91         3476.86         4698.77  
    0.300       632.45          994.61        2883.44         3508.93         4740.15  
    0.306       639.38          999.66        2885.26         3501.88         4515.25  
    0.312       647.28          1000.22        2883.78         3488.17         4366.21  
    0.319       655.58          1003.94        2888.97         3512.20         4398.37  
    0.325       662.20          1010.43        2880.56         3531.00         4403.50  
    0.331       671.63          1027.35        2878.17         3526.15         4383.09  
    0.338       683.77          1034.21        2889.90         3610.38         4427.37  
    0.344       688.20          1032.67        2848.50         3655.41         4389.22  
    0.350       695.54          1036.02        2753.78         3667.19         4443.26  
    0.356       702.47          1041.32        2725.79         3606.09         4439.21  
    0.363       704.09          1053.06        2713.59         3574.89         4417.14  
    0.369       707.01          1058.27        2682.88         3573.31         4427.63  
    0.375       717.65          1070.45        2643.00         3611.97         4478.34  
    0.381       746.67          1088.86        2615.08         3641.60         4515.49  
    0.388       765.24          1088.81        2607.72         3645.95         4489.89  
    0.394       745.03          1080.57        2584.85         3650.97         4537.35  
    0.400       748.94          1089.80        2544.87         3663.62         4491.81  
    0.406       749.76          1102.81        2499.28         3648.57         4511.95  
    0.413       706.81          1115.26        2471.15         3629.33         4579.35  
    0.419       663.21          1108.94        2482.07         3642.49         4547.73  
    0.425       601.03          1046.48        2451.77         3643.54         4512.75  
    0.431       533.08          1065.14        2468.99         3659.01         4560.25  
    0.438       450.35          1075.46        2548.18         3730.06         4578.42  
    0.444       410.17          1063.01        2569.66         3788.11         4721.86  
    0.450       390.06          1071.03        2571.38         3775.91         4835.56  
    0.456       363.10          1077.11        2466.82         3565.51         4731.10  
    0.463       49.28          147.86        1217.67         2640.31         3730.42  
    0.469       0          839.43        2028.01         2683.52         4471.40  
    0.475       0          968.68        2065.94         2884.05         4610.58  
    0.481       0          987.87        2060.75         2845.76         4285.53  
    0.488       0          1012.34        2068.89         2873.44         4314.43  
    0.494       0          1029.88        2077.23         2959.70         4376.44  
    