0.025       627.29          926.42        2299.00         3407.23         4935.38  
    0.031       605.28          1010.70        2277.03         3459.27         5236.50  
    0.038       615.30          1196.41        2287.44         3494.89         5476.47  
    0.044       664.66          1034.71        2324.46         3580.27         5500.00  
    0.050       611.87          1066.09        2300.34         3151.06         4902.04  
    0.056       612.96          1080.91        2281.93         3122.49         4735.50  
    0.062       604.79          1091.04        2269.61         3176.66         4696.69  
    0.069       593.80          1065.62        2316.46         3092.02         4702.25  
    0.075       582.98          1064.59        2301.09         3192.69         4681.06  
    0.081       568.09          1107.54        2269.78         3130.03         4632.04  
    0.088       571.02          1131.59        2281.66         3357.12         4614.52  
    0.094       587.22          1094.37        2303.97         3424.40         4613.75  
    0.100       601.24          1107.88        2299.77         3364.56         4522.80  
    0.106       609.68          1152.28        2268.46         3529.73         4483.12  
    0.113       607.68          1157.48        2295.40         3506.76         4472.74  
    0.119       607.65          1143.80        2311.76         3593.21         4476.07  
    0.125       607.45          1140.87        2288.38         3604.39         4469.74  
    0.131       611.01          1143.29        2251.03         3569.10         4452.13  
    0.138       619.20          1159.85        2250.59         3548.27         4423.54  
    0.144       621.75          1168.53        2263.37         3556.47         4400.19  
    0.150       623.30          1163.61        2262.96         3566.50         4318.82  
    0.156       626.99          1145.04        2254.09         3568.49         4310.47  
    0.163       631.99          1169.23        2242.51         3580.81         4315.14  
    0.169       636.42          1196.38        2239.43         3570.28         4303.86  
    0.175       634.39          1200.69        2229.90         3561.46         4282.26  
    0.181       637.61          1198.87        2235.40         3555.98         4166.39  
    0.188       646.22          1209.64        2242.53         3553.28         4154.04  
    0.194       651.04          1235.78        2244.36         3542.60         4246.84  
    0.200       651.90          1241.63        2241.37         3545.79         4270.59  
    0.206       652.37          1261.93        2240.64         3534.21         4252.21  
    0.213       660.75          1297.11        2243.65         3538.40         4180.35  
    0.219       665.94          1326.25        2248.15         3533.87         4256.61  
    0.225       671.61          1319.59        2255.52         3528.53         4326.44  
    0.231       679.45          1319.73        2257.24         3546.74         4351.00  
    0.238       683.49          1347.15        2260.81         3558.86         4363.38  
    0.244       685.69          1354.03        2262.31         3560.70         4367.22  
    0.250       686.30          1389.35        2264.36         3545.91         4364.97  
    0.256       689.11          1426.26        2265.09         3539.79         4326.94  
    0.263       703.49          1400.82        2260.13         3518.82         4261.62  
    0.269       701.56          1369.72        2260.38         3498.30         4309.31  
    0.275       698.02          1362.38        2276.70         3446.34         4348.00  
    0.281       708.49          1331.61        2280.08         3449.56         4347.77  
    0.288       710.43          1334.82        2288.06         3477.42         4320.25  
    0.294       710.35          1328.70        2293.15         3462.49         4326.60  
    0.300       700.41          1308.53        2304.26         3442.28         4313.36  
    0.306       697.64          1319.39        2310.26         3435.06         4297.85  
    0.312       696.89          1341.44        2300.10         3458.01         4326.64  
    0.319       699.05          1340.77        2293.53         3472.07         4319.97  
    0.325       690.17          1345.94        2280.26         3466.67         4239.32  
    0.331       680.03          1323.05        2280.26         3480.23         4206.84  
    0.338       677.22          1291.75        2277.51         3480.66         4234.00  
    0.344       678.13          1218.28        2283.71         3470.11         4299.32  
    0.350       667.48          1218.62        2297.17         3467.80         4340.48  
    0.356       667.71          1254.74        2318.64         3475.75         4369.84  
    0.363       678.07          1249.75        2308.47         3488.81         4359.02  
    0.369       685.05          1221.39        2270.60         3471.48         4336.43  
    0.375       683.98          1204.86        2260.04         3457.55         4377.55  
    0.381       673.20          1218.44        2289.93         3453.43         4370.05  
    0.388       657.56          1212.19        2303.11         3445.98         4340.68  
    0.394       646.98          1253.29        2277.57         3486.30         4257.10  
    0.400       651.02          1280.25        2264.28         3502.49         4252.07  
    0.406       677.11          1268.22        2255.21         3482.15         4329.52  
    0.413       660.22          1187.66        2286.81         3472.06         4359.37  
    0.419       605.51          1099.48        2297.95         3468.50         4409.62  
    0.425       518.43          987.03        2275.82         3481.69         4500.54  
    0.431       546.22          1031.33        2241.82         3558.81         4586.67  
    0.438       562.29          1115.78        2253.75         3564.99         4702.14  
    0.444       548.97          1095.61        2263.13         3560.13         4708.21  
    