0.025       774.35          1315.15        2646.59         4029.80         5500.00  
    0.031       698.40          1516.09        2659.66         3984.45         5389.59  
    0.038       640.39          1702.75        2611.07         3886.39         5351.99  
    0.044       644.07          1933.37        2456.53         3790.08         5183.54  
    0.050       689.93          1530.78        2504.06         3841.21         5066.33  
    0.056       217.03          403.72        1356.60         3017.29         4318.00  
    0.062       252.45          586.16        2072.65         3619.23         4747.93  
    0.069       417.48          835.50        2567.86         4028.17         5048.33  
    0.075       472.36          835.75        2538.57         3955.50         4994.48  
    0.081       517.68          849.09        2802.20         3890.12         4915.79  
    0.088       556.22          874.77        3046.26         3833.82         4901.28  
    0.094       573.83          887.77        3218.66         3793.45         4882.91  
    0.100       582.37          892.05        3245.42         3777.40         4758.50  
    0.106       587.05          894.30        3308.85         3769.54         4764.52  
    0.113       595.38          896.07        3275.94         3789.64         4895.21  
    0.119       605.17          900.59        3262.40         3793.42         4864.50  
    0.125       605.99          910.98        3588.67         3754.74         4737.36  
    0.131       607.26          909.22        3381.53         3800.50         4866.38  
    0.138       606.01          886.88        3081.49         3824.30         4952.68  
    0.144       604.52          867.54        2971.68         3825.58         4919.57  
    0.150       590.30          875.97        2891.93         3857.01         4978.48  
    0.156       579.48          888.19        2893.71         3891.53         4979.58  
    0.163       608.41          911.12        2812.88         3859.02         4954.50  
    0.169       640.05          921.78        2320.27         3788.46         4958.86  
    0.175       198.80          283.05        1107.35         2551.50         4073.89  
    0.181       0          465.73        1592.80         3026.33         4390.03  
    0.188       246.54          669.52        2065.09         3614.22         4796.21  
    0.194       109.11          672.49        2065.50         3458.25         4767.31  
    0.200       0          676.08        2083.02         3568.18         4768.05  
    0.206       0          690.95        2113.14         3685.97         4960.27  
    0.213       0          712.16        2140.43         3773.13         5358.61  
    0.219       0          220.53        1159.71         2667.19         4367.88  
    0.225       0          0        719.39         2156.79         3817.54  
    0.231       248.88          497.34        1721.35         3316.50         4590.00  
    0.238       110.15          220.12        1162.21         2670.32         4199.39  
    0.244       0          0        712.32         2160.14         3925.44  
    0.250       143.15          489.81        1708.75         3381.22         4615.46  
    0.256       63.36          216.78        1152.18         2668.14         4131.55  
    0.263       496.68          527.11        1731.73         3316.63         4614.98  
    0.269       682.05          736.83        2207.82         3761.65         4978.82  
    0.275       616.69          724.55        2197.84         3747.89         4941.25  
    0.281       672.22          738.56        2160.89         3806.56         4906.93  
    0.288       558.64          716.06        2125.04         3832.07         5021.27  
    0.294       151.30          215.74        1136.57         2611.74         4232.06  
    0.300       483.73          584.63        1736.36         3276.02         4624.18  
    0.306       685.46          900.53        2407.10         3826.50         4845.69  
    0.312       668.04          913.09        2418.74         3885.80         4892.09  
    0.319       670.08          916.43        2335.69         3936.27         5141.42  
    0.325       676.99          901.90        2299.23         3948.08         5129.18  
    0.331       651.35          901.37        2380.35         3950.75         5015.42  
    0.338       629.94          905.25        2495.06         3943.42         4998.59  
    0.344       618.31          901.97        2555.70         3946.52         4997.96  
    0.350       613.71          905.49        2619.37         3890.01         4934.89  
    0.356       616.43          907.75        2546.76         3870.00         4927.64  
    0.363       623.34          909.42        2485.37         3885.54         5020.77  
    0.369       637.62          911.01        2533.77         3880.68         4993.26  
    0.375       654.62          908.45        2507.42         3870.06         4884.49  
    0.381       679.12          895.05        2436.26         3875.14         4895.06  
    0.388       686.21          900.65        2448.13         3915.25         5079.75  
    0.394       659.51          921.17        2562.88         3917.13         5004.58  
    0.400       629.90          929.56        2691.71         3846.40         4868.26  
    0.406       616.60          936.63        2750.31         3793.47         4864.44  
    0.413       614.39          947.17        2723.41         3780.27         4842.15  
    0.419       625.11          957.86        2828.12         3730.54         4851.46  
    0.425       628.41          966.56        2857.38         3694.35         4920.53  
    0.431       616.44          967.78        2730.84         3692.08         4921.19  
    0.438       626.94          948.27        2665.64         3673.62         4886.26  
    0.444       653.45          919.42        2634.49         3708.93         4887.20  
    0.450       656.22          910.74        2677.02         3787.92         4950.72  
    0.456       648.46          905.49        2702.77         4061.89         4957.51  
    0.463       198.25          732.33        1516.85         3750.56         4854.62  
    0.469       442.22          835.97        2809.83         3915.11         4875.38  
    0.475       630.77          895.64        3487.30         3773.46         4934.42  
    0.481       614.35          850.14        3369.81         3661.42         4971.05  
    0.488       552.09          745.36        3079.98         3681.10         4992.08  
    0.494       498.67          713.72        2683.42         3665.50         5013.42  
    0.500       443.05          892.65        2520.40         3691.81         5046.58  
    0.506       410.74          989.21        2594.13         3719.25         5097.23  
    0.513       411.87          888.27        2728.20         3736.19         5145.42  
    0.519       392.44          748.82        2655.12         3770.07         5137.64  
    0.525       486.10          701.39        2550.22         3824.85         5164.32  
    0.531       546.19          680.76        2508.84         3841.92         5164.51  
    0.537       530.41          657.38        2572.89         3812.90         5127.03  
    0.544       159.73          199.56        1282.55         2950.59         4236.54  
    0.550       412.95          471.97        2078.32         3496.93         4718.08  
    0.556       631.75          740.76        2708.10         3915.10         5082.25  
    0.562       563.35          1000.04        2637.29         3903.08         5043.34  
    0.569       547.67          846.32        2544.46         3913.78         4987.84  
    