0.025       0          865.72        2298.09         3318.78         4722.92  
    0.031       0          845.65        2258.67         3289.43         4693.65  
    0.038       0          828.78        2521.80         3065.11         4994.16  
    0.044       489.53          884.98        2605.99         3316.89         5183.43  
    0.050       781.27          934.21        2581.35         3470.93         5225.17  
    0.056       787.98          893.41        2673.48         3424.05         5197.71  
    0.062       806.90          856.86        2650.46         3563.20         5098.77  
    0.069       821.44          891.46        2755.87         3503.13         5146.55  
    0.075       822.00          930.98        2776.85         3825.63         5226.34  
    0.081       806.03          957.21        2626.41         4121.64         5272.61  
    0.088       797.50          939.47        2535.69         3952.24         5305.36  
    0.094       789.81          912.95        2507.75         3941.29         5188.33  
    0.100       788.97          917.82        2588.70         3963.81         5068.30  
    0.106       801.28          915.05        2620.40         3903.54         5121.35  
    0.113       820.11          901.25        2629.36         3980.70         5187.89  
    0.119       831.91          906.21        2744.77         3870.56         5113.81  
    0.125       825.75          922.59        2746.66         3733.57         5051.96  
    0.131       804.59          928.78        2576.55         3851.95         4987.45  
    0.138       768.30          945.56        2501.10         4071.34         4955.86  
    0.144       775.73          932.40        2610.93         4180.09         4966.15  
    0.150       814.72          883.39        2698.86         4146.66         5294.72  
    0.156       794.26          851.99        2617.70         4173.14         5309.00  
    0.163       790.07          854.55        2540.03         4175.86         5064.94  
    0.169       763.96          871.37        2501.49         3990.22         4985.93  
    0.175       732.48          892.34        2453.80         3829.72         4983.01  
    0.181       692.83          885.40        2421.71         3776.36         5026.10  
    0.188       259.95          339.27        1478.97         2929.70         4272.58  
    0.194       0          0        888.49         2410.09         3805.71  
    0.200       366.19          554.50        1857.67         3231.90         4455.67  
    0.206       633.65          918.41        2489.82         3672.13         4855.89  
    0.213       671.47          923.56        2511.44         3577.31         4910.96  
    0.219       708.74          918.42        2502.10         3584.20         5036.36  
    0.225       707.17          917.74        2476.47         3654.81         5066.36  
    0.231       717.80          908.45        2476.52         3823.18         5072.93  
    0.238       738.15          894.27        2513.72         3918.98         5056.28  
    0.244       769.84          892.33        2535.38         3971.06         5034.18  
    0.250       775.82          902.24        2515.17         4077.14         5015.99  
    0.256       783.83          932.84        2560.56         4258.22         5038.07  
    0.263       783.07          950.44        2689.26         4276.90         5103.95  
    0.269       300.88          368.68        1630.50         3739.53         4128.88  
    0.275       0          575.34        1589.36         3409.69         4414.55  
    0.281       0          981.15        1832.36         3399.69         5049.75  
    0.288       0          965.48        1872.83         3419.49         5092.73  
    0.294       0          948.46        2000.33         3441.41         5111.73  
    