0.025       690.10          1393.22        2717.40         4734.20         4918.48  
    0.031       670.27          1357.64        2658.13         4750.51         4934.96  
    0.038       647.73          1098.92        2618.87         4757.27         4924.65  
    0.044       621.16          839.22        2762.86         4688.44         4863.15  
    0.050       601.12          771.61        2912.33         4433.80         4861.24  
    0.056       609.41          763.33        2962.74         4238.22         4885.31  
    0.062       642.07          754.05        2959.50         4186.73         4848.96  
    0.069       663.53          766.32        2944.90         4173.97         4797.24  
    0.075       662.83          802.82        2936.05         4194.51         4806.67  
    0.081       650.96          835.80        2928.91         4163.90         4793.53  
    0.088       634.65          894.00        2883.03         4080.73         4726.68  
    0.094       624.13          1052.02        2690.39         4095.68         4720.71  
    0.100       620.30          1223.73        2451.62         4146.40         4751.58  
    0.106       620.56          1156.32        2327.29         4146.74         4712.52  
    0.113       622.37          1049.71        2191.91         4195.87         4780.40  
    0.119       273.29          457.89        1276.52         2969.65         4458.03  
    0.125       354.39          373.82        1382.90         3084.00         4670.44  
    0.131       631.51          859.24        1986.14         3974.44         5077.65  
    0.138       636.04          995.60        2048.82         4060.97         4963.15  
    0.144       646.08          938.79        2180.10         4145.06         4697.90  
    0.150       656.38          920.41        2294.22         4179.73         4626.62  
    0.156       666.53          953.76        2359.07         4196.72         4887.35  
    0.163       680.99          919.38        2417.27         4224.94         4911.26  
    0.169       688.82          855.56        2533.20         4297.64         4717.03  
    0.175       662.88          836.39        2703.09         4299.22         4765.44  
    0.181       628.12          839.61        2836.08         4260.29         4884.74  
    0.188       617.85          843.85        2858.44         4225.20         4944.62  
    0.194       622.77          847.36        2864.28         4225.08         5009.38  
    0.200       630.69          847.85        2913.47         4271.44         4995.70  
    0.206       637.91          844.19        2975.41         4292.05         4947.20  
    0.213       642.53          842.62        3040.64         4317.38         4932.35  
    0.219       646.18          839.82        3087.35         4337.47         4917.72  
    0.225       651.29          843.23        3055.61         4310.63         4927.07  
    0.231       660.69          845.96        3034.13         4365.95         4973.44  
    0.238       669.43          843.85        3069.26         4460.07         5007.87  
    0.244       668.48          857.73        3067.56         4405.94         4996.95  
    0.250       664.26          875.07        3038.05         4380.66         4977.20  
    0.256       662.78          887.52        3029.96         4490.17         4964.13  
    0.263       662.07          894.81        3021.58         4553.07         4970.93  
    0.269       664.59          897.91        2990.92         4545.80         4976.77  
    0.275       669.87          908.43        2963.89         4549.36         5000.27  
    0.281       673.79          919.95        2948.39         4479.68         5005.21  
    0.288       677.18          935.98        2921.86         4455.26         4976.40  
    0.294       680.15          949.16        2889.87         4621.59         4977.33  
    0.300       680.42          957.86        2856.87         4750.74         5275.36  
    0.306       679.34          962.99        2809.64         4695.71         5217.40  
    0.312       679.53          956.17        2699.80         4630.85         5013.23  
    0.319       677.83          950.08        2633.46         4725.40         5014.52  
    0.325       673.05          952.20        2701.29         4726.96         4980.72  
    0.331       670.40          958.56        2772.82         4683.94         4980.81  
    0.338       671.56          963.68        2775.18         4453.21         4995.85  
    0.344       672.76          961.43        2753.38         4199.33         5011.89  
    0.350       672.14          949.98        2680.59         4187.12         5060.38  
    0.356       671.72          945.49        2594.29         4272.66         5090.00  
    0.363       672.01          952.50        2570.61         4301.64         5101.38  
    0.369       669.05          956.19        2573.03         4288.27         5122.93  
    0.375       663.87          957.39        2586.45         4303.41         5127.70  
    0.381       660.05          959.55        2620.11         4273.05         5124.26  
    0.388       667.98          964.75        2679.87         4213.65         5137.61  
    0.394       691.47          973.32        2746.65         4718.62         5345.34  
    0.400       688.76          969.41        2744.11         5134.12         5500.00  
    0.406       653.35          962.68        2714.67         5049.49         5307.25  
    0.413       671.27          990.21        2628.31         4544.59         5151.90  
    