0.025       0          835.24        1909.66         3077.92         4349.65  
    0.031       491.00          1198.75        2319.64         3540.29         5023.17  
    0.038       838.30          1370.54        2584.68         3870.70         5500.00  
    0.044       347.40          1060.03        2218.86         3204.35         4874.63  
    0.050       468.57          1424.52        2596.43         3302.94         4684.64  
    0.056       705.42          1202.61        2529.06         3722.03         4835.13  
    0.062       661.27          928.37        1863.68         3687.21         4835.89  
    0.069       280.86          857.29        1350.29         3536.64         4895.88  
    0.075       404.47          945.41        1928.63         3466.75         4935.47  
    0.081       701.81          1105.44        2477.52         3620.87         4979.29  
    0.088       720.83          1151.20        2422.26         3813.97         5295.44  
    0.094       727.09          1220.86        2351.78         3792.12         5224.71  
    0.100       724.82          1267.92        2311.94         3696.21         5075.79  
    0.106       721.56          1287.09        2289.91         3651.82         5009.36  
    0.113       719.18          1304.67        2278.67         3652.98         4950.26  
    0.119       717.02          1318.07        2264.53         3682.69         4929.91  
    0.125       716.81          1323.65        2237.78         3713.05         4869.36  
    0.131       719.41          1326.31        2219.60         3742.21         4801.26  
    0.138       723.60          1317.01        2199.20         3722.94         4787.19  
    0.144       723.98          1311.63        2215.37         3671.27         4854.22  
    0.150       715.72          1312.82        2247.41         3651.54         4889.47  
    0.156       710.06          1328.96        2264.36         3639.61         4904.64  
    0.163       711.89          1354.73        2266.84         3648.24         5005.77  
    0.169       715.13          1387.16        2238.96         3674.42         5011.64  
    0.175       712.29          1368.68        2212.97         3674.97         4963.60  
    0.181       710.39          1318.46        2210.78         3660.63         4944.42  
    0.188       712.79          1289.50        2218.02         3651.57         4953.00  
    0.194       711.65          1268.45        2229.09         3628.12         4998.63  
    0.200       711.07          1251.55        2254.95         3613.22         5060.51  
    0.206       709.67          1239.15        2270.02         3602.46         5079.88  
    0.213       707.55          1234.79        2291.12         3614.24         5099.65  
    0.219       706.75          1232.00        2330.46         3678.40         5123.50  
    0.225       717.50          1234.35        2370.54         3741.31         5131.53  
    0.231       728.54          1235.75        2400.48         3803.49         5134.31  
    0.238       727.12          1201.32        2404.54         3798.67         5348.43  
    0.244       727.60          1158.42        2389.17         3770.17         5359.92  
    0.250       723.34          1151.03        2374.35         3753.10         5276.87  
    0.256       722.27          1158.23        2386.24         3778.77         5412.24  
    0.263       726.13          1197.26        2351.14         3783.68         5500.00  
    0.269       727.67          1224.77        2326.61         3777.40         5381.64  
    0.275       732.17          1204.06        2330.85         3813.44         5416.20  
    0.281       730.84          1192.18        2317.92         3819.23         5500.00  
    0.288       727.33          1197.09        2319.30         3789.05         5500.00  
    0.294       731.17          1207.81        2323.72         3783.76         5500.00  
    0.300       740.61          1237.37        2346.40         3824.11         5500.00  
    0.306       744.44          1239.24        2398.18         3867.55         5500.00  
    0.312       744.46          1215.69        2430.18         3878.92         5500.00  
    0.319       746.22          1204.72        2418.80         3876.39         5500.00  
    0.325       745.13          1218.99        2390.49         3869.25         5500.00  
    0.331       747.60          1239.26        2334.59         3853.09         5184.50  
    0.338       751.05          1239.82        2286.71         3839.41         5138.25  
    0.344       750.37          1219.87        2300.08         3852.97         5123.86  
    0.350       756.62          1207.00        2328.25         3889.40         4940.45  
    0.356       760.09          1183.15        2356.72         3885.70         4891.27  
    0.363       758.57          1177.46        2371.22         3857.61         4991.25  
    0.369       756.61          1172.36        2349.91         3833.41         5085.89  
    0.375       751.44          1167.71        2333.34         3831.44         5086.78  
    0.381       751.09          1185.33        2339.51         3843.33         5096.57  
    0.388       752.42          1196.80        2351.81         3845.78         5139.14  
    0.394       748.90          1181.28        2366.35         3840.38         5157.23  
    0.400       751.96          1159.13        2377.17         3834.29         5088.25  
    0.406       756.59          1186.26        2345.29         3831.19         5014.99  
    0.413       763.82          1250.64        2296.12         3834.62         4987.07  
    0.419       776.68          1285.12        2282.55         3835.19         4969.31  
    0.425       797.65          1303.61        2276.46         3858.37         4981.92  
    0.431       815.33          1349.29        2265.35         3871.88         5041.72  
    0.438       820.51          1348.08        2260.06         3849.17         5123.15  
    0.444       818.95          1263.84        2281.66         3848.89         5358.19  
    0.450       815.73          1197.48        2352.05         3876.11         5500.00  
    0.456       816.95          1094.11        2417.63         3857.09         5227.45  
    0.463       814.52          991.92        2505.73         3837.67         4892.74  
    0.469       805.08          928.12        2588.39         3845.52         4695.47  
    0.475       808.23          852.81        2598.18         3846.08         4691.61  
    0.481       737.30          824.88        2583.04         3828.98         4906.41  
    0.488       594.49          834.13        2564.28         3792.69         5016.19  
    0.494       482.67          847.31        2576.31         3792.15         4913.60  
    0.500       424.11          870.07        2623.30         3811.26         4884.81  
    0.506       403.56          902.76        2662.62         3867.77         5256.41  
    0.513       166.21          573.55        1666.31         3221.50         4720.23  
    0.519       0          310.69        953.40         2683.72         4140.81  
    0.525       166.29          675.60        1919.67         3441.02         4928.57  
    0.531       285.52          918.78        2505.14         3960.17         5328.06  
    0.537       298.89          903.64        2495.38         4036.52         5378.27  
    0.544       317.65          918.58        2494.04         4107.58         5148.05  
    0.550       315.91          937.74        2468.90         3945.02         4866.28  
    0.556       307.48          944.44        2504.26         3868.86         4814.81  
    0.562       304.31          965.09        2535.58         4185.82         4594.55  
    0.569       304.55          980.35        2517.35         4217.33         4488.46  
    0.575       317.60          1008.15        2531.37         4104.66         4439.48  
    