0.025       531.35          1053.16        2099.74         3678.79         3871.97  
    0.031       546.85          1012.26        1895.67         3563.65         3887.72  
    0.038       577.77          1014.80        1910.56         3546.73         3807.09  
    0.044       613.42          1027.10        2510.28         3652.43         3879.55  
    0.050       633.24          1050.51        2846.99         3699.72         4011.42  
    0.056       646.80          1058.26        2951.69         3722.15         4114.34  
    0.062       663.60          1066.01        2982.40         3763.20         4129.88  
    0.069       679.49          1083.61        2892.72         3806.95         4030.39  
    0.075       687.38          1082.00        2836.28         3812.55         3972.29  
    0.081       690.90          1066.43        2849.09         3853.11         3896.76  
    0.088       693.84          1057.20        2882.07         3826.99         3932.14  
    0.094       704.44          1063.63        2911.44         3804.90         4211.73  
    0.100       702.76          1076.67        2918.62         3815.22         4802.49  
    0.106       700.12          1089.99        2927.15         3800.05         5252.86  
    0.113       709.38          1100.63        2926.37         3793.10         4629.54  
    0.119       739.61          1129.93        2897.88         3810.77         5232.21  
    0.125       764.17          1156.26        2861.27         3889.17         5500.00  
    0.131       794.89          1214.14        2759.41         3904.78         5500.00  
    0.138       814.98          1279.13        2616.91         3930.57         4964.61  
    0.144       822.72          1244.65        2443.49         3973.30         4237.57  
    0.150       813.14          1161.45        2280.45         3934.21         4267.76  
    0.156       794.94          1129.57        2200.18         3869.47         4367.44  
    0.163       783.43          1113.36        2208.73         3805.60         4332.86  
    0.169       808.00          1145.01        2390.32         3822.39         4312.56  
    0.175       840.83          1216.89        2562.03         3903.30         4096.71  
    0.181       856.01          1266.19        2603.69         3986.18         4021.06  
    0.188       858.13          1283.96        2526.93         3681.99         4165.64  
    0.194       843.91          1245.50        2397.66         3663.69         4204.05  
    0.200       849.76          1325.79        2458.32         3788.08         4054.67  
    0.206       829.46          1193.54        2356.76         3791.32         4265.58  
    0.213       809.19          1136.48        2342.10         3858.16         4158.15  
    0.219       819.83          1192.73        2394.91         3567.78         4220.76  
    0.225       813.04          1162.71        2322.88         3577.19         4297.93  
    0.231       819.20          1216.12        2505.62         3943.65         4143.34  
    0.238       816.25          1224.94        2703.73         4050.37         4362.31  
    0.244       790.29          1193.45        2700.83         3968.82         4232.36  
    0.250       776.77          1151.73        2645.18         3848.69         4240.92  
    0.256       771.53          1135.52        2718.28         3887.97         4228.38  
    0.263       755.95          1126.94        2781.66         4001.32         4130.87  
    0.269       738.11          1112.60        2848.39         3905.85         5160.20  
    0.275       719.33          1077.63        2900.67         3804.59         5396.31  
    0.281       712.95          1070.78        2899.96         3756.64         4741.50  
    0.288       715.06          1070.71        2887.71         3766.42         4323.48  
    0.294       720.72          1060.90        2859.13         3770.59         3953.95  
    0.300       716.52          1044.69        2851.50         3714.59         3887.16  
    0.306       710.94          1031.02        2854.85         3704.38         3786.43  
    0.312       716.40          1041.27        2848.02         3693.68         3782.21  
    0.319       719.93          1050.13        2850.37         3683.61         3841.77  
    0.325       721.00          1054.53        2867.37         3700.20         3820.66  
    0.331       720.49          1058.63        2881.13         3695.55         3840.15  
    0.338       718.92          1057.28        2866.32         3681.41         3835.09  
    0.344       718.14          1056.90        2846.47         3661.56         3797.06  
    0.350       719.99          1062.64        2844.80         3670.26         3755.68  
    0.356       715.55          1073.73        2832.50         3637.48         3802.17  
    0.363       712.96          1077.64        2850.93         3656.77         3764.55  
    0.369       712.71          1093.68        2858.93         3698.48         3762.58  
    0.375       719.66          1092.92        2837.08         3677.54         3803.57  
    0.381       731.20          1077.63        2850.66         3733.07         3884.86  
    0.388       730.70          1052.69        2860.74         3723.85         3851.46  
    0.394       728.78          1044.84        2878.76         3688.72         3763.77  
    0.400       734.49          1053.07        2923.53         3449.12         3759.28  
    0.406       179.17          814.55        1527.85         2989.02         3719.60  
    0.413       541.86          983.00        1874.47         3395.67         3727.94  
    0.419       722.51          1082.83        2694.24         3583.50         3738.24  
    0.425       739.09          1027.12        2581.18         3676.27         4484.81  
    0.431       726.68          957.12        2481.91         3697.26         5311.33  
    0.438       632.05          944.34        2524.32         3667.23         5105.30  
    0.444       526.50          949.37        2378.40         3612.98         4976.82  
    0.450       122.09          231.30        1326.01         2504.15         3913.70  
    0.456       0          0        992.47         2079.67         3606.70  
    0.463       0          753.28        1824.85         3211.43         4607.52  
    0.469       0          1018.46        2151.03         3723.10         4939.85  
    