0.025       598.84          963.22        2278.82         3471.34         5276.70  
    0.031       618.31          1131.51        2309.21         3525.82         5461.37  
    0.038       621.85          1012.06        2339.91         3562.70         5325.73  
    0.044       583.06          927.99        2303.98         3469.08         4933.09  
    0.050       589.56          912.89        2283.34         3460.16         4777.37  
    0.056       588.19          975.77        2273.07         3487.16         4739.31  
    0.062       566.07          986.32        2316.69         3544.16         4713.44  
    0.069       560.66          973.75        2301.70         3635.68         4690.56  
    0.075       543.22          952.38        2274.59         3593.84         4655.07  
    0.081       555.77          978.81        2291.75         3614.98         4664.21  
    0.088       571.50          977.87        2313.94         3600.32         4657.56  
    0.094       580.02          968.62        2302.99         3599.28         4605.24  
    0.100       579.10          989.55        2269.04         3765.15         4558.42  
    0.106       568.57          986.73        2287.61         3732.84         4556.99  
    0.113       574.37          980.50        2303.33         3711.53         4589.22  
    0.119       583.01          966.08        2276.29         3670.12         4561.46  
    0.125       596.10          925.51        2239.61         3612.24         4535.13  
    0.131       616.08          905.57        2244.69         3568.82         4579.24  
    0.138       615.14          928.00        2266.32         3558.68         4600.97  
    0.144       617.29          930.95        2274.37         3553.38         4454.88  
    0.150       627.24          901.66        2264.86         3546.30         4353.55  
    0.156       631.26          918.17        2249.59         3560.72         4353.50  
    0.163       635.85          956.20        2246.05         3555.99         4412.74  
    0.169       630.02          963.84        2241.33         3533.86         4344.36  
    0.175       633.73          959.16        2244.15         3521.26         4211.92  
    0.181       639.11          998.04        2248.86         3521.74         4392.89  
    0.188       636.14          1030.56        2249.45         3511.11         4359.23  
    0.194       629.08          1056.67        2246.89         3517.10         4327.37  
    0.200       622.88          1086.75        2248.13         3509.32         4294.81  
    0.206       630.19          1097.56        2254.12         3531.52         4277.15  
    0.213       631.79          1121.94        2259.43         3513.09         4339.29  
    0.219       633.57          1117.32        2261.81         3509.08         4372.67  
    0.225       644.29          1120.51        2261.54         3532.54         4407.29  
    0.231       653.73          1143.07        2264.17         3553.43         4451.14  
    0.238       659.56          1152.27        2263.58         3585.92         4546.16  
    0.244       654.31          1169.58        2267.10         3565.31         4526.07  
    0.250       655.17          1196.75        2265.57         3533.48         4455.30  
    0.256       667.03          1172.55        2260.32         3516.76         4466.03  
    0.263       664.43          1161.00        2261.49         3507.43         4460.97  
    0.269       662.06          1176.75        2280.43         3456.02         4454.84  
    0.275       688.14          1098.09        2281.70         3470.97         4443.59  
    0.281       684.58          1088.63        2288.87         3490.03         4399.82  
    0.288       678.33          1105.01        2293.30         3489.18         4425.84  
    0.294       673.60          1101.23        2305.34         3476.94         4415.04  
    0.300       670.44          1123.54        2310.84         3452.87         4428.07  
    0.306       674.06          1065.17        2297.95         3468.71         4393.39  
    0.312       687.53          1029.97        2290.95         3482.75         4408.85  
    0.319       687.64          916.24        2278.28         3482.00         4493.33  
    0.325       676.22          886.20        2281.00         3492.37         4476.59  
    0.331       667.02          972.63        2278.71         3497.44         4486.95  
    0.338       667.25          994.27        2286.46         3485.92         4453.58  
    0.344       645.49          1035.56        2303.88         3463.86         4426.25  
    0.350       641.65          1038.36        2324.56         3463.52         4417.40  
    0.356       647.83          1036.75        2308.79         3469.97         4392.75  
    0.363       649.82          1044.51        2277.86         3435.75         4399.99  
    0.369       627.65          1092.87        2269.35         3432.12         4413.69  
    0.375       610.76          1125.72        2297.22         3447.79         4422.79  
    0.381       593.73          1128.41        2308.76         3448.39         4369.72  
    0.388       602.72          1158.22        2289.56         3479.59         4332.64  
    0.394       616.62          1182.02        2279.36         3505.42         4388.17  
    0.400       662.68          1052.33        2273.03         3515.74         4404.60  
    0.406       548.87          924.39        2293.39         3518.63         4427.71  
    0.413       338.85          868.70        2304.93         3500.02         4521.24  
    0.419       51.96          149.04        1073.60         2527.99         3685.89  
    0.425       0          0        821.03         2297.66         3565.13  
    0.431       196.68          760.53        2098.96         3274.82         4600.46  
    0.438       250.43          916.11        2375.26         3507.00         4791.19  
    0.444       376.60          861.20        2366.52         3578.84         4745.66  
    0.450       69.63          803.34        2292.21         3617.79         4546.93  
    0.456       0          137.31        1112.60         2504.31         3850.47  
    