0.025       0          566.81        1804.18         3019.04         4152.01  
    0.031       268.51          1156.05        2526.66         3482.39         4732.55  
    0.038       460.69          1663.61        3046.22         3638.33         5070.70  
    0.044       191.89          1022.23        2582.72         3473.86         4938.53  
    0.050       0          523.80        2323.79         3428.94         4799.60  
    0.056       0          502.64        2247.32         3347.19         4556.68  
    0.062       0          561.99        2284.69         2968.17         4205.27  
    0.069       291.07          702.46        2558.57         3634.34         4896.28  
    0.075       527.77          771.22        2672.54         4160.25         5130.95  
    0.081       228.21          322.86        1470.05         3121.33         4225.69  
    0.088       296.47          455.90        1845.69         3308.22         4542.23  
    0.094       508.83          796.94        2715.56         3980.02         5000.19  
    0.100       507.11          809.66        2706.56         4078.88         4925.14  
    0.106       516.12          811.99        2691.92         4138.11         4792.78  
    0.113       530.97          829.47        2695.12         4312.49         4607.12  
    0.119       549.74          837.83        2692.87         4299.51         4615.64  
    0.125       566.79          852.13        2679.64         4104.26         4747.52  
    0.131       572.40          877.94        2668.48         3934.63         4704.63  
    0.138       574.78          898.18        2650.80         3892.91         4640.32  
    0.144       582.37          898.27        2687.75         3894.21         4691.37  
    0.150       589.30          901.48        2722.46         3946.91         4688.69  
    0.156       592.37          912.42        2730.14         4072.85         4635.07  
    0.163       616.56          879.27        2740.50         4225.00         4674.04  
    0.169       636.90          842.56        2738.04         4232.24         4738.85  
    0.175       625.44          860.05        2720.92         4153.99         4834.94  
    0.181       650.34          818.79        2718.62         4097.78         4914.07  
    0.188       677.79          782.99        2736.03         3957.08         4877.81  
    0.194       694.75          788.88        2747.75         4076.48         5014.27  
    0.200       708.67          804.40        2745.13         4310.65         5349.40  
    0.206       710.85          816.23        2731.31         4465.75         4934.49  
    0.213       708.67          818.35        2724.52         4353.09         4583.45  
    0.219       696.30          831.72        2727.36         4351.17         4593.60  
    0.225       689.24          841.16        2715.33         4258.76         4628.64  
    0.231       696.36          845.74        2708.61         4088.66         4711.26  
    0.238       693.61          878.43        2716.89         4051.85         4754.15  
    0.244       682.45          885.42        2723.86         4099.21         4832.29  
    0.250       678.16          881.40        2718.88         4067.93         4885.12  
    0.256       676.95          920.36        2710.18         3856.72         4949.35  
    0.263       676.08          964.41        2715.95         3765.12         4989.92  
    0.269       675.06          1010.98        2724.17         3845.49         4962.51  
    0.275       675.61          1023.32        2729.19         3919.19         4882.53  
    0.281       677.38          1034.30        2736.51         3947.36         4825.58  
    0.288       678.67          1070.24        2752.95         3868.68         4833.64  
    0.294       677.26          1072.25        2752.30         3749.49         4844.85  
    0.300       677.39          1046.28        2735.25         3750.43         4817.52  
    0.306       683.96          1058.87        2713.42         3756.86         4792.14  
    0.312       684.56          1074.53        2703.18         3719.04         4821.34  
    0.319       678.55          1059.01        2705.12         3694.89         4855.98  
    0.325       676.36          1036.60        2713.55         3761.92         4838.97  
    0.331       676.08          1011.47        2712.43         3818.27         4812.31  
    0.338       670.33          1003.21        2699.21         3777.60         4860.78  
    0.344       663.93          1017.43        2689.92         3834.59         4940.36  
    0.350       667.29          1035.74        2696.61         4028.16         4971.36  
    0.356       675.84          1042.19        2706.38         3940.86         4916.17  
    0.363       676.82          1031.76        2705.42         3772.78         4870.56  
    0.369       673.37          1013.39        2708.40         3741.13         4914.68  
    0.375       673.84          1007.88        2718.91         3803.98         4988.14  
    0.381       672.70          1006.48        2729.85         3817.79         5034.81  
    0.388       674.34          1017.66        2730.77         3785.95         5033.81  
    0.394       675.23          1027.39        2729.80         3849.38         4989.73  
    0.400       676.58          1026.99        2730.17         3977.16         4972.18  
    0.406       675.99          1025.46        2714.95         3980.25         4936.24  
    0.413       674.29          1020.26        2699.12         4018.29         4905.34  
    0.419       679.23          1010.19        2684.09         4305.60         4885.69  
    0.425       682.58          999.61        2691.82         4676.14         4845.39  
    0.431       680.74          998.95        2734.30         4617.95         4855.74  
    0.438       679.81          1013.31        2757.68         4406.09         4845.90  
    0.444       680.24          1020.97        2747.13         4428.61         4837.33  
    0.450       677.82          1011.53        2730.77         4255.87         4928.99  
    0.456       672.66          1007.67        2720.07         3946.16         5044.97  
    0.463       674.32          1020.40        2750.44         3947.11         5054.32  
    0.469       677.26          1010.78        2785.47         4075.96         4982.15  
    0.475       679.38          991.95        2775.47         4093.62         4947.27  
    0.481       680.87          961.38        2748.11         4137.13         4950.17  
    0.488       674.93          948.14        2740.88         4210.11         4944.98  
    0.494       666.91          957.43        2756.95         4154.18         4953.06  
    0.500       665.34          963.29        2780.19         4176.39         4961.44  
    0.506       667.38          961.69        2772.03         4256.77         4948.91  
    0.513       674.09          952.94        2747.82         4253.36         4926.51  
    0.519       678.33          947.25        2733.41         4285.50         4928.66  
    0.525       688.95          932.53        2745.38         4304.04         4965.97  
    0.531       701.22          929.87        2754.65         4341.93         5013.62  
    0.537       714.69          942.08        2753.25         4392.01         5006.35  
    0.544       722.11          955.39        2765.09         4476.29         4954.14  
    0.550       721.77          958.66        2772.53         4542.30         4926.03  
    0.556       713.13          964.02        2752.77         4455.13         4947.47  
    0.562       705.15          969.77        2739.64         4381.88         5003.82  
    0.569       706.13          982.14        2738.31         4450.64         5017.03  
    0.575       716.65          1000.00        2732.23         4494.86         4998.77  
    0.581       722.41          1001.53        2741.91         4432.19         5001.95  
    0.588       708.75          992.43        2748.03         4321.11         5016.54  
    0.594       694.34          995.90        2738.16         4465.62         4973.38  
    0.600       688.96          997.70        2732.26         4737.35         4913.98  
    0.606       680.83          989.67        2719.87         4696.30         4967.04  
    0.613       676.71          984.03        2712.63         4504.45         5038.81  
    0.619       683.78          984.01        2732.78         4456.68         5035.47  
    0.625       686.65          988.81        2741.79         4462.59         5020.99  
    0.631       682.21          994.01        2725.14         4427.49         5031.82  
    0.638       673.62          1001.80        2704.07         4394.74         5047.86  
    0.644       666.85          1010.35        2695.17         4404.80         5059.00  
    0.650       661.96          1018.39        2693.18         4419.18         5060.12  
    0.656       660.24          1021.69        2689.64         4410.45         5061.04  
    0.663       671.54          1019.85        2691.54         4412.28         5074.38  
    0.669       695.21          1009.09        2692.79         4411.22         5066.61  
    0.675       703.51          1009.18        2679.24         4374.34         5057.83  
    0.681       683.95          1024.19        2657.75         4341.69         5066.99  
    0.688       666.13          1025.34        2648.49         4334.96         5072.65  
    0.694       667.26          1004.22        2647.47         4308.99         5060.04  
    0.700       666.39          977.07        2635.21         4257.98         5010.97  
    0.706       652.39          960.32        2614.29         4246.37         4961.28  
    0.713       639.87          962.98        2605.55         4374.55         4981.79  
    0.719       636.47          963.44        2610.56         4636.04         5295.05  
    0.725       264.69          780.78        1640.21         3514.19         5013.02  
    0.731       0          629.74        922.20         2647.36         4723.17  
    0.738       319.97          783.31        1938.90         3963.30         5193.77  
    0.744       500.78          904.04        2638.36         4886.69         5500.00  
    0.750       423.30          979.28        2574.32         4843.84         5500.00  
    0.756       468.15          1039.97        2512.02         4792.86         5236.16  
    0.763       217.25          889.77        2358.93         3356.83         4884.09  
    0.769       0          793.53        2238.25         2601.58         4824.49  
    0.775       0          833.42        2180.59         2744.62         4917.38  
    0.781       0          821.99        2150.71         2646.49         4775.09  
    0.788       0          813.44        2140.19         2527.60         4661.79  
    