0.025       625.40          1229.58        2611.30         3866.49         5264.59  
    0.031       654.20          1241.37        2604.16         3799.18         5417.79  
    0.038       696.07          1218.09        2600.23         3413.93         4975.40  
    0.044       701.59          1165.08        2617.11         3313.00         4550.53  
    0.050       694.90          1112.80        2610.39         3472.58         4358.69  
    0.056       679.46          1081.67        2589.15         3537.17         4307.19  
    0.062       669.80          1080.05        2597.53         3528.29         4331.76  
    0.069       659.81          1103.58        2705.89         3510.84         4353.90  
    0.075       674.24          1107.66        2675.90         3479.03         4326.51  
    0.081       703.20          1055.87        2633.25         3474.34         4311.05  
    0.088       731.09          1012.31        2667.80         3482.94         4252.78  
    0.094       750.35          1004.74        2666.83         3467.17         4233.16  
    0.100       764.52          1003.08        2614.78         3445.91         4274.51  
    0.106       783.03          1006.10        2596.14         3449.50         4340.87  
    0.113       773.32          1049.71        2612.36         3468.51         4396.12  
    0.119       765.19          1091.13        2621.77         3475.06         4451.65  
    0.125       779.41          1143.03        2621.98         3487.09         4495.04  
    0.131       779.57          1220.76        2631.16         3526.68         4496.01  
    0.138       761.51          1229.06        2613.91         3495.17         4570.13  
    0.144       745.82          1262.17        2582.17         3454.30         4638.28  
    0.150       739.91          1346.36        2539.24         3428.30         4663.67  
    0.156       730.90          1292.08        2585.71         3419.59         4640.36  
    0.163       719.87          1190.26        2659.92         3425.35         4607.71  
    0.169       724.63          1135.36        2682.34         3429.46         4543.23  
    0.175       726.47          1081.85        2673.11         3421.90         4564.82  
    0.181       717.23          936.43        2660.63         3401.00         4584.31  
    0.188       248.99          303.78        1380.91         2904.88         3805.35  
    0.194       450.03          481.35        1967.00         3128.95         4170.29  
    0.200       592.07          709.84        2676.15         3403.27         4593.46  
    0.206       591.82          689.07        2766.03         3508.22         4334.21  
    0.213       656.22          923.06        2805.01         3506.60         4284.35  
    0.219       677.07          1016.58        2789.05         3437.11         4383.73  
    0.225       693.69          968.32        2783.81         3439.97         4245.00  
    0.231       683.65          955.91        2758.45         3456.68         4131.06  
    0.238       661.80          955.13        2720.92         3421.98         4116.04  
    0.244       651.21          960.23        2710.13         3378.60         4107.88  
    0.250       651.25          958.82        2737.54         3404.10         4086.82  
    0.256       647.04          953.25        2761.49         3425.90         4078.41  
    0.263       649.97          941.81        2781.35         3407.35         4064.61  
    0.269       655.24          924.53        2805.68         3383.59         4081.36  
    0.275       646.13          922.16        2843.83         3358.19         4122.38  
    0.281       630.00          920.23        2927.14         3317.81         4183.03  
    0.288       651.42          923.67        3058.79         3253.53         4223.81  
    0.294       689.43          924.56        3147.32         3196.20         4252.97  
    0.300       639.52          843.90        3149.05         3172.00         4290.74  
    0.306       211.61          724.54        1585.59         3050.02         4110.43  
    0.312       420.08          670.01        2235.35         3645.52         4978.27  
    0.319       225.41          685.86        2277.47         3387.68         4537.50  
    0.325       0          693.03        1864.33         3014.92         4056.14  
    