0.025       0          978.51        2151.21         3342.70         4211.81  
    0.031       526.50          1210.04        2491.93         3446.73         4748.76  
    0.038       763.48          1223.31        2684.95         3531.53         5032.93  
    0.044       661.77          1107.42        2624.81         3561.46         5026.53  
    0.050       636.60          1082.13        2563.77         3454.75         5041.05  
    0.056       686.91          1115.60        2626.41         3490.54         5340.69  
    0.062       730.38          1167.92        2718.88         3574.50         5456.36  
    0.069       725.74          1175.80        2744.84         3594.51         5143.51  
    0.075       724.53          1152.41        2763.25         3583.02         4996.89  
    0.081       730.83          1170.00        2797.71         3589.62         4974.31  
    0.088       732.41          1196.94        2770.21         3585.23         4938.66  
    0.094       743.60          1177.78        2782.68         3587.77         4967.86  
    0.100       752.80          1155.84        2814.25         3598.06         4998.33  
    0.106       743.00          1148.34        2851.66         3595.93         4997.22  
    0.113       727.85          1145.60        2859.93         3586.22         4975.09  
    0.119       716.12          1146.86        2873.03         3588.81         4954.26  
    0.125       707.67          1137.28        2888.06         3596.37         4933.98  
    0.131       702.66          1122.05        2825.66         3583.03         4934.37  
    0.138       696.88          1109.51        2686.70         3577.76         4949.17  
    0.144       694.00          1106.57        2592.58         3592.10         4971.08  
    0.150       695.70          1103.66        2533.87         3600.17         4965.09  
    0.156       698.67          1101.48        2475.48         3583.24         4928.21  
    0.163       699.34          1099.96        2481.30         3575.56         4871.66  
    0.169       701.99          1107.81        2507.39         3594.05         4907.76  
    0.175       709.51          1121.54        2511.89         3614.79         4918.95  
    0.181       722.70          1144.63        2496.01         3659.50         4923.92  
    0.188       736.03          1183.65        2475.60         3668.99         4892.81  
    0.194       747.97          1222.62        2474.26         3646.69         4854.10  
    0.200       762.75          1236.90        2490.16         3629.98         4913.20  
    0.206       773.25          1242.85        2483.67         3607.56         4857.98  
    0.213       775.42          1262.41        2454.01         3604.30         4821.01  
    0.219       779.03          1263.33        2467.83         3611.77         4850.17  
    0.225       787.49          1233.08        2488.99         3607.38         4887.00  
    0.231       783.94          1218.93        2474.59         3606.09         4912.73  
    0.238       781.24          1241.86        2461.18         3611.72         4843.92  
    0.244       779.89          1266.89        2465.69         3607.87         4772.10  
    0.250       776.23          1271.79        2484.13         3606.90         4844.13  
    0.256       776.21          1275.85        2498.45         3615.40         4979.86  
    0.263       779.81          1292.39        2494.42         3624.82         5274.11  
    0.269       780.74          1288.32        2488.64         3627.15         5242.63  
    0.275       774.25          1301.06        2494.48         3621.65         5056.52  
    0.281       769.15          1334.99        2509.58         3628.91         4944.55  
    0.288       765.22          1356.86        2516.19         3623.94         4961.23  
    0.294       762.74          1333.10        2515.73         3608.86         4945.31  
    0.300       763.51          1277.05        2536.95         3601.33         4869.17  
    0.306       766.51          1250.55        2568.17         3611.73         4886.59  
    0.312       771.22          1291.50        2569.83         3615.32         4782.72  
    0.319       773.02          1343.48        2549.54         3605.18         4593.75  
    0.325       765.25          1333.23        2557.76         3616.31         4674.60  
    0.331       753.86          1397.26        2522.01         3607.66         4795.94  
    0.338       740.86          1460.48        2503.72         3583.56         4823.56  
    0.344       737.11          1459.39        2503.91         3577.63         4851.76  
    0.350       742.62          1413.26        2486.19         3580.67         4877.15  
    0.356       741.45          1350.80        2474.30         3585.62         4855.02  
    0.363       730.07          1287.76        2508.12         3599.60         4801.85  
    0.369       713.26          1228.84        2555.21         3615.13         4796.28  
    0.375       700.55          1190.20        2564.00         3608.93         4845.26  
    0.381       690.88          1160.96        2566.63         3595.08         4936.06  
    0.388       680.93          1123.60        2566.27         3577.86         4976.69  
    0.394       675.50          1077.41        2548.38         3571.44         4944.89  
    0.400       674.41          1061.65        2557.10         3576.20         5082.88  
    0.406       675.90          1060.98        2568.15         3541.41         5132.73  
    0.413       681.54          1050.93        2576.72         3521.61         5091.33  
    0.419       688.19          1048.70        2600.59         3523.03         5073.17  
    0.425       695.86          1050.82        2625.96         3522.26         5052.71  
    0.431       711.93          1050.24        2655.11         3525.24         5338.57  
    0.438       718.40          1036.15        2686.28         3494.10         5461.23  
    0.444       704.37          1013.02        2693.98         3465.28         5132.22  
    0.450       663.09          983.68        2741.00         3462.39         4776.63  
    0.456       558.14          960.88        2769.31         3494.55         4682.53  
    0.463       180.60          337.47        1561.61         3029.74         4025.33  
    0.469       0          597.67        1902.71         3251.98         3661.21  
    0.475       0          326.82        1459.14         2918.06         3817.48  
    0.481       0          0        994.71         2650.92         3905.80  
    