0.025       379.18          1038.71        2554.86         3786.03         5227.21  
    0.031       565.90          1050.82        2654.49         3713.62         5250.34  
    0.038       649.51          1055.97        2702.58         3710.65         5251.39  
    0.044       626.61          1047.31        2697.51         3770.76         5213.95  
    0.050       405.95          1049.97        2753.38         3790.77         5393.88  
    0.056       422.21          1067.74        2838.15         3692.49         5500.00  
    0.062       532.27          1156.56        2785.50         3601.15         5265.90  
    0.069       603.93          1157.92        2794.80         3556.90         5105.48  
    0.075       221.12          397.65        1586.40         3167.19         4179.96  
    0.081       212.52          677.55        2245.49         3524.46         4568.54  
    0.088       329.62          1014.31        2934.24         3853.85         5036.58  
    0.094       369.93          952.09        2843.06         3655.63         5032.93  
    0.100       429.69          936.78        2746.07         3529.49         5037.70  
    0.106       483.11          962.88        2724.46         3526.14         5067.54  
    0.113       526.88          996.11        2747.89         3521.41         5067.13  
    0.119       580.28          1041.24        2659.81         3530.53         4997.68  
    0.125       667.88          1073.53        2398.18         3557.80         4891.90  
    0.131       838.61          979.92        2131.41         3569.47         4851.02  
    0.138       910.78          939.42        1988.87         3570.43         4842.19  
    0.144       885.26          1139.56        1977.50         3570.95         4827.03  
    0.150       849.97          1462.04        1992.87         3582.96         4770.38  
    0.156       817.68          1566.13        2124.83         3580.98         4743.23  
    0.163       792.58          1564.09        2435.86         3590.72         4779.14  
    0.169       767.82          1509.83        2595.31         3587.91         4828.13  
    0.175       740.14          1464.49        2629.42         3597.07         5031.97  
    0.181       723.48          1361.10        2677.16         3608.33         5262.84  
    0.188       252.19          941.83        1986.85         3378.37         4255.28  
    0.194       0          741.39        1624.81         3282.36         3793.11  
    0.200       0          731.33        1654.80         3436.65         3720.27  
    0.206       0          730.93        1655.47         3350.73         3686.54  
    0.213       0          733.54        1623.26         3135.74         3818.87  
    0.219       0          742.50        1594.84         3038.36         3930.03  
    0.225       473.85          1278.80        2532.91         3573.78         4959.70  
    0.231       751.37          1561.99        2996.38         3786.61         5500.00  
    0.238       761.11          1491.49        2880.48         3733.61         5500.00  
    0.244       266.25          998.48        1910.90         3107.01         4333.78  
    0.250       0          777.83        1529.58         2822.88         3733.31  
    0.256       0          797.55        1405.12         2783.02         3752.15  
    0.263       463.10          961.78        2226.27         3361.00         4888.32  
    0.269       649.21          1027.73        2755.36         3677.90         5500.00  
    0.275       594.63          1007.58        2786.59         3644.03         5500.00  
    0.281       580.38          999.30        2778.60         3614.21         5462.54  
    0.288       573.99          994.21        2747.49         3607.20         5391.69  
    0.294       579.97          993.14        2773.59         3615.77         5452.48  
    0.300       591.25          1010.57        2868.27         3628.33         5500.00  
    0.306       590.68          1021.09        3018.03         3672.01         5500.00  
    0.312       589.47          1012.63        3090.60         3727.73         5500.00  
    0.319       580.25          1007.25        3021.36         3706.46         5500.00  
    0.325       569.80          1004.30        2972.35         3653.68         5500.00  
    0.331       571.02          996.06        2954.39         3618.55         5500.00  
    0.338       577.18          990.92        2930.26         3621.48         5500.00  
    0.344       577.20          995.77        2948.75         3625.22         5500.00  
    0.350       578.83          1008.59        2933.02         3601.21         5500.00  
    0.356       574.38          1020.53        2928.88         3620.22         5500.00  
    0.363       568.25          1020.90        2985.33         3762.05         5500.00  
    0.369       565.24          1020.76        3119.68         3777.83         5500.00  
    0.375       568.72          1025.24        3404.28         3653.42         5500.00  
    0.381       575.15          1017.52        3494.72         3787.98         5500.00  
    0.388       578.98          1003.08        3530.99         3893.76         4982.34  
    0.394       582.51          999.24        3462.76         3723.23         4713.91  
    0.400       584.06          1002.08        3410.02         3637.52         4766.07  
    0.406       573.10          1004.67        3126.81         3628.23         4668.16  
    0.413       564.55          1007.70        2823.21         3596.29         4548.42  
    0.419       568.76          1019.37        2756.85         3590.78         4504.68  
    0.425       583.04          1033.45        2784.14         3620.44         4442.03  
    0.431       586.21          1032.03        2814.49         3643.85         4310.83  
    0.438       572.12          1039.85        2850.14         3642.64         4496.24  
    0.444       563.71          1055.39        2825.86         3665.98         4710.47  
    0.450       569.77          1068.63        2793.34         3677.77         4614.45  
    0.456       593.01          1080.26        2779.23         3649.28         4486.72  
    0.463       603.40          1089.00        2776.38         3649.71         4494.24  
    0.469       584.21          1086.77        2776.23         3657.85         4715.35  
    0.475       574.39          1039.02        2770.64         3683.31         5263.29  
    0.481       575.87          978.35        2773.30         3720.99         5046.19  
    0.488       575.98          945.05        2779.27         3720.43         4750.93  
    0.494       571.23          951.80        2753.80         3677.39         4839.16  
    0.500       546.64          984.42        2734.33         3633.54         4858.99  
    0.506       499.11          1001.42        2743.29         3603.24         4858.44  
    0.513       470.98          994.21        2773.24         3599.15         4844.23  
    0.519       428.94          966.54        2790.82         3633.86         4844.50  
    0.525       383.01          997.46        2720.93         3635.16         5111.95  
    0.531       324.82          1059.34        2770.96         3632.31         5077.40  
    0.537       268.77          1079.79        2952.64         3695.48         4988.05  
    0.544       260.50          1039.37        2888.97         3710.41         4984.71  
    0.550       159.17          1001.57        2831.72         3709.70         5116.43  
    0.556       35.69          347.84        1662.27         3490.66         4319.96  
    0.562       0          0        1072.05         3075.93         3785.05  
    0.569       85.38          633.88        2145.56         3423.98         4548.64  
    0.575       409.79          1016.76        2780.06         3675.82         4911.11  
    0.581       531.15          1084.77        2911.17         3666.63         4744.75  
    0.588       492.38          1103.55        2919.38         3697.07         4639.70  
    0.594       314.77          1096.01        2846.43         3739.87         4731.73  
    0.600       79.09          383.16        1684.17         3082.71         4120.32  
    0.606       0          0        1025.02         2615.48         3723.87  
    0.613       256.00          646.96        2150.48         3417.66         4419.17  
    0.619       233.70          1064.77        2852.61         3883.21         5041.27  
    0.625       101.46          1099.82        2869.18         4046.75         4895.85  
    0.631       26.90          384.91        1710.39         3211.56         4196.34  
    0.638       0          0        1110.69         2667.62         3826.51  
    0.644       0          0        1103.51         2583.73         3797.71  
    0.650       0          0        1084.24         2505.77         3785.18  
    0.656       0          0        1106.48         2554.95         3821.78  
    0.663       65.43          771.88        2228.62         3483.00         4399.05  
    0.669       35.28          416.25        1711.13         3154.60         4170.64  
    