0.025       906.26          1060.78        2702.97         3565.68         4664.73  
    0.031       917.98          995.99        2700.84         3559.38         4520.27  
    0.038       818.96          962.53        2701.44         3540.34         4415.28  
    0.044       780.79          1043.49        2736.75         3478.60         4353.98  
    0.050       769.91          1101.09        2754.58         3469.83         4325.17  
    0.056       728.74          1108.31        2709.14         3464.05         4340.62  
    0.062       706.21          1101.48        2659.16         3449.22         4357.45  
    0.069       741.03          1056.06        2660.73         3413.75         4296.66  
    0.075       810.31          914.31        2661.75         3356.75         4199.19  
    0.081       768.92          914.59        2670.09         3350.83         4197.35  
    0.088       804.99          884.44        2698.20         3395.15         4247.95  
    0.094       787.42          903.17        2702.37         3458.80         4402.93  
    0.100       738.04          939.78        2719.73         3441.30         4554.51  
    0.106       707.93          960.42        2748.00         3423.45         4596.85  
    0.113       698.96          969.30        2738.73         3478.14         4650.81  
    0.119       688.23          969.98        2708.07         3514.41         4524.53  
    0.125       665.39          977.01        2703.25         3484.78         4268.98  
    0.131       652.61          978.58        2726.10         3466.09         4183.60  
    0.138       658.00          966.05        2752.22         3481.17         4325.84  
    0.144       686.73          921.35        2757.42         3487.59         4406.79  
    0.150       672.16          920.21        2748.69         3465.32         4292.35  
    0.156       680.32          906.85        2746.81         3464.36         4265.81  
    0.163       752.67          829.34        2760.35         3456.03         4261.03  
    0.169       748.92          823.01        2768.83         3418.38         4090.46  
    0.175       684.77          884.45        2771.05         3404.79         3985.91  
    0.181       669.26          908.93        2772.04         3416.55         3989.77  
    0.188       689.49          902.09        2776.36         3401.59         4010.42  
    0.194       713.50          880.66        2801.75         3429.60         4291.43  
    0.200       707.79          887.45        2810.06         3465.32         4650.11  
    0.206       718.69          843.85        2803.07         3462.87         4555.57  
    0.213       719.73          828.31        2787.04         3433.75         4298.32  
    0.219       682.41          882.27        2777.17         3398.38         4183.05  
    0.225       650.06          915.66        2784.29         3387.90         4174.97  
    0.231       639.92          906.11        2788.33         3392.67         4189.28  
    0.238       621.06          929.23        2794.44         3409.63         4196.28  
    0.244       613.30          939.22        2801.70         3411.97         4162.75  
    0.250       614.46          920.98        2806.04         3398.69         4150.71  
    0.256       607.13          909.30        2808.16         3380.78         4174.74  
    0.263       608.17          899.53        2822.11         3377.09         4183.18  
    0.269       598.06          900.05        2847.25         3387.72         4183.81  
    0.275       575.36          911.59        2868.53         3380.31         4185.07  
    0.281       549.39          919.24        2882.00         3374.60         4228.67  
    0.288       521.88          915.95        2891.72         3393.06         4280.14  
    0.294       510.07          890.74        2932.81         3444.11         4295.97  
    0.300       507.32          867.22        2975.61         3372.11         4354.52  
    0.306       473.99          851.41        2986.81         3272.98         4409.66  
    0.312       432.59          831.82        3004.85         3197.73         4449.80  
    0.319       388.96          802.42        3065.85         3181.61         4561.30  
    0.325       383.85          820.47        3091.44         3358.36         4702.32  
    0.331       374.75          860.68        3080.06         3619.12         4922.49  
    0.338       393.89          845.66        3076.17         3340.06         4691.77  
    