0.025       562.68          1661.37        2983.42         3825.54         4950.24  
    0.031       658.62          1328.76        2748.51         3691.06         5059.19  
    0.038       661.83          1068.46        2572.77         3569.08         5029.03  
    0.044       626.65          1015.04        2565.19         3580.25         4969.67  
    0.050       600.55          988.10        2555.79         3602.97         4909.00  
    0.056       589.81          976.35        2532.75         3552.23         4801.92  
    0.062       597.80          975.36        2511.78         3539.19         4705.76  
    0.069       612.96          972.90        2494.28         3522.93         4720.44  
    0.075       614.46          935.86        2498.40         3508.71         4727.81  
    0.081       612.38          898.28        2509.40         3514.82         4469.92  
    0.088       605.59          900.56        2510.90         3508.17         4396.08  
    0.094       593.50          924.63        2514.16         3482.05         4456.35  
    0.100       582.64          944.24        2527.66         3459.33         4358.68  
    0.106       581.16          959.58        2537.63         3456.96         4326.32  
    0.113       593.61          934.59        2483.72         3471.30         4097.48  
    0.119       607.19          889.05        2436.87         3479.55         3933.34  
    0.125       607.44          887.90        2424.52         3467.18         3893.74  
    0.131       598.11          899.02        2408.76         3441.46         3765.05  
    0.138       601.70          822.75        2383.33         3429.44         3665.77  
    0.144       538.86          665.30        2362.05         3419.09         3597.24  
    0.150       561.53          712.00        2355.74         3394.01         3548.93  
    0.156       592.90          740.77        2353.91         3384.83         3538.02  
    0.163       592.34          779.78        2350.90         3384.43         3535.74  
    0.169       599.92          785.80        2357.08         3385.59         3533.25  
    0.175       610.86          753.38        2365.75         3398.92         3540.33  
    0.181       617.65          786.41        2373.63         3410.40         3527.18  
    0.188       628.01          769.15        2364.49         3408.12         3497.72  
    0.194       213.38          252.69        1223.28         2696.84         3430.43  
    0.200       0          0        646.88         2322.85         3391.53  
    0.206       0          0        646.88         2309.59         3379.29  
    0.213       0          0        645.49         2310.74         3369.28  
    0.219       420.53          524.48        1751.75         3004.44         3483.55  
    0.225       637.10          773.18        2318.38         3363.29         3557.84  
    0.231       634.60          807.82        2319.76         3364.26         3580.18  
    0.238       628.88          857.30        2336.17         3361.20         3579.86  
    0.244       617.99          886.10        2362.86         3357.07         3568.24  
    0.250       615.15          896.68        2367.51         3356.97         3594.18  
    0.256       609.87          904.34        2349.97         3357.67         3618.89  
    0.263       605.77          910.99        2330.01         3356.71         3674.07  
    0.269       605.16          917.63        2321.17         3355.42         3848.25  
    0.275       604.49          923.35        2321.77         3359.12         4445.83  
    0.281       605.96          928.00        2326.47         3369.20         4895.36  
    0.288       607.56          931.97        2325.37         3378.25         4625.71  
    0.294       604.43          928.95        2341.07         3404.47         4259.27  
    0.300       596.84          922.99        2354.78         3439.99         3964.94  
    0.306       604.66          909.67        2354.05         3041.89         3605.96  
    0.312       698.88          811.24        2364.52         2754.22         3492.30  
    0.319       251.06          776.15        1614.68         2492.74         3471.00  
    0.325       0          768.49        1470.58         2354.64         3420.14  
    0.331       0          798.56        1568.42         2342.09         3405.83  
    0.338       0          791.45        1051.81         2345.58         3387.60  
    0.344       423.94          716.89        1803.99         3012.09         4783.78  
    0.350       581.91          825.71        2319.79         3348.30         5039.39  
    0.356       558.47          888.47        2318.36         3359.88         4777.94  
    0.363       607.27          886.74        2332.62         3398.62         4795.53  
    0.369       639.21          838.07        2337.77         3451.27         4831.01  
    0.375       516.49          684.30        2289.70         3498.56         4812.41  
    0.381       152.43          620.67        2258.50         3508.27         4877.63  
    0.388       0          630.86        2355.28         3463.64         4970.67  
    0.394       0          639.54        2394.76         3424.98         5059.01  
    0.400       0          665.65        2295.91         3283.64         4766.61  
    