0.025       639.68          1610.69        2782.69         3827.06         5122.63  
    0.031       28.29          888.43        2344.75         3670.91         3960.10  
    0.038       0          988.60        2274.60         3412.34         3971.03  
    0.044       0          776.98        2366.46         3562.61         3853.94  
    0.050       664.82          962.56        2417.57         3804.79         4923.76  
    0.056       686.63          932.04        2454.32         3847.00         4968.36  
    0.062       767.99          786.77        2472.99         3969.08         4898.98  
    0.069       584.76          717.33        2445.67         4018.93         4967.70  
    0.075       615.21          765.77        2438.90         3987.50         4826.59  
    0.081       576.98          827.17        2418.82         3805.09         4790.08  
    0.088       631.07          869.43        2416.21         3761.76         4641.19  
    0.094       630.44          911.44        2410.46         3778.97         4527.10  
    0.100       624.90          928.07        2392.17         3801.91         4566.06  
    0.106       617.06          906.63        2367.03         3837.88         4407.89  
    0.113       628.90          884.51        2422.64         3871.70         4429.41  
    0.119       626.09          909.62        2430.18         3921.96         4545.68  
    0.125       648.15          888.50        2447.09         3832.73         4622.88  
    0.131       602.56          869.95        2449.45         3827.41         4634.43  
    0.138       735.99          855.70        2383.38         3786.85         4604.78  
    0.144       816.33          853.36        2305.04         3784.86         4576.45  
    0.150       36.25          37.73        927.94         2323.78         3845.64  
    0.156       842.90          851.07        2300.79         3730.18         5425.36  
    0.163       891.66          923.35        2408.00         3824.96         5500.00  
    0.169       39.45          905.35        2332.44         2504.06         4001.83  
    0.175       841.66          908.62        2426.73         3789.06         5430.69  
    0.181       899.18          909.33        2409.37         3734.32         4949.45  
    0.188       894.53          916.19        2421.55         3633.69         4792.48  
    0.194       851.79          924.68        2446.75         3705.85         4632.56  
    0.200       892.01          926.87        2420.49         3924.96         4962.37  
    0.206       844.91          912.91        2409.24         3929.52         4917.88  
    0.213       811.94          891.08        2378.37         3922.84         4838.88  
    0.219       832.97          893.92        2371.80         3932.89         5023.30  
    0.225       806.87          997.17        2368.63         3932.01         5479.31  
    0.231       786.81          1016.94        2333.53         3925.25         5500.00  
    0.238       834.03          986.09        2362.36         3919.27         4807.42  
    0.244       882.88          950.02        2389.21         3893.87         4414.88  
    0.250       904.12          995.39        2431.59         3862.65         5074.59  
    0.256       914.72          948.83        2468.42         3922.04         5024.70  
    0.263       912.13          1006.67        2510.08         3951.63         4822.33  
    0.269       906.76          1008.90        2488.73         3894.30         4993.61  
    0.275       894.49          914.03        2411.04         3761.63         4898.32  
    0.281       544.79          879.76        2243.65         3832.34         4946.69  
    0.288       671.61          853.41        2158.98         3864.53         4991.63  
    0.294       805.13          828.92        2257.83         3831.72         4780.67  
    0.300       805.62          813.98        2392.87         3741.65         4526.75  
    0.306       713.09          867.20        2465.27         3766.45         4447.21  
    0.312       730.46          883.18        2464.86         3755.49         4401.56  
    0.319       714.50          955.24        2415.83         3707.26         4384.47  
    0.325       677.58          1009.29        2444.09         3741.43         4363.05  
    0.331       676.84          1029.20        2417.69         3865.99         4393.48  
    0.338       656.58          1039.57        2428.02         3843.90         4404.89  
    0.344       638.51          1031.69        2361.75         3656.48         4393.45  
    0.350       610.38          1035.27        2351.55         3591.88         4424.53  
    0.356       606.10          1027.27        2376.38         3694.97         4379.90  
    0.363       605.58          1015.91        2388.78         3722.27         4330.64  
    0.369       620.65          999.49        2359.67         3551.05         4388.55  
    0.375       670.23          968.87        2370.33         3405.84         4387.80  
    0.381       29.74          42.78        1003.74         2410.96         3335.52  
    0.388       537.63          862.83        2318.12         3267.57         4122.62  
    0.394       693.78          1103.72        2345.23         3548.38         4306.82  
    0.400       646.49          1110.04        2290.76         3480.18         4379.45  
    0.406       634.74          1071.83        2267.76         3491.40         4418.64  
    0.413       614.49          1123.81        2320.47         3550.26         4412.87  
    0.419       607.43          1164.73        2340.40         3487.63         4374.94  
    0.425       515.26          1223.01        2267.17         3394.45         4359.82  
    0.431       488.96          1447.27        2342.40         3537.56         4198.80  
    0.438       424.11          1544.18        2401.00         3827.51         3975.69  
    0.444       401.86          1578.39        2515.59         3629.14         4306.94  
    0.450       420.63          1544.99        2678.77         3972.10         5447.94  
    0.456       470.15          1537.81        2738.11         3942.16         5500.00  
    0.463       523.02          1570.51        2828.63         3842.85         5500.00  
    0.469       569.38          1681.67        2789.29         3552.71         4981.76  
    0.475       730.12          1671.19        2688.85         3609.92         4952.27  
    0.481       776.65          1626.09        2611.53         3726.38         5475.77  
    0.488       775.32          1594.41        2578.52         3713.20         5081.76  
    0.494       823.06          1585.23        2688.50         3919.87         4940.33  
    0.500       841.39          1512.57        2709.92         3897.45         4870.51  
    0.506       860.54          1507.75        2644.51         3784.04         4817.18  
    