0.025       712.18          793.62        2760.04         3532.38         4759.95  
    0.031       690.07          803.67        2748.36         3512.90         4746.96  
    0.038       744.85          803.86        2755.42         3540.46         4777.33  
    0.044       655.03          909.53        2732.25         3519.49         4880.10  
    0.050       621.94          931.53        2694.41         3532.82         4941.06  
    0.056       620.13          932.63        2690.85         3552.30         4981.28  
    0.062       613.23          938.75        2716.11         3557.83         4978.98  
    0.069       602.86          942.43        2744.39         3579.31         4973.49  
    0.075       592.89          940.50        2736.17         3595.51         4996.81  
    0.081       588.02          939.74        2749.91         3591.98         5029.28  
    0.088       585.68          930.22        2762.36         3574.65         5010.74  
    