0.025       0          933.25        2135.09         3022.82         4225.84  
    0.031       0          916.92        2153.50         3033.25         4188.01  
    0.038       0          946.51        2220.48         3050.42         4322.72  
    0.044       0          983.06        2263.69         3082.44         4405.72  
    0.050       0          1037.37        2262.84         3111.45         4304.06  
    0.056       0          980.88        2291.81         3137.46         4168.44  
    0.062       0          1010.56        2360.53         3108.55         4147.85  
    0.069       0          757.54        2313.22         3324.81         4152.26  
    0.075       485.48          798.65        2378.04         3576.67         5348.79  
    0.081       61.38          640.92        1018.47         3338.25         3843.53  
    0.088       0          605.82        822.25         3168.47         3640.41  
    0.094       511.38          794.56        2675.03         3533.29         5291.36  
    0.100       572.18          797.83        3287.77         3584.47         5500.00  
    0.106       588.82          753.24        3619.87         3844.52         5500.00  
    0.113       66.33          631.57        1131.99         3625.01         4162.12  
    0.119       0          619.86        857.07         3568.11         4026.77  
    0.125       0          621.08        862.45         3647.48         3820.44  
    0.131       550.46          829.99        3280.76         3621.12         5308.49  
    0.138       628.42          888.58        3282.16         3592.07         5027.75  
    0.144       635.52          902.87        2299.32         3556.69         4778.62  
    0.150       639.61          923.04        2095.12         3503.74         4717.18  
    0.156       641.98          938.29        1960.09         3493.19         4726.15  
    0.163       640.43          935.39        1940.01         3472.84         4717.88  
    0.169       639.31          960.90        1951.43         3470.61         4820.90  
    0.175       635.03          985.11        1968.02         3476.13         4811.36  
    0.181       630.69          985.50        1955.87         3456.18         4776.62  
    0.188       628.55          996.72        1937.22         3447.38         4852.26  
    0.194       627.30          1017.47        1952.80         3420.45         4900.81  
    0.200       627.73          1011.16        1980.24         3529.99         4877.18  
    0.206       623.59          996.55        1998.48         3652.01         4830.98  
    0.213       623.62          978.62        2003.76         3539.98         4786.18  
    0.219       619.11          975.53        1975.24         3405.66         4783.34  
    0.225       616.90          986.85        1956.35         3523.06         4738.16  
    0.231       618.25          977.79        1998.49         3596.07         4703.04  
    0.238       622.14          986.97        2047.68         3608.89         4677.83  
    0.244       621.64          984.84        2057.53         3617.93         4817.72  
    0.250       618.85          941.50        2008.94         3551.57         4701.83  
    0.256       611.84          903.98        2020.15         3598.10         4595.50  
    0.263       607.96          887.77        2108.94         3633.28         4642.62  
    0.269       608.57          886.73        2141.25         3703.86         4757.82  
    0.275       605.18          883.72        2162.01         3742.65         4938.58  
    0.281       602.35          879.87        2263.36         3618.78         4929.75  
    0.288       596.32          868.42        2582.48         3595.28         4922.92  
    0.294       594.15          864.38        2826.31         3517.90         5042.55  
    0.300       593.02          861.63        3388.53         3854.19         5450.36  
    0.306       591.27          853.95        3433.16         3950.96         5500.00  
    0.312       66.34          619.82        1148.03         3478.35         4108.92  
    0.319       0          590.08        863.73         3449.48         4035.22  
    0.325       524.83          835.54        3171.41         4134.20         5337.04  
    0.331       590.93          866.15        3519.76         3635.72         5018.05  
    0.338       591.02          864.24        3269.08         3668.33         5439.06  
    0.344       589.54          863.72        3217.10         3626.46         5500.00  
    0.350       590.63          866.18        3291.84         3585.57         5500.00  
    0.356       592.39          865.91        3373.79         3583.40         5233.92  
    0.363       591.19          866.45        3463.00         3571.92         5062.88  
    0.369       592.17          870.92        3546.07         3976.98         5448.99  
    0.375       66.48          623.85        1176.91         3587.69         4254.85  
    0.381       525.45          845.76        3255.71         4060.98         5342.57  
    0.388       591.24          877.51        3593.16         3732.99         5227.63  
    0.394       590.86          881.20        3542.61         4152.17         5465.56  
    0.400       66.32          623.39        1180.37         3571.74         4425.42  
    0.406       0          592.10        884.83         3562.34         4265.93  
    0.413       0          593.74        889.19         3612.15         4361.36  
    0.419       529.87          860.60        3290.94         4305.65         5373.59  
    0.425       601.05          900.38        3555.67         4390.77         5500.00  
    0.431       67.52          641.44        1206.34         3666.35         4449.35  
    0.438       544.27          879.56        2849.73         3605.53         5367.16  
    0.444       68.82          652.58        1166.07         3591.05         4127.77  
    0.450       0          629.40        931.90         3539.25         4135.50  
    0.456       0          637.22        936.63         3535.27         4304.84  
    0.463       567.76          908.09        2500.46         3571.63         5367.93  
    0.469       643.56          949.38        2487.56         3604.30         5500.00  
    0.475       642.20          932.68        2323.83         3542.39         5069.54  
    0.481       625.03          886.18        2461.01         3525.91         5445.57  
    0.488       608.44          872.53        2242.05         3526.20         5281.19  
    0.494       608.90          888.25        1978.62         3537.37         5254.48  
    0.500       609.90          934.32        2146.59         3564.41         5395.39  
    0.506       612.20          952.56        2237.25         3564.50         5372.65  
    0.513       621.10          966.72        2149.93         3545.38         5485.13  
    0.519       69.84          662.98        1095.53         3595.14         4274.03  
    0.525       537.66          916.22        2814.11         3628.18         5344.99  
    0.531       494.04          980.18        2559.08         3636.62         5500.00  
    0.537       477.14          971.84        2350.92         3626.50         5500.00  
    0.544       519.35          880.05        2414.55         3635.17         5310.22  
    0.550       543.54          834.99        2414.35         3629.41         5057.46  
    0.556       562.70          987.09        2647.22         3629.68         5025.00  
    0.562       619.91          964.56        2501.36         3713.00         4883.25  
    0.569       459.83          973.14        2612.37         3788.89         4918.48  
    0.575       607.90          951.68        2533.19         3812.75         4948.80  
    0.581       710.67          958.97        2535.09         3843.73         5105.92  
    