0.025       669.83          963.18        2638.79         3454.28         4769.09  
    0.031       816.72          1209.42        2204.85         3365.50         4724.68  
    0.038       763.45          1702.84        2602.24         3230.05         4794.04  
    0.044       742.31          1442.02        2625.87         3371.26         4737.85  
    0.050       689.25          1067.32        2551.96         3457.37         4668.95  
    0.056       668.69          971.86        2562.37         3429.39         4630.11  
    0.062       674.72          963.15        2581.25         3428.50         4201.28  
    0.069       664.04          948.34        2622.81         3454.76         4083.34  
    0.075       662.75          946.63        2656.97         3541.51         4085.40  
    0.081       679.09          937.47        2592.23         3613.69         4123.29  
    0.088       720.82          948.01        2454.07         3627.76         4379.19  
    0.094       798.10          924.60        2374.75         3642.57         4381.24  
    0.100       821.94          924.44        2287.96         3845.07         4309.49  
    0.106       829.43          897.24        2300.83         3933.91         4148.10  
    0.113       792.75          899.05        2323.52         3902.08         4164.43  
    0.119       743.73          924.37        2388.38         3842.55         4340.52  
    0.125       713.89          931.52        2376.75         3785.67         4429.15  
    0.131       717.62          923.92        2305.23         3834.79         4410.25  
    0.138       729.85          919.47        2295.79         3849.52         4350.91  
    0.144       726.54          930.96        2275.41         3782.87         4272.04  
    0.150       750.53          920.28        2281.37         3603.21         4266.19  
    0.156       757.17          927.44        2278.85         3672.02         4217.07  
    0.163       757.18          944.20        2274.82         3745.66         4182.25  
    0.169       772.30          951.90        2279.08         3672.32         4162.55  
    0.175       792.43          943.85        2280.80         3727.82         4143.95  
    0.181       793.09          934.43        2260.49         3714.65         4153.26  
    0.188       785.45          929.14        2233.75         3614.26         4227.38  
    0.194       778.40          937.45        2243.44         3545.82         4258.88  
    0.200       764.02          926.86        2244.31         3588.50         4259.64  
    0.206       767.90          913.47        2222.39         3663.71         4256.82  
    0.213       765.79          905.69        2242.89         3689.39         4255.67  
    0.219       730.83          914.73        2366.46         3679.63         4248.33  
    0.225       694.29          920.83        2564.08         3634.58         4284.27  
    0.231       681.82          918.57        2595.55         3575.74         4357.74  
    0.238       681.97          911.42        2619.17         3597.25         4332.94  
    0.244       682.81          901.90        2632.94         3553.28         4346.25  
    0.250       684.30          895.89        2629.10         3515.16         4402.12  
    0.256       687.59          893.50        2624.52         3496.92         4867.10  
    0.263       688.18          893.87        2626.35         3487.72         5402.40  
    0.269       687.93          899.71        2637.08         3490.39         5500.00  
    0.275       690.29          913.90        2649.41         3507.89         5500.00  
    0.281       685.41          918.20        2653.89         3512.68         5500.00  
    0.288       681.54          919.36        2660.13         3518.60         5500.00  
    0.294       676.53          931.40        2671.95         3507.26         5500.00  
    0.300       672.12          939.80        2669.97         3496.81         5500.00  
    0.306       670.94          935.60        2661.01         3487.98         5500.00  
    0.312       678.04          936.71        2664.96         3482.38         5500.00  
    0.319       679.54          951.44        2675.12         3487.86         5500.00  
    0.325       679.26          953.35        2696.83         3502.36         5500.00  
    0.331       124.91          729.98        1270.54         2850.27         3864.81  
    0.338       0          675.50        954.55         2701.95         3488.48  
    0.344       0          672.44        951.94         2696.71         3485.77  
    0.350       0          677.05        948.01         2693.46         3478.38  
    0.356       556.69          902.85        2357.64         3326.17         5127.93  
    0.363       682.43          950.04        2663.99         3472.60         5500.00  
    0.369       125.51          735.39        1263.77         2819.53         3855.54  
    0.375       0          685.50        950.58         2665.34         3481.52  
    0.381       0          682.91        946.31         2652.03         3481.12  
    0.388       0          680.83        941.02         2643.74         3476.65  
    0.394       0          676.28        939.15         2635.06         3475.80  
    0.400       0          672.72        934.46         2637.96         3475.67  
    0.406       0          676.07        936.56         2640.38         3473.89  
    0.413       548.40          886.27        2305.27         2640.29         3478.96  
    0.419       668.37          924.88        2627.13         2779.43         3502.61  
    0.425       666.26          926.70        2633.50         2668.73         3521.86  
    0.431       663.58          924.71        2619.40         2805.51         3525.82  
    0.438       662.94          918.10        2601.19         2961.64         3502.43  
    0.444       664.37          920.10        2581.53         3116.46         3521.78  
    0.450       663.60          924.34        2573.53         2944.22         3505.41  
    0.456       663.78          920.79        2563.65         2835.38         3524.02  
    0.463       665.81          935.89        2544.75         2859.74         3558.98  
    0.469       669.81          940.01        2551.23         2720.04         3540.16  
    0.475       684.10          937.41        1913.69         2614.09         3477.31  
    0.481       690.64          953.21        1533.07         2625.47         3440.40  
    0.488       698.70          883.45        1055.39         2633.97         3421.43  
    0.494       128.79          728.61        967.64         2613.32         3444.79  
    0.500       0          708.37        983.48         2608.32         3454.34  
    0.506       554.24          918.07        2253.57         3149.00         5123.95  
    