0.025       735.69          1496.08        2351.95         3200.85         5500.00  
    0.031       710.83          1300.86        2373.70         3245.73         5224.84  
    0.038       680.68          1191.39        2393.80         3344.91         5051.10  
    0.044       655.37          1063.59        2384.60         3455.19         5002.68  
    0.050       624.85          937.03        2307.28         3577.28         4962.34  
    0.056       596.98          967.90        2297.20         3614.88         4897.81  
    0.062       586.79          975.80        2324.61         3607.63         4816.47  
    0.069       593.99          984.65        2323.82         3599.11         4943.95  
    0.075       611.79          980.93        2310.42         3587.81         4956.31  
    0.081       615.23          990.15        2308.03         3570.86         4868.01  
    0.088       617.23          989.28        2300.65         3563.43         4882.63  
    0.094       620.55          1006.40        2300.91         3557.97         4799.21  
    0.100       642.90          989.98        2305.06         3571.07         4798.39  
    0.106       645.10          983.11        2311.38         3600.20         4757.62  
    0.113       633.21          997.98        2314.30         3603.39         4719.17  
    0.119       630.75          994.45        2319.65         3614.83         4722.06  
    0.125       628.85          989.04        2318.64         3620.71         4716.67  
    0.131       615.39          999.37        2321.74         3613.10         4645.65  
    0.138       612.69          999.72        2321.74         3606.46         4653.80  
    0.144       613.95          999.16        2330.33         3595.96         4765.66  
    0.150       621.91          979.36        2333.82         3582.98         4773.80  
    0.156       625.46          969.80        2332.71         3573.56         4730.68  
    0.163       629.46          961.67        2334.68         3563.85         4659.64  
    0.169       640.62          940.73        2337.23         3551.27         4776.58  
    0.175       648.63          923.34        2333.91         3556.36         4836.82  
    0.181       641.30          932.12        2332.67         3552.99         4721.45  
    0.188       639.48          918.40        2321.17         3538.99         4603.38  
    0.194       639.36          928.65        2313.15         3530.20         4699.42  
    0.200       639.78          950.80        2319.12         3500.40         4683.36  
    0.206       644.14          933.09        2322.70         3435.42         4821.62  
    0.213       635.20          977.83        2303.41         3445.65         4712.99  
    0.219       631.17          961.68        2315.67         3459.90         4580.45  
    0.225       632.60          958.51        2305.60         3499.53         4562.95  
    0.231       641.27          955.03        2291.66         3539.65         4589.77  
    0.238       622.91          998.98        2292.41         3548.00         4652.63  
    0.244       610.28          1012.24        2295.98         3529.71         4648.07  
    0.250       620.48          984.88        2307.18         3494.31         4719.35  
    0.256       631.42          945.12        2314.61         3466.97         4738.97  
    0.263       621.56          960.41        2300.45         3454.96         4656.59  
    0.269       610.87          1005.03        2301.10         3460.82         4643.70  
    0.275       606.43          1034.95        2321.22         3505.75         4670.93  
    0.281       593.35          1066.70        2314.79         3499.06         4672.65  
    0.288       603.39          1039.00        2296.83         3465.83         4651.83  
    0.294       608.00          1033.61        2273.73         3462.60         4653.10  
    0.300       619.89          1005.39        2287.71         3479.36         4728.10  
    0.306       658.69          880.66        2326.49         3934.64         4689.02  
    0.312       497.84          844.91        2330.76         3959.90         4690.75  
    0.319       379.49          894.05        2325.92         3918.58         4807.27  
    0.325       249.74          943.89        2346.69         3798.87         4889.67  
    0.331       31.56          129.53        1065.61         2570.40         3829.36  
    0.338       0          0        790.86         2360.40         3488.76  
    0.344       0          0        882.00         2500.43         3841.19  
    0.350       0          0        937.13         2564.28         3904.39  
    0.356       0          0        905.24         2454.34         3842.07  
    0.363       0          0        783.87         2390.75         3823.01  
    0.369       0          619.84        2113.84         2981.99         4017.98  
    