0.025       578.57          963.57        2703.28         3756.46         5500.00  
    0.031       596.17          943.35        2751.54         3754.55         5500.00  
    0.038       594.65          931.07        2753.77         3697.92         5500.00  
    0.044       586.35          930.30        2762.68         3706.59         5406.81  
    0.050       599.23          917.96        2833.38         3726.52         5492.22  
    0.056       615.71          976.60        2785.64         3716.61         5500.00  
    0.062       624.41          1088.29        2406.92         3659.42         4776.26  
    0.069       634.83          1198.12        2156.76         3716.92         5439.54  
    0.075       639.44          1218.91        2154.25         3740.34         5084.57  
    0.081       645.24          1196.62        2181.63         3622.21         4833.06  
    0.088       654.72          1579.03        2125.54         3582.38         4993.25  
    0.094       656.13          1753.23        2280.82         3595.29         5007.36  
    0.100       656.23          1864.56        2282.91         3619.28         4984.62  
    0.106       654.32          1941.45        2194.74         3763.33         4964.16  
    0.113       653.86          1931.47        2239.23         3872.58         4962.33  
    0.119       651.50          1935.27        2357.89         3992.16         4903.39  
    0.125       648.94          1950.25        2536.97         3618.11         4682.13  
    0.131       651.30          1982.57        2260.13         3685.13         4745.12  
    0.138       655.74          1972.73        2216.66         3892.47         4882.24  
    0.144       657.93          1909.18        2299.92         3998.88         5009.17  
    0.150       658.90          1901.11        2311.93         3979.34         4913.96  
    0.156       662.58          1995.38        2256.25         3737.86         4840.09  
    0.163       664.03          1993.59        2428.72         3786.62         4668.54  
    0.169       663.18          1990.98        2499.34         3802.44         4627.51  
    0.175       662.21          2028.51        2250.50         3724.17         4709.50  
    0.181       663.48          1998.00        2269.31         3867.43         4810.18  
    0.188       662.10          1957.35        2577.17         4113.75         4698.44  
    0.194       664.61          1957.80        2587.03         3944.25         4545.26  
    0.200       670.19          1974.84        2878.46         4090.74         4885.27  
    0.206       51.70          775.02        2066.56         2953.44         4151.26  
    0.213       622.43          1903.15        2694.91         3878.11         5391.10  
    0.219       52.00          774.81        2066.11         2945.75         4107.80  
    0.225       0          669.04        1965.75         2749.97         3982.68  
    0.231       614.38          1848.36        2565.23         3931.89         5382.96  
    0.238       667.83          1980.78        2687.70         4123.13         4465.19  
    0.244       671.20          2019.91        2516.29         3731.22         4310.42  
    0.250       675.70          2028.68        2611.96         4006.74         5407.85  
    0.256       52.12          782.83        2046.58         2770.23         4225.67  
    0.263       0          681.79        2018.92         2827.85         4147.00  
    0.269       0          682.08        2020.39         2885.34         4202.21  
    0.275       630.80          1895.82        2751.47         4068.48         5106.83  
    0.281       683.45          1980.16        2628.15         4144.05         4448.59  
    0.288       682.21          1984.41        2794.14         3850.93         4342.60  
    0.294       679.16          1999.30        2846.30         3767.52         4248.23  
    0.300       678.34          1998.97        2834.76         3951.22         4199.72  
    0.306       678.93          2017.41        2874.72         3888.61         4211.09  
    0.312       680.78          2008.91        2936.95         3765.40         4245.20  
    0.319       682.76          1975.50        2922.62         4172.66         5232.45  
    0.325       682.47          1979.50        2741.66         4207.50         4603.69  
    0.331       678.83          1982.08        2551.53         4206.00         4523.98  
    0.338       679.04          1967.10        2644.32         4200.29         4908.66  
    0.344       679.69          1950.14        2745.40         4179.43         5456.90  
    0.350       678.69          1925.81        2684.83         4143.76         5500.00  
    0.356       680.05          1937.69        2444.43         4070.53         4811.56  
    0.363       685.67          2003.67        2701.52         4125.36         5442.49  
    0.369       52.90          786.73        2055.58         2811.23         4235.82  
    0.375       0          681.89        2010.83         2623.20         4057.10  
    0.381       630.36          1971.63        2615.46         3975.38         5388.29  
    0.388       52.66          793.52        2118.31         3004.31         4362.78  
    0.394       0          685.27        2056.89         2849.09         4264.98  
    0.400       629.96          1937.92        2424.32         4235.41         4352.54  
    0.406       681.47          2059.84        2394.58         4017.93         4620.95  
    0.413       681.25          2051.03        2709.68         3988.86         4467.73  
    0.419       681.86          2054.32        2584.36         3659.77         4515.00  
    0.425       683.11          2072.58        2439.06         3984.20         4442.35  
    0.431       682.85          2022.56        2291.26         3970.98         4939.62  
    0.438       682.09          1723.37        2304.03         3834.26         4729.43  
    0.444       683.71          1600.96        2339.64         3791.76         4591.98  
    0.450       681.32          1447.49        2396.53         3671.32         4594.09  
    0.456       680.08          1317.02        2377.28         3584.98         4556.13  
    0.463       679.23          1280.70        2519.02         3690.66         4817.94  
    0.469       676.00          1208.15        2547.03         3700.54         5052.11  
    0.475       660.66          1126.51        2550.43         3638.86         4850.87  
    0.481       651.16          1098.41        2600.09         3660.38         4806.94  
    0.488       648.68          1092.04        2646.00         3750.99         5446.40  
    0.494       643.95          1088.67        2758.42         3774.88         5500.00  
    0.500       631.64          1092.29        3070.08         3754.21         5500.00  
    0.506       618.10          1094.20        3025.61         3749.12         5500.00  
    0.513       603.04          1087.59        2990.62         3729.53         5500.00  
    0.519       590.87          1102.66        3001.22         3754.09         5500.00  
    0.525       45.48          630.76        1281.91         3091.73         3937.29  
    0.531       0          641.58        1264.82         3048.85         3830.01  
    0.537       0          762.09        1115.11         3060.49         3835.74  
    0.544       0          506.34        1032.67         3056.91         3746.84  
    0.550       297.25          1043.19        2864.59         3719.86         5364.26  
    0.556       296.36          1116.60        2923.13         3790.08         5500.00  
    0.562       22.68          367.88        1260.42         3011.31         3927.12  
    0.569       0          420.24        1131.70         2944.99         3814.48  
    0.575       0          529.10        1293.29         3125.48         3830.78  
    0.581       0          258.93        1072.14         2973.11         3804.10  
    0.588       206.86          1092.37        2704.59         3766.01         5369.07  
    0.594       234.60          1090.56        2899.12         3863.03         5500.00  
    0.600       319.79          1038.69        2729.61         3869.22         5500.00  
    0.606       195.82          1034.37        2663.20         3832.59         5500.00  
    0.613       14.25          79.74        1114.07         2635.81         4021.50  
    0.619       0          0        1000.36         2395.40         3773.83  
    0.625       0          910.21        2217.74         3569.81         5000.94  
    