0.025       762.28          899.01        2362.32         3817.49         4928.73  
    0.031       694.16          959.19        2359.72         3808.88         4980.64  
    0.038       779.92          819.27        2399.17         3936.96         4772.03  
    0.044       737.20          847.02        2405.48         3986.80         4737.69  
    0.050       713.87          866.03        2395.25         4018.98         4608.06  
    0.056       711.62          836.12        2367.09         3933.02         4598.66  
    0.062       671.09          910.56        2355.40         3856.29         4440.45  
    0.069       663.78          957.27        2323.03         3801.92         4366.64  
    0.075       661.27          967.95        2294.84         3827.18         4350.77  
    0.081       653.87          977.50        2316.77         3813.11         4293.12  
    0.088       642.63          972.30        2336.51         3826.85         4280.00  
    0.094       646.77          956.95        2391.88         3898.92         4350.57  
    0.100       675.40          935.53        2403.15         3890.94         4470.82  
    0.106       731.63          891.23        2407.53         3878.57         4534.14  
    0.113       806.45          865.41        2363.71         3840.28         4511.19  
    0.119       850.71          1061.86        2270.63         3831.68         4523.03  
    0.125       859.25          1242.09        2255.08         3872.06         4578.83  
    0.131       879.15          1433.85        2313.89         3931.74         5437.86  
    0.138       895.07          1555.70        2382.65         3952.59         5499.00  
    0.144       22.34          924.76        1709.13         2463.87         4054.38  
    0.150       897.42          1454.75        2407.03         3956.29         5463.02  
    0.156       924.82          1320.71        2407.58         3940.37         5113.33  
    0.163       929.51          1299.04        2403.46         3834.74         4747.17  
    0.169       936.61          1293.83        2434.30         3768.86         4627.42  
    0.175       941.76          1191.36        2417.96         3990.95         4475.62  
    0.181       941.04          1077.84        2407.19         3930.32         4590.19  
    0.188       936.12          940.17        2374.65         3983.81         4516.70  
    0.194       878.54          929.48        2359.69         3954.63         4581.03  
    0.200       908.80          949.39        2352.28         3984.54         5477.12  
    0.206       22.69          903.36        1043.86         2366.16         3996.18  
    0.213       893.88          1039.41        2290.40         3965.75         5461.53  
    0.219       936.36          1098.10        2361.17         4076.90         4455.97  
    0.225       943.81          1282.93        2399.23         4051.60         4906.97  
    0.231       943.65          1270.09        2441.31         3958.41         5188.46  
    0.238       936.47          1232.83        2477.72         3964.18         4589.40  
    0.244       928.42          1295.04        2494.76         3981.27         4855.96  
    0.250       919.27          1273.25        2441.81         3849.01         4931.54  
    0.256       909.78          1177.16        2281.78         3840.25         4887.66  
    0.263       895.43          933.98        2134.52         3866.22         4923.29  
    0.269       866.29          1007.97        2153.41         3882.35         4845.26  
    0.275       836.77          978.78        2284.28         3800.70         4596.52  
    0.281       750.82          963.19        2398.62         3759.18         4430.96  
    0.288       714.42          985.84        2443.16         3822.72         4419.43  
    0.294       727.59          1016.28        2397.21         3792.22         4416.97  
    0.300       717.40          1046.89        2390.09         3805.55         4383.91  
    0.306       714.69          1050.04        2390.48         3874.70         4386.98  
    0.312       694.77          1053.81        2345.44         3882.72         4388.43  
    0.319       686.35          1051.91        2315.92         3784.95         4359.12  
    0.325       715.31          1047.00        2312.27         3670.27         4387.00  
    0.331       722.54          1040.99        2326.75         3768.79         4397.29  
    0.338       752.75          1028.52        2362.76         3865.80         4370.89  
    0.344       806.33          1021.90        2340.27         3818.72         4355.96  
    0.350       884.56          1002.76        2328.57         3678.45         4386.12  
    0.356       966.64          1000.21        2316.80         3662.75         4313.98  
    0.363       963.02          1006.94        2277.77         3629.10         4208.36  
    0.369       874.74          1336.21        2332.36         3663.36         4259.47  
    0.375       869.12          1335.75        2314.62         3723.88         4301.73  
    0.381       843.97          1258.26        2241.30         3679.39         4366.88  
    0.388       829.35          1200.23        2221.29         3811.41         4417.31  
    0.394       808.99          1232.34        2247.89         3799.17         4409.82  
    0.400       858.01          1227.71        2203.41         3549.89         4367.82  
    0.406       728.96          1477.36        2227.60         3267.43         4323.07  
    0.413       682.39          1595.39        2304.03         3345.86         4174.69  
    0.419       521.78          1618.77        2275.78         3477.52         4316.73  
    0.425       545.91          1591.71        2340.09         3301.61         4331.15  
    0.431       464.63          1504.58        2423.62         4205.25         5470.85  
    0.438       11.54          781.04        1696.19         2779.52         4280.97  
    0.444       706.74          1684.24        2754.31         4074.86         4499.10  
    0.450       895.98          1667.83        2599.47         3984.14         4162.33  
    0.456       857.74          1643.07        2423.60         3923.51         4566.45  
    0.463       811.91          1579.64        2395.49         3820.78         4661.13  
    