0.025       0          984.28        2161.83         2862.41         3829.47  
    0.031       0          1004.64        2150.49         2943.26         3782.66  
    0.038       0          1034.53        2139.12         3090.31         3768.47  
    0.044       0          1003.77        2090.43         3166.91         3852.54  
    0.050       0          794.54        2052.97         3071.10         3937.52  
    0.056       0          564.65        1399.94         2814.56         3905.88  
    0.062       246.97          677.65        1737.50         3264.48         4721.98  
    0.069       474.07          834.39        2544.95         3824.22         5500.00  
    0.075       486.95          835.57        2409.46         3858.50         5500.00  
    0.081       507.87          861.45        2316.68         3872.29         5500.00  
    0.088       520.72          885.23        2339.27         3868.84         5355.71  
    0.094       512.94          888.56        2356.25         3862.53         5191.62  
    0.100       504.15          890.61        2319.85         3867.36         5127.42  
    0.106       509.16          888.85        2222.93         3850.89         5080.12  
    0.113       523.89          881.94        2219.29         3832.69         5082.10  
    0.119       541.67          875.02        2353.88         3832.63         5097.24  
    0.125       568.92          861.30        2427.19         3825.84         5025.68  
    0.131       634.52          832.53        2354.35         3798.90         4982.93  
    0.138       701.44          839.87        2242.35         3792.48         5174.89  
    0.144       723.43          906.89        2146.06         3814.39         5419.82  
    0.150       722.98          991.67        2096.48         3818.25         5500.00  
    0.156       719.60          1032.70        2104.68         3790.04         5297.43  
    0.163       720.88          1035.27        2096.97         3759.78         5090.25  
    0.169       731.37          1039.62        2043.88         3760.14         5092.06  
    0.175       741.54          982.65        2027.11         3794.16         5108.43  
    0.181       742.08          1040.55        2059.94         3819.84         5002.85  
    0.188       349.40          932.18        2045.92         3679.17         4354.35  
    0.194       0          749.30        2004.53         3496.53         3825.65  
    0.200       0          750.51        2029.01         3234.34         3760.57  
    0.206       0          748.67        2069.49         3324.61         3717.13  
    0.213       0          749.39        2054.90         3621.52         4654.79  
    0.219       0          750.71        1984.18         3653.17         4573.14  
    0.225       0          753.06        1931.19         3631.21         3686.02  
    0.231       0          758.05        1932.28         3626.20         3937.14  
    0.238       0          769.01        1941.01         3641.79         4394.91  
    0.244       0          782.62        1929.38         3655.21         4309.14  
    0.250       0          788.40        1938.69         3660.36         4030.30  
    0.256       0          789.64        1969.77         3659.51         4037.61  
    0.263       0          789.55        1994.39         3658.88         4633.30  
    0.269       0          372.33        1361.85         2846.75         4352.04  
    0.275       413.53          532.84        1491.73         2930.77         4445.59  
    0.281       780.99          1129.40        2214.89         3639.42         5116.03  
    0.288       773.91          1234.43        2315.01         3628.09         5086.80  
    0.294       766.23          1235.44        2296.92         3645.04         5090.00  
    0.300       766.05          1282.82        2280.61         3653.57         5099.00  
    0.306       775.60          1363.15        2292.38         3650.62         5124.41  
    0.312       369.18          1080.40        2113.56         3649.04         4736.13  
    0.319       0          787.17        1949.43         3635.74         4910.41  
    0.325       408.50          1044.87        2155.45         3620.45         5214.82  
    0.331       767.24          1210.59        2384.70         3617.04         5068.50  
    0.338       770.04          1144.47        2429.05         3632.41         5106.84  
    0.344       788.41          1083.75        2424.34         3651.80         5164.98  
    0.350       800.79          946.21        2360.99         3662.81         5153.67  
    0.356       794.66          915.07        2320.12         3662.61         5100.45  
    0.363       771.63          1041.94        2330.00         3647.56         5085.88  
    0.369       754.71          1136.55        2376.36         3643.24         5124.53  
    0.375       745.15          1153.68        2422.68         3677.59         5193.06  
    0.381       727.94          1191.35        2399.50         3710.47         5200.71  
    0.388       715.29          1267.31        2363.50         3715.11         5173.64  
    0.394       723.48          1302.73        2399.86         3707.17         5342.99  
    0.400       737.93          1266.06        2477.89         3681.16         5500.00  
    0.406       738.64          1206.96        2555.97         3657.02         5500.00  
    0.413       727.08          1189.43        2623.45         3649.41         5423.38  
    0.419       719.33          1215.40        2643.92         3645.01         5431.48  
    0.425       727.04          1240.58        2694.73         3658.12         5500.00  
    0.431       732.36          1226.34        2882.17         3680.90         5500.00  
    0.438       732.74          1191.65        2980.63         3671.87         5500.00  
    0.444       734.63          1192.19        2855.54         3635.64         5500.00  
    0.450       725.17          1197.71        2763.23         3595.06         5424.82  
    0.456       703.14          1208.50        2801.12         3571.94         5211.60  
    0.463       685.46          1233.24        2808.63         3570.71         5034.40  
    0.469       680.67          1212.22        2827.45         3582.05         5140.75  
    0.475       690.07          1177.99        3152.41         3557.19         5392.90  
    0.481       716.49          1170.79        3438.29         3507.44         5500.00  
    0.488       759.06          1104.20        3052.54         3525.90         5500.00  
    0.494       704.09          972.45        2577.17         3605.83         5500.00  
    0.500       585.11          968.14        2465.56         3652.91         5500.00  
    0.506       538.68          1013.72        2408.15         3626.24         5349.89  
    0.513       531.85          1037.13        2424.56         3620.65         5219.38  
    0.519       571.55          1046.00        2515.00         3626.84         5228.42  
    0.525       678.82          1007.46        2536.42         3596.15         5374.19  
    0.531       699.34          1017.09        2504.19         3590.73         5500.00  
    0.537       662.66          1075.45        2492.25         3621.49         5284.12  
    0.544       666.30          1175.45        2497.28         3647.70         5207.96  
    0.550       672.02          1265.70        2503.14         3646.25         5411.49  
    0.556       674.82          1248.52        2515.14         3619.47         5467.48  
    0.562       318.96          572.09        1567.69         2674.40         4444.63  
    0.569       0          377.71        1315.45         2754.57         4269.43  
    0.575       316.24          711.78        1923.21         3571.02         4931.20  
    0.581       715.24          904.74        2173.42         3594.43         5015.52  
    0.588       525.63          969.50        2240.43         3561.21         5087.34  
    