0.025       728.05          1043.90        2647.99         3572.71         5500.00  
    0.031       637.14          950.14        2730.11         3539.18         5500.00  
    0.038       569.59          925.15        2720.31         3589.08         5378.44  
    0.044       559.39          883.66        2436.40         3610.85         5248.67  
    0.050       673.13          984.46        2339.73         3638.27         5186.58  
    0.056       705.47          1135.15        2339.83         3675.18         5099.41  
    0.062       714.76          1144.68        2417.99         3707.17         5044.17  
    0.069       731.60          1301.81        2509.40         3699.41         4924.41  
    0.075       738.71          1317.57        2501.53         3652.19         4877.34  
    0.081       755.26          1329.69        2409.75         3711.71         4844.84  
    0.088       705.92          1473.01        2476.49         3823.89         4797.02  
    0.094       680.90          1526.49        2497.12         3906.69         4716.49  
    0.100       688.02          1626.99        2485.01         3926.54         4680.96  
    0.106       697.63          1640.90        2461.68         3856.00         4644.22  
    0.113       717.65          1702.89        2448.41         3740.14         4593.40  
    0.119       716.00          1785.77        2503.08         4104.31         5351.61  
    0.125       711.04          1756.74        2536.69         4130.77         5500.00  
    0.131       716.09          1782.94        2549.95         4167.26         5500.00  
    0.138       116.28          894.96        2006.03         2892.79         4417.37  
    0.144       591.60          1678.25        2515.12         3945.25         5290.51  
    0.150       695.79          1889.36        2598.43         4210.48         5500.00  
    0.156       112.49          883.06        1968.81         2876.52         4428.52  
    0.163       554.88          1640.21        2523.10         3957.74         5292.66  
    0.169       659.43          1863.87        2657.73         4189.49         5500.00  
    0.175       654.03          1797.10        2646.59         4072.42         4824.32  
    0.181       643.12          1794.76        2670.46         3764.15         4576.29  
    0.188       642.95          1794.87        2490.41         3598.06         4525.88  
    0.194       650.14          1865.86        2469.18         3623.10         4560.72  
    0.200       652.20          1965.19        2389.21         3612.99         4552.78  
    0.206       667.12          1941.15        2076.86         3586.28         4537.74  
    0.213       665.88          2010.30        2025.35         3578.31         4536.72  
    0.219       651.56          2013.29        2062.12         3579.47         4515.13  
    0.225       652.61          1846.36        2014.28         3581.58         4494.76  
    0.231       656.11          1631.08        2030.71         3598.54         4510.53  
    0.238       649.79          1660.25        2035.95         3573.25         4521.32  
    0.244       657.86          1577.81        2037.00         3565.50         4531.54  
    0.250       666.77          1505.70        2042.61         3576.70         4559.89  
    0.256       668.50          1432.13        2088.95         3592.57         4574.53  
    0.263       682.81          1376.52        2123.10         3588.39         4579.16  
    0.269       685.86          1385.66        2174.26         3603.49         4564.33  
    0.275       655.00          1246.16        2279.27         3611.85         4601.75  
    0.281       648.51          1173.05        2368.82         3623.18         4718.30  
    0.288       646.13          1174.10        2461.39         3679.84         4699.36  
    0.294       591.46          1109.56        2213.96         3681.14         4686.93  
    0.300       560.95          1008.44        2422.24         3653.51         4782.43  
    0.306       535.99          999.05        2856.15         3654.33         4926.75  
    0.312       463.61          977.67        3102.50         3730.07         4937.81  
    0.319       424.81          949.59        3140.35         3706.77         4836.57  
    0.325       475.70          943.32        3030.07         3649.57         4861.95  
    0.331       441.94          950.45        2909.54         3520.39         4901.23  
    0.338       443.45          962.92        3119.24         3497.42         4842.60  
    0.344       72.22          654.27        1720.91         3188.28         4564.56  
    0.350       0          593.53        928.53         3097.27         4664.67  
    0.356       0          306.90        871.27         3031.15         4555.89  
    