0.025       0          1112.26        2451.20         3606.80         4571.07  
    0.031       590.16          1097.87        2557.23         3576.48         4436.35  
    0.038       1007.54          1085.08        2647.38         3560.79         4332.54  
    0.044       994.52          1059.95        2678.85         3521.58         4319.89  
    0.050       918.03          1106.79        2733.32         3469.50         4274.00  
    0.056       811.86          1162.81        2749.93         3461.01         4222.58  
    0.062       754.04          1146.54        2692.67         3445.40         4255.38  
    0.069       750.31          1135.04        2649.84         3427.12         4290.63  
    0.075       791.15          1141.53        2660.68         3402.64         4239.04  
    0.081       849.55          1050.52        2660.87         3363.98         4174.96  
    0.088       870.47          971.53        2672.78         3361.88         4140.37  
    0.094       864.71          958.59        2696.51         3394.67         4118.18  
    0.100       820.61          983.42        2689.29         3426.59         4131.01  
    0.106       771.89          1005.87        2697.96         3391.06         4205.70  
    0.113       748.58          1010.53        2736.67         3382.49         4229.63  
    0.119       739.59          1013.40        2724.43         3449.54         4134.98  
    0.125       734.95          1006.97        2693.80         3482.31         4053.97  
    0.131       728.37          997.62        2696.57         3455.66         4046.30  
    0.138       720.63          993.42        2714.12         3433.29         4045.92  
    0.144       726.18          985.88        2727.47         3438.07         4059.60  
    0.150       748.14          965.69        2731.95         3453.48         4107.58  
    0.156       753.63          958.59        2734.90         3463.66         4154.85  
    0.163       747.78          963.26        2740.21         3462.29         4160.35  
    0.169       766.07          937.99        2754.29         3434.70         4076.45  
    0.175       749.71          936.43        2764.84         3386.70         3940.41  
    0.181       713.74          954.94        2771.39         3385.70         3884.51  
    0.188       718.33          948.86        2773.81         3404.70         3919.49  
    0.194       727.78          943.97        2779.38         3386.19         3937.52  
    0.200       725.98          941.46        2793.55         3383.54         3936.89  
    0.206       723.07          937.44        2799.85         3428.39         4020.20  
    0.213       720.75          926.18        2791.04         3428.88         4045.74  
    0.219       717.72          933.46        2778.63         3403.10         4046.18  
    0.225       703.35          967.99        2779.37         3402.19         4100.56  
    0.231       683.76          986.63        2789.83         3415.53         4139.65  
    0.238       667.79          995.96        2794.62         3428.91         4157.64  
    0.244       651.62          995.00        2802.42         3450.93         4163.50  
    0.250       643.55          987.51        2811.25         3452.36         4140.76  
    0.256       645.07          969.06        2814.37         3442.46         4144.13  
    0.263       649.52          945.30        2818.15         3438.00         4170.96  
    0.269       660.39          931.57        2837.46         3437.78         4171.75  
    0.275       657.67          933.86        2864.19         3449.51         4172.22  
    0.281       644.67          945.79        2878.79         3442.17         4171.58  
    0.288       640.52          949.84        2885.26         3401.51         4184.69  
    0.294       634.53          936.26        2888.63         3405.86         4222.31  
    0.300       630.55          899.47        2911.41         3455.88         4247.17  
    0.306       627.05          874.53        2931.74         3364.33         4246.86  
    0.312       627.24          849.54        2951.65         3248.64         4249.44  
    0.319       655.84          815.22        2988.97         3191.93         4283.42  
    0.325       605.40          794.42        3070.10         3215.25         4343.19  
    0.331       520.83          808.58        3082.07         3669.20         4406.84  
    