0.025       0          341.10        2001.19         2917.59         4867.32  
    0.031       295.98          634.61        2824.83         3411.72         5050.63  
    0.038       322.25          601.51        2887.67         3305.56         5054.43  
    0.044       348.29          508.23        2574.11         2957.10         5027.30  
    0.050       41.35          398.72        1813.36         2859.25         4620.03  
    0.056       0          376.50        1662.03         2765.34         4002.82  
    0.062       0          374.68        1640.15         2981.72         4005.25  
    0.069       0          363.59        1524.15         2954.29         4140.87  
    0.075       0          357.29        1440.46         2910.17         4086.42  
    0.081       0          355.65        1419.54         2969.44         3999.95  
    0.088       0          350.27        1411.34         2928.13         3935.33  
    0.094       0          349.82        1411.01         2921.51         3921.91  
    0.100       0          350.53        1385.73         2927.90         3925.23  
    0.106       0          340.10        1346.22         2781.65         3871.63  
    0.113       0          333.61        1328.27         2774.00         3927.58  
    0.119       0          328.88        1351.45         2783.51         4009.13  
    0.125       0          331.36        1418.64         2835.33         3978.16  
    0.131       0          324.15        1455.22         2854.13         3920.09  
    0.138       0          307.16        1421.06         2628.24         3973.86  
    0.144       0          309.98        1433.97         2588.88         3983.67  
    0.150       0          322.81        1431.67         2621.77         3946.20  
    0.156       0          330.70        1421.67         2664.05         3880.64  
    0.163       0          333.10        1393.94         2784.23         3836.05  
    0.169       0          340.47        1376.02         2848.40         3891.42  
    0.175       0          340.80        1328.74         2670.44         3929.12  
    0.181       0          347.05        1351.41         2659.90         3994.60  
    0.188       0          349.77        1370.26         2601.26         3971.30  
    0.194       0          351.68        1372.43         2482.33         3978.37  
    0.200       0          380.42        1453.09         2594.72         3976.40  
    0.206       0          400.85        1504.44         2630.52         3963.70  
    0.213       0          412.46        1496.46         2730.58         3934.97  
    0.219       0          407.46        1513.10         2724.92         3953.29  
    0.225       332.81          1335.00        2187.30         3704.04         5318.67  
    0.231       44.29          521.33        1616.76         2839.45         3980.85  
    0.238       0          450.89        1542.47         3053.94         3885.24  
    0.244       0          456.28        1552.05         3072.65         3928.74  
    0.250       0          451.69        1505.98         3021.82         3965.68  
    0.256       0          463.92        1484.33         2983.74         3923.37  
    0.263       0          529.12        1540.32         2986.47         3922.85  
    0.269       0          574.63        1537.83         2975.90         3926.99  
    0.275       0          598.30        1568.23         3160.89         4024.92  
    0.281       0          617.16        1592.86         3187.42         4331.88  
    0.288       0          639.55        1628.53         3134.14         4454.18  
    0.294       0          664.60        1702.35         3229.63         4746.00  
    0.300       0          78.41        810.42         2067.92         3452.60  
    0.306       0          625.76        1688.68         2443.63         3947.28  
    0.312       0          715.45        1510.77         2500.20         3964.12  
    0.319       289.34          1001.45        2315.15         3836.16         4571.35  
    0.325       309.18          1082.62        2712.02         3561.56         4467.13  
    0.331       36.02          391.41        1210.61         2938.81         4020.33  
    0.338       0          296.25        982.10         2774.11         3911.04  
    0.344       256.43          758.80        2469.79         3315.38         5034.48  
    0.350       284.09          801.53        2706.95         3436.17         5170.60  
    0.356       284.31          829.88        2815.85         3636.73         5179.80  
    0.363       295.32          810.25        2734.06         3645.74         5239.83  
    0.369       301.11          824.19        2786.12         3634.92         5288.98  
    0.375       307.10          817.11        3114.25         4160.63         5475.86  
    0.381       313.81          835.94        2900.36         3486.93         5151.09  
    0.388       338.37          847.23        2861.55         3464.86         5075.46  
    0.394       366.02          843.88        2989.31         3432.49         5085.28  
    0.400       333.96          900.81        2678.45         3595.67         5183.19  
    0.406       339.88          867.76        2572.91         3743.44         5464.29  
    0.413       40.09          101.29        684.93         2524.76         3814.07  
    