0.025       322.38          812.10        2808.54         3652.83         4385.91  
    0.031       329.45          823.17        2838.28         3618.43         4606.09  
    0.038       337.06          839.93        2869.79         3609.63         4940.00  
    0.044       338.14          849.05        2930.82         3687.53         5032.88  
    0.050       337.27          849.62        2963.56         3730.03         5111.16  
    0.056       334.10          843.33        2917.38         3680.22         5164.21  
    0.062       335.21          841.92        2892.67         3646.83         5009.01  
    0.069       337.68          843.77        2901.38         3732.01         4962.80  
    0.075       334.39          835.48        2858.04         3797.51         4925.34  
    0.081       335.27          827.86        2768.97         3772.20         4837.21  
    0.088       343.85          832.71        2857.14         3767.20         4984.55  
    0.094       347.53          833.78        2909.39         3731.84         5071.36  
    