0.025       0          1141.00        2160.77         3572.83         4494.49  
    0.031       0          959.43        2105.79         3406.68         4436.30  
    0.038       0          1183.83        2158.28         3129.38         4332.41  
    0.044       483.17          1636.69        2545.67         3757.80         5040.93  
    0.050       743.99          1879.73        2798.72         4032.19         5106.32  
    0.056       691.28          1890.13        2775.02         3833.72         4882.07  
    0.062       645.39          1983.31        2747.04         3795.34         4947.65  
    0.069       238.79          780.97        2172.82         2757.85         4245.53  
    0.075       0          0        1935.62         2695.60         3887.25  
    0.081       328.67          1124.56        2765.27         3656.31         4909.20  
    0.088       652.78          1805.65        3191.02         4204.24         5500.00  
    0.094       276.36          1394.59        2563.62         3691.27         4800.68  
    0.100       0          1087.14        2098.35         3268.77         4362.52  
    0.106       0          1141.22        2084.36         3195.99         4356.01  
    0.113       0          1064.88        2107.32         3207.74         4571.28  
    0.119       227.50          1517.24        2370.97         3453.61         4792.64  
    0.125       293.93          1653.32        2627.05         3605.60         4875.81  
    0.131       94.67          583.49        1793.97         2935.54         4168.24  
    0.138       0          957.18        1957.68         3362.74         3985.35  
    0.144       0          585.64        1995.26         3552.83         4238.37  
    0.150       618.29          1394.87        2756.58         3951.70         5042.82  
    0.156       378.29          1465.23        2586.52         3687.63         4734.76  
    0.163       442.20          1550.10        2568.46         3804.47         5031.79  
    0.169       270.56          1544.07        2482.29         3679.70         4941.14  
    0.175       0          1236.83        2310.44         3458.06         4812.86  
    0.181       0          1076.48        2256.99         3436.01         4940.47  
    0.188       0          926.39        2127.67         3349.11         4697.24  
    0.194       0          968.10        2134.33         3316.21         4412.06  
    0.200       0          1219.40        2246.59         3281.22         4320.92  
    0.206       512.34          1396.65        2567.86         3783.30         4855.42  
    0.213       714.40          1351.36        2604.83         3839.27         5055.72  
    0.219       245.31          494.07        1810.88         2972.41         4189.69  
    0.225       0          0        1363.43         2561.63         3710.47  
    0.231       0          0        1364.43         2626.02         3757.86  
    0.238       0          899.30        2135.88         3371.29         4497.86  
    0.244       0          1447.34        2477.48         3563.17         4734.39  
    0.250       0          1258.77        2302.99         3343.82         4565.53  
    0.256       0          978.25        2134.67         3284.35         4515.17  
    0.263       0          793.26        2082.84         3382.52         4715.52  
    0.269       0          599.19        2152.67         3435.22         4716.64  
    0.275       254.65          1052.15        2397.19         3406.81         4636.21  
    0.281       155.81          524.91        1216.25         2840.69         3935.36  
    0.288       0          0        459.88         2521.28         3519.17  
    0.294       0          0        491.83         2550.77         3540.07  
    0.300       229.09          282.71        1781.66         3181.77         4326.50  
    0.306       395.05          604.59        2551.58         3557.12         4837.98  
    0.312       411.70          711.26        2581.48         3575.61         4931.94  
    0.319       401.84          747.86        2631.71         3588.75         4974.76  
    0.325       393.34          737.71        2661.51         3566.55         4960.55  
    0.331       398.22          638.13        2665.68         3552.64         4924.65  
    0.338       152.60          222.90        1261.42         2992.20         4086.57  
    0.344       251.46          372.12        1809.99         3199.89         4412.66  
    0.350       402.91          651.89        2708.70         3532.40         4858.82  
    0.356       420.58          628.24        2763.15         3542.27         4762.84  
    0.363       164.10          225.58        1360.01         2955.43         4003.49  
    0.369       0          0        504.47         2600.67         3548.80  
    0.375       305.69          313.14        1883.05         3187.20         4415.22  
    0.381       376.73          527.54        2691.97         3553.63         4976.27  
    0.388       116.06          205.54        1358.00         2969.92         4110.75  
    0.394       0          0        554.09         2549.12         3555.38  
    0.400       0          0        560.59         2492.77         3513.73  
    0.406       0          0        568.77         2480.83         3484.00  
    0.413       0          0        544.97         2358.00         3504.97  
    0.419       0          345.50        1449.70         3012.81         4061.07  
    0.425       0          211.39        1113.60         2980.50         3848.89  
    0.431       0          0        549.08         2503.73         3505.71  
    0.438       0          253.28        1577.25         3020.05         4050.86  
    0.444       194.94          1163.70        2470.86         3663.03         4770.34  
    0.450       298.11          1762.09        2784.49         3714.54         4945.24  
    0.456       109.42          1117.58        2311.11         3442.79         4699.99  
    0.463       0          255.19        1698.24         2866.49         3973.79  
    0.469       220.33          989.51        2445.19         3257.97         4391.15  
    0.475       134.81          605.42        2090.51         3270.54         4184.34  
    0.481       0          0        1482.62         2843.24         3662.64  
    0.488       0          0        1399.05         2638.28         3639.41  
    0.494       448.73          1140.89        2006.86         3324.66         4498.49  
    0.500       648.02          1837.37        2674.72         3764.66         4965.63  
    0.506       228.50          1427.02        2303.62         3421.82         4608.64  
    0.513       261.55          1460.88        2592.84         3768.00         5084.96  
    0.519       160.03          1478.26        2803.63         3745.44         4572.74  
    0.525       0          1288.33        2496.37         3504.96         4128.73  
    0.531       487.63          1535.85        2552.83         3802.57         4929.96  
    0.537       298.35          653.86        2007.33         3210.07         4450.06  
    0.544       0          847.07        2161.54         3286.85         4585.14  
    0.550       0          1119.21        2378.04         3470.74         4714.12  
    0.556       0          1119.82        2258.82         3400.17         4578.48  
    0.562       0          1237.70        2195.16         3504.24         4248.48  
    0.569       0          1180.39        2214.47         3492.51         4037.92  
    0.575       0          1253.64        2287.21         3484.16         4267.64  
    0.581       0          1360.40        2447.42         3498.33         4394.37  
    0.588       0          1204.52        2431.13         3156.92         4257.79  
    0.594       448.70          1593.89        2760.69         3629.29         4762.84  
    0.600       647.75          1788.30        2976.34         3990.10         4945.46  
    0.606       619.58          1690.64        2950.88         3834.47         4804.09  
    0.613       718.92          1693.56        2823.87         3747.09         4927.05  
    0.619       728.96          1862.04        2732.68         3755.44         5087.11  
    0.625       266.49          1204.02        2321.04         3648.48         5139.32  
    0.631       0          804.50        2096.24         3408.36         4677.68  
    0.638       0          995.36        2175.11         3312.76         4372.68  
    