0.025       333.54          1360.23        2625.15         3842.27         4365.53  
    0.031       371.49          970.90        2661.81         3825.61         4172.72  
    0.038       372.96          666.62        2711.54         3820.75         4038.13  
    0.044       337.85          667.31        2636.07         3866.26         4121.52  
    0.050       319.50          644.69        2599.92         3880.22         4198.93  
    0.056       304.29          628.01        2669.45         3855.91         4300.77  
    0.062       302.17          635.44        2734.14         3837.16         4376.89  
    0.069       303.13          667.24        2833.78         3833.19         4364.60  
    0.075       300.61          689.62        2968.76         3847.54         4363.43  
    0.081       294.25          696.82        3070.39         3856.17         4463.39  
    0.088       289.69          703.93        3099.46         3840.20         4585.44  
    0.094       288.43          711.99        3132.90         3826.40         4650.46  
    0.100       286.13          717.91        3119.14         3833.37         4693.37  
    0.106       282.21          718.62        3011.65         3843.13         4744.95  
    0.113       276.93          715.53        2898.12         3847.20         4693.34  
    0.119       275.75          716.32        2918.32         3834.83         4500.39  
    0.125       272.77          720.64        2943.36         3816.45         4415.32  
    0.131       266.01          724.17        2985.34         3810.62         4459.35  
    0.138       271.22          728.90        3192.68         3811.03         4571.79  
    0.144       281.61          729.61        3430.57         3832.17         4672.92  
    0.150       283.21          728.95        3287.98         3841.47         4692.65  
    0.156       280.12          734.82        3030.88         3826.07         4750.70  
    0.163       277.59          740.38        3096.58         3814.98         4820.85  
    0.169       277.11          742.43        3249.70         3799.33         4820.15  
    0.175       279.43          741.04        3454.46         3789.50         4942.72  
    0.181       285.00          736.82        3610.05         3799.32         5299.63  
    0.188       290.76          735.66        3501.88         3814.69         5500.00  
    0.194       131.89          496.00        1932.32         3647.67         4582.10  
    0.200       164.94          535.15        2269.76         3673.87         4747.96  
    0.206       297.81          724.49        3357.52         3804.75         5300.05  
    0.213       295.12          707.15        2982.18         3781.05         4482.38  
    0.219       293.40          689.92        2834.51         3770.87         4274.21  
    0.225       288.04          683.82        2866.22         3782.16         4739.66  
    0.231       282.41          677.09        2867.83         3786.71         4811.81  
    0.238       281.12          672.40        2913.62         3776.96         4669.63  
    0.244       282.93          676.20        3024.41         3771.99         4681.17  
    0.250       282.61          678.67        2924.87         3767.63         4742.24  
    0.256       281.64          676.34        2766.48         3757.39         4696.44  
    0.263       283.18          672.02        2749.60         3750.88         4683.38  
    0.269       286.05          668.49        2716.49         3735.41         4824.92  
    0.275       296.76          659.68        2731.19         3735.10         4939.63  
    0.281       318.77          646.48        2788.93         3744.18         4965.82  
    0.288       333.14          619.13        2749.72         3745.34         4934.14  
    