0.025       391.06          725.80        2927.89         3469.15         5500.00  
    0.031       378.85          724.71        2910.13         3473.41         5500.00  
    0.038       182.08          553.73        1918.25         3091.04         4504.47  
    0.044       0          383.14        1021.17         2696.77         3586.07  
    0.050       176.37          718.68        1786.15         3123.39         4076.12  
    0.056       347.63          1072.36        2428.49         3519.85         4546.44  
    0.062       345.48          1108.98        2344.39         3511.79         4632.67  
    0.069       345.33          1146.30        2262.18         3542.82         4678.67  
    0.075       346.60          1165.66        2213.09         3582.13         4689.77  
    0.081       348.72          1163.98        2202.27         3636.85         4702.57  
    0.088       347.93          1165.86        2181.40         3647.55         4727.06  
    0.094       349.42          1188.96        2191.09         3653.49         4726.39  
    0.100       352.43          1213.97        2236.78         3672.11         4691.50  
    0.106       350.26          1218.82        2274.68         3659.03         4658.77  
    0.113       349.54          1219.00        2260.20         3653.75         4806.16  
    0.119       353.08          1259.13        2241.42         3636.53         4935.21  
    0.125       352.42          1344.82        2251.85         3523.04         4789.90  
    0.131       351.59          1465.88        2313.31         3463.05         4520.86  
    0.138       354.31          1500.59        2462.17         3500.01         4356.56  
    0.144       355.62          1417.12        2642.75         3527.58         4408.64  
    0.150       358.76          1425.64        2632.88         3512.51         4590.23  
    0.156       363.79          1457.49        2522.11         3473.47         4683.08  
    0.163       362.24          1369.66        2526.46         3451.72         4692.66  
    0.169       358.47          1256.40        2502.51         3454.82         4751.91  
    0.175       359.51          1195.19        2478.39         3472.96         4735.39  
    0.181       357.93          1189.70        2512.60         3461.24         4643.66  
    0.188       354.44          1185.60        2493.61         3425.25         4623.50  
    0.194       354.80          1193.40        2423.53         3419.46         4646.60  
    0.200       356.20          1237.51        2409.52         3440.09         4597.36  
    0.206       357.13          1285.05        2512.69         3476.06         4648.87  
    0.213       357.14          1253.48        2602.94         3483.93         4696.53  
    0.219       356.23          1169.58        2592.44         3411.62         4671.39  
    0.225       357.39          1152.53        2589.15         3375.82         4727.31  
    0.231       359.47          1169.08        2530.85         3385.62         4721.73  
    0.238       361.05          1202.81        2367.09         3379.56         4609.55  
    0.244       359.67          1229.69        2217.48         3362.22         4536.79  
    0.250       358.56          1224.52        2177.14         3357.34         4524.64  
    0.256       363.00          1212.96        2252.13         3397.02         4518.92  
    0.263       366.69          1198.61        2375.11         3459.96         4534.36  
    0.269       366.46          1149.13        2359.06         3456.22         4570.60  
    0.275       367.52          1114.77        2277.47         3425.17         4538.53  
    0.281       369.76          1120.13        2257.60         3428.09         4426.85  
    0.288       370.57          1132.75        2273.39         3423.36         4358.76  
    0.294       370.83          1120.65        2318.87         3431.15         4420.37  
    0.300       370.98          1055.51        2348.49         3442.44         4507.21  
    0.306       369.10          1001.27        2385.39         3445.54         4489.67  
    0.312       370.22          995.97        2541.74         3443.56         4456.98  
    0.319       372.39          896.77        2876.03         3426.26         4401.64  
    0.325       363.16          755.59        3066.03         3414.89         4449.39  
    0.331       361.46          718.47        2897.71         3421.10         4650.40  
    0.338       379.45          753.67        2706.76         3421.89         4809.42  
    0.344       394.20          850.52        2701.75         3435.30         4833.86  
    0.350       366.96          865.72        2732.92         3508.93         4703.87  
    0.356       336.88          853.73        2765.25         3846.42         5056.95  
    0.363       167.19          619.76        2315.05         3463.75         4820.58  
    0.369       0          354.04        1907.61         2748.10         4089.40  
    0.375       167.38          772.21        2319.55         3328.24         4769.71  
    0.381       164.96          762.72        2521.13         3330.70         4929.24  
    0.388       154.86          1032.60        2559.78         3540.57         4602.34  
    0.394       322.76          1695.62        2741.69         4221.54         5076.77  
    