0.025       425.75          952.99        2708.61         3564.50         4474.80  
    0.031       433.96          930.44        2707.47         3552.40         4466.47  
    0.038       439.15          909.89        2690.54         3521.49         4456.37  
    0.044       440.11          899.05        2714.02         3516.87         4467.01  
    0.050       448.61          884.33        2720.86         3513.28         4467.19  
    0.056       450.60          880.76        2689.15         3499.46         4484.15  
    0.062       444.11          878.81        2678.75         3500.56         4476.39  
    0.069       445.52          867.42        2700.13         3538.25         4463.00  
    0.075       439.76          871.32        2687.07         3557.61         4460.94  
    0.081       431.98          872.00        2689.11         3540.76         4456.70  
    0.088       434.54          863.12        2716.69         3519.92         4479.79  
    0.094       435.33          849.81        2701.81         3504.68         4471.95  
    0.100       432.24          837.71        2677.14         3503.67         4462.47  
    0.106       426.99          831.31        2675.67         3517.45         4453.23  
    