0.025       323.22          539.25        2607.03         4175.11         5170.81  
    0.031       313.06          732.62        2664.60         4108.04         4888.39  
    0.038       313.23          790.62        2718.75         4150.85         5158.40  
    0.044       313.24          784.00        2669.40         4222.94         5455.64  
    0.050       312.22          771.12        2677.49         4336.54         5241.75  
    0.056       311.89          761.42        2602.61         4045.71         4962.88  
    0.062       312.34          759.17        2539.72         3808.69         4761.61  
    0.069       311.19          759.37        2517.20         3637.87         4750.28  
    0.075       309.65          758.12        2507.03         3504.71         4805.76  
    0.081       308.05          755.49        2511.91         3467.89         4839.10  
    0.088       308.62          751.08        2533.01         4081.01         4670.16  
    0.094       310.77          750.90        2606.69         4369.02         4631.60  
    0.100       312.13          753.63        2721.47         4414.66         4777.74  
    0.106       312.05          748.47        2752.18         4316.95         4984.14  
    0.113       312.95          753.03        2756.93         4384.30         5423.87  
    0.119       313.94          755.82        2793.63         4355.27         5500.00  
    0.125       49.57          385.71        1077.48         3179.64         4476.90  
    0.131       267.13          682.48        2577.63         4070.79         5308.27  
    0.138       320.12          750.08        2855.45         4032.86         4552.84  
    0.144       318.60          742.08        2696.30         4243.31         4566.60  
    0.150       50.22          385.94        1047.73         2962.65         4298.18  
    0.156       0          320.97        741.02         2667.40         4251.34  
    0.163       270.72          667.88        2372.33         4039.04         5303.23  
    0.169       321.20          736.98        2718.24         3889.86         4595.34  
    0.175       321.39          741.36        2692.99         4169.84         4752.14  
    0.181       321.97          744.05        2711.55         4218.53         4647.78  
    0.188       321.45          745.89        2622.83         4168.70         5360.61  
    0.194       319.91          731.87        2733.62         4137.45         5500.00  
    0.200       318.70          725.99        2673.28         4167.18         5500.00  
    0.206       321.71          738.18        2630.27         4188.09         5500.00  
    0.213       325.66          733.76        2552.76         4185.00         5500.00  
    0.219       326.73          732.95        2562.90         4174.40         5500.00  
    0.225       51.58          392.74        1030.46         3232.45         4467.47  
    0.231       272.79          660.92        2453.90         4135.82         4627.33  
    0.238       319.81          718.23        2517.19         4187.80         4770.04  
    0.244       319.77          714.94        2481.24         4133.36         4797.97  
    0.250       321.73          720.98        2448.48         4111.37         4842.75  
    0.256       322.19          727.20        2406.27         4112.68         4700.74  
    0.263       318.63          721.12        2414.86         4095.44         4596.12  
    0.269       316.74          723.76        2542.50         4083.95         4735.78  
    0.275       317.22          731.72        2577.25         4145.51         4863.27  
    0.281       316.10          733.88        2517.63         4124.80         4782.41  
    0.288       316.28          740.82        2445.88         4091.61         4823.15  
    0.294       317.70          750.69        2326.66         4104.81         4888.98  
    0.300       319.98          759.25        2186.81         4054.29         4755.95  
    0.306       325.50          765.74        2210.24         4026.46         4744.75  
    0.312       330.17          763.14        2344.16         4090.70         4666.25  
    0.319       330.85          746.59        2283.56         4104.93         4704.64  
    0.325       332.11          722.96        2358.83         4046.45         5020.32  
    0.331       324.43          707.43        2398.16         3932.67         5212.54  
    0.338       319.58          700.88        2574.06         3881.13         4953.57  
    0.344       296.03          688.64        2600.30         4059.09         5079.57  
    0.350       278.83          707.72        2547.23         4105.58         5028.94  
    0.356       270.39          720.20        2578.28         4060.75         4866.30  
    0.363       263.01          722.51        2552.67         4029.08         4746.85  
    0.369       241.33          733.61        2537.29         4106.94         4662.62  
    0.375       232.60          743.69        2506.43         4167.23         4549.45  
    0.381       260.88          881.66        2873.33         4172.98         4468.85  
    0.388       42.04          506.03        1911.42         3205.31         4413.66  
    0.394       0          566.05        2042.67         3241.24         4544.88  
    0.400       0          600.23        2376.27         2996.59         4388.02  
    0.406       341.94          905.70        2678.85         3974.03         5319.09  
    0.413       419.73          1033.28        2775.43         4084.04         5130.28  
    0.419       383.06          1428.99        2761.20         4044.44         4896.10  
    0.425       304.89          1554.97        2886.22         4270.76         4787.45  
    0.431       235.64          1523.28        2932.64         4297.86         5031.83  
    0.438       321.82          1596.22        2603.44         4203.95         4756.86  
    0.444       485.90          1954.18        2389.21         4160.37         4430.61  
    0.450       510.88          1974.58        2262.39         3997.33         4530.73  
    