0.025       319.09          608.60        2317.78         3372.22         5500.00  
    0.031       310.40          648.01        2537.35         3404.99         5417.73  
    0.038       305.76          647.51        2671.64         3238.98         5475.06  
    0.044       309.53          632.63        2806.05         3133.38         5500.00  
    0.050       310.57          587.29        2777.58         3689.90         5500.00  
    0.056       72.23          409.50        943.80         2942.08         4383.78  
    0.062       0          351.24        1496.30         2647.38         3992.84  
    0.069       246.98          924.60        2300.55         3185.31         5145.65  
    0.075       311.22          1130.69        2376.45         3912.07         5500.00  
    0.081       71.66          493.49        1419.89         2691.99         4551.05  
    0.088       229.61          931.30        1984.30         3706.07         5212.29  
    0.094       306.02          1124.83        2230.32         4044.86         5500.00  
    0.100       302.83          1094.02        2243.09         3755.38         5390.49  
    0.106       299.67          1104.17        2310.91         3739.85         5249.32  
    0.113       304.90          1084.93        2308.84         4012.97         4864.84  
    0.119       313.78          1013.59        2265.58         3948.57         4777.57  
    0.125       73.51          489.53        1323.91         2785.91         4201.89  
    0.131       0          405.46        1365.89         2600.51         3990.15  
    0.138       0          500.39        1542.34         2669.09         3928.21  
    0.144       0          530.63        1615.26         2614.46         3910.25  
    0.150       0          542.13        1764.36         2639.73         3940.07  
    0.156       0          562.31        1804.03         2705.10         3940.99  
    0.163       0          590.83        1701.98         2770.29         3953.75  
    0.169       0          607.19        1751.14         2834.34         3884.65  
    0.175       0          599.68        1955.12         2908.63         3809.41  
    0.181       0          569.99        1962.25         2807.62         3837.42  
    0.188       0          568.45        1867.38         2805.63         3876.66  
    0.194       0          589.45        1841.88         2840.51         3886.85  
    0.200       0          600.60        1862.22         2980.77         4010.06  
    0.206       0          600.48        1893.34         3050.78         4385.47  
    0.213       0          601.57        1965.54         3079.34         5032.56  
    0.219       0          140.07        902.76         2271.98         3698.17  
    0.225       0          417.84        1638.25         2997.83         3666.74  
    0.231       0          545.37        1874.03         2959.76         3756.93  
    0.238       388.71          532.84        2171.03         3472.47         5091.78  
    0.244       417.31          756.78        2242.21         3639.86         5500.00  
    0.250       378.09          837.03        2195.60         3606.68         5256.49  
    0.256       369.91          844.86        2200.10         3660.61         5079.05  
    0.263       357.86          851.55        2163.68         3672.01         5080.22  
    0.269       335.57          872.46        2143.79         3688.54         5021.93  
    0.275       324.99          900.56        2133.99         3684.49         4874.62  
    0.281       317.75          973.70        2105.99         3707.18         4934.23  
    0.288       314.69          1007.90        2031.06         3661.00         4816.47  
    0.294       307.14          970.78        2033.88         3661.53         4738.96  
    0.300       70.95          222.94        713.50         2315.29         3988.37  
    0.306       0          240.39        1440.29         2788.08         3903.11  
    0.312       0          296.43        1840.60         2769.16         3979.22  
    0.319       0          295.89        1801.56         2694.10         4014.68  
    0.325       0          277.87        1835.55         3241.58         3625.78  
    0.331       195.87          1160.35        2049.94         3379.29         4927.84  
    0.338       59.39          528.09        1626.37         2812.48         4403.69  
    0.344       0          254.60        1495.53         2627.26         4091.20  
    0.350       0          254.47        1512.42         2610.60         4023.68  
    0.356       0          255.48        1491.47         2529.44         3985.55  
    0.363       198.40          1183.98        2244.49         3630.17         5146.26  
    0.369       259.97          1418.65        2397.86         3944.20         5500.00  
    0.375       261.77          1375.75        2479.54         3932.49         5500.00  
    0.381       61.00          519.88        1649.10         2993.53         4330.92  
    0.388       0          262.48        1390.65         2553.88         3941.63  
    0.394       200.59          742.44        2173.44         3427.11         4926.10  
    0.400       262.75          515.66        2360.80         3499.70         5025.19  
    0.406       263.33          835.95        2258.75         3393.13         4904.19  
    0.413       270.65          1093.91        2441.74         3460.98         5057.55  
    0.419       291.89          1252.24        2720.53         3602.29         5241.15  
    0.425       291.58          1382.57        2620.85         3461.06         5091.95  
    0.431       272.57          1437.43        2616.04         3448.57         5066.26  
    0.438       268.33          1406.37        2576.15         3495.55         4998.25  
    