0.025       466.59          832.87        2331.05         3335.35         4357.16  
    0.031       498.33          1125.51        2419.69         3378.43         4384.07  
    0.038       469.07          834.28        2301.66         3045.65         4360.94  
    0.044       457.50          786.15        2312.34         2959.95         4890.39  
    0.050       45.77          503.46        971.76         2741.65         4219.23  
    0.056       451.91          844.68        2506.72         4107.80         5363.48  
    0.062       511.29          986.29        2728.23         3534.74         4704.05  
    0.069       477.49          793.98        2744.27         3194.62         4507.26  
    0.075       463.55          768.34        2702.42         3116.26         4268.63  
    0.081       465.86          780.69        2684.87         3127.58         4192.61  
    0.088       464.53          783.80        2693.77         3132.17         3723.44  
    0.094       457.00          774.89        2711.82         3158.44         3212.70  
    0.100       457.26          785.11        2704.87         3106.84         3809.10  
    0.106       450.15          769.30        2730.03         3116.06         3752.04  
    0.113       437.79          767.87        2746.72         3209.39         5323.37  
    0.119       440.42          771.17        2817.95         3365.57         5500.00  
    0.125       435.76          754.30        2976.29         3263.27         5500.00  
    0.131       43.62          479.74        980.22         2945.03         3537.97  
    0.138       0          45.04        484.56         969.66         2856.16  
    0.144       404.93          669.31        2045.13         2564.23         3422.27  
    0.150       445.23          732.93        2681.78         2804.69         3364.77  
    0.156       442.77          726.76        2744.78         2914.49         3291.33  
    0.163       444.07          734.84        2648.53         2745.21         3235.61  
    0.169       436.48          735.61        2718.51         2989.83         3265.44  
    0.175       429.65          734.58        2753.96         2908.31         3361.12  
    0.181       430.27          737.48        2746.44         2892.73         3328.73  
    0.188       431.41          740.78        2751.72         2888.80         3412.92  
    0.194       431.13          741.11        2459.28         2751.04         3286.49  
    0.200       429.39          738.63        1869.20         2739.36         3230.47  
    0.206       427.79          736.46        1994.63         2781.03         3262.00  
    0.213       431.57          738.26        2323.12         2738.11         3279.10  
    0.219       436.97          748.34        2218.47         2729.47         3280.21  
    0.225       435.57          741.63        2566.03         2711.23         3310.13  
    0.231       438.01          738.58        2254.77         2700.50         3253.00  
    0.238       436.21          731.78        2648.77         3234.31         3448.13  
    0.244       436.45          728.21        2664.40         3153.11         3739.10  
    0.250       442.53          725.44        2661.91         3101.67         3661.87  
    0.256       445.39          718.15        2680.65         2922.70         3533.95  
    0.263       446.01          713.96        2675.85         3031.95         3418.25  
    0.269       448.53          717.99        2674.59         3083.18         3313.08  
    0.275       452.52          729.13        2693.56         2827.94         3339.14  
    0.281       452.40          745.20        2427.34         2723.74         3371.14  
    0.288       449.44          744.92        1992.33         2711.74         3314.22  
    0.294       446.41          736.11        1955.63         2692.89         3348.29  
    0.300       444.40          729.05        2296.91         2683.60         3397.80  
    0.306       441.33          720.70        2522.55         2682.97         3418.75  
    0.312       432.71          719.14        2650.11         2843.14         3663.04  
    0.319       428.22          731.31        2697.90         2839.55         3695.15  
    0.325       426.68          736.32        2567.86         2712.94         3290.35  
    0.331       425.25          731.06        2658.57         2940.77         3853.98  
    0.338       424.07          736.47        2554.05         3044.54         4133.37  
    0.344       425.08          742.12        2568.11         3100.69         4143.57  
    0.350       426.54          742.79        2612.86         3121.41         4196.54  
    0.356       435.94          742.09        2660.78         3115.72         4271.81  
    0.363       447.37          743.82        2658.26         3152.79         4344.86  
    0.369       455.48          743.83        2641.90         3166.20         4293.32  
    0.375       441.15          738.40        2619.39         3153.69         4145.42  
    0.381       432.96          726.35        2539.31         3101.70         4168.17  
    0.388       434.53          733.89        2625.02         3173.21         4278.27  
    0.394       442.42          751.02        2691.57         3180.03         4343.97  
    0.400       449.38          717.88        2621.45         3110.58         4274.38  
    0.406       438.49          714.13        2572.29         3136.47         4250.55  
    0.413       447.43          741.20        2607.24         3168.34         4132.14  
    0.419       468.30          832.91        2774.51         3145.18         4110.89  
    0.425       485.58          525.54        2821.48         2858.29         4155.79  
    0.431       431.56          670.24        2642.11         2978.67         4211.10  
    0.438       429.45          704.83        2610.02         3027.66         3265.15  
    0.444       438.83          733.42        2480.96         2813.86         3238.66  
    0.450       445.65          835.44        2324.16         2964.03         3482.62  
    0.456       439.63          847.94        2362.30         2921.96         3586.06  
    0.463       438.75          869.60        2388.22         2974.02         3651.16  
    0.469       425.59          675.67        2406.56         2934.76         3699.84  
    0.475       398.14          593.90        2392.46         2895.29         3626.09  
    0.481       451.52          512.43        2332.53         2889.40         3649.39  
    0.488       450.73          548.31        2699.49         3274.76         3749.91  
    0.494       448.49          579.97        2544.87         3419.78         4184.42  
    0.500       453.49          809.92        2658.23         3389.43         4286.01  
    0.506       426.70          1310.00        2752.74         3498.30         4328.43  
    0.513       419.96          1651.52        2753.17         3452.25         4492.43  
    0.519       410.15          1787.54        2745.85         3470.38         4432.70  
    0.525       396.61          1573.06        2649.82         3526.04         4494.64  
    0.531       458.22          1281.78        2643.19         3507.24         4484.37  
    0.537       426.82          1239.07        2644.86         3519.35         4317.73  
    