0.025       385.07          1025.48        2345.05         3313.58         3834.41  
    0.031       346.26          842.42        2340.08         3253.65         3775.71  
    0.038       311.96          667.47        2413.49         3052.88         3666.50  
    0.044       309.26          645.60        2477.92         2943.56         3542.30  
    0.050       308.00          637.19        2472.22         3142.94         3938.24  
    0.056       309.92          629.59        2480.03         3306.16         4392.29  
    0.062       309.20          628.17        2495.87         3346.87         4446.98  
    0.069       311.77          622.33        2497.88         3412.02         4394.65  
    0.075       319.28          620.80        2499.48         3423.05         4360.70  
    0.081       321.78          634.53        2513.80         3446.68         4200.63  
    0.088       320.44          639.40        2540.51         3042.52         3777.89  
    0.094       319.55          636.89        2540.12         2716.62         3554.97  
    0.100       320.15          630.51        2514.81         2818.18         3574.02  
    0.106       321.02          625.25        2509.58         2768.07         3579.72  
    0.113       320.58          626.93        2530.34         2693.60         3597.62  
    0.119       317.06          624.62        2555.25         2757.92         3627.55  
    0.125       310.70          623.54        2510.53         2688.04         3622.05  
    0.131       305.78          627.62        2255.78         2587.29         3607.46  
    0.138       301.57          630.17        2067.51         2576.44         3606.77  
    0.144       296.28          626.31        2095.51         2573.93         3579.06  
    0.150       294.85          631.59        2146.24         2583.18         3499.73  
    0.156       296.45          650.38        2355.98         2589.64         3615.48  
    0.163       294.69          656.85        2548.71         2677.36         3808.36  
    0.169       293.06          650.87        2571.07         2846.69         3781.12  
    0.175       293.11          643.36        2567.69         2999.79         3731.65  
    0.181       293.43          644.18        2570.99         2975.66         3750.15  
    0.188       294.40          653.38        2574.29         2887.32         3848.09  
    0.194       293.56          653.84        2569.81         3089.13         3917.43  
    0.200       289.86          643.34        2563.58         3201.91         3835.67  
    0.206       287.40          637.21        2558.62         3047.79         3769.41  
    0.213       287.89          640.52        2572.85         2870.83         3706.70  
    0.219       288.76          642.48        2533.45         2682.46         3597.77  
    0.225       289.46          639.26        2535.26         2711.83         3588.49  
    0.231       289.67          638.14        2575.09         2966.30         3694.74  
    0.238       289.60          640.80        2572.31         3092.31         3833.58  
    0.244       290.80          645.97        2570.57         3398.33         3953.68  
    0.250       293.25          652.71        2564.31         3653.90         4147.14  
    0.256       294.85          657.12        2559.81         3545.44         4277.33  
    0.263       295.18          658.27        2563.38         3586.62         4190.89  
    0.269       294.48          659.40        2566.20         3496.92         4045.73  
    0.275       294.12          664.28        2567.34         3053.12         3878.66  
    0.281       294.06          667.43        2567.15         2716.08         3780.73  
    0.288       293.22          666.53        2547.67         2817.45         3786.53  
    0.294       292.61          657.00        2545.97         2945.28         3650.36  
    0.300       292.91          642.89        2514.89         2756.46         3535.46  
    0.306       294.12          634.49        2456.89         2643.03         3553.38  
    0.312       294.58          624.19        2426.91         2666.35         3545.50  
    0.319       294.69          611.83        2525.80         2666.39         3555.82  
    0.325       295.84          604.95        2564.05         2757.18         3647.70  
    0.331       297.74          604.66        2562.50         2762.09         3568.76  
    0.338       298.14          596.72        2412.07         2638.18         3315.92  
    0.344       302.40          596.19        1963.87         2575.16         3160.41  
    0.350       304.94          603.35        1882.84         2580.02         3145.47  
    0.356       304.50          611.83        1965.78         2620.71         3199.70  
    0.363       306.86          624.57        1815.96         2613.13         3167.91  
    0.369       140.93          457.98        1144.50         2558.86         3099.96  
    0.375       0          310.59        648.52         2537.72         3162.42  
    0.381       163.78          486.22        1666.48         2888.91         3989.01  
    0.388       302.90          640.15        2522.51         3183.76         4664.19  
    0.394       305.79          635.56        2503.76         3152.11         4691.13  
    0.400       309.36          622.59        2507.30         3216.43         4627.26  
    0.406       334.96          561.19        2200.08         3011.56         4046.81  
    0.413       330.34          533.58        2120.04         2787.05         3619.13  
    0.419       301.75          569.99        2376.26         2794.90         3805.48  
    0.425       291.05          604.14        2429.40         2831.90         3962.60  
    0.431       288.86          591.61        2320.64         2845.54         3911.65  
    0.438       132.57          259.94        1203.03         2360.37         3350.21  
    0.444       0          182.20        1080.46         2187.80         3057.90  
    0.450       0          153.43        954.16         2186.49         3157.43  
    