0.025       0          1239.43        2081.09         2967.28         3576.15  
    0.031       259.62          1339.91        2366.30         3191.26         4678.55  
    0.038       432.81          1164.99        2619.79         3432.01         5299.28  
    0.044       410.70          861.87        2683.39         3510.27         5152.75  
    0.050       396.41          756.36        2657.27         3431.22         5153.99  
    0.056       383.39          743.20        2536.10         3330.73         4636.89  
    0.062       388.47          736.42        2469.83         3324.56         4170.45  
    0.069       392.68          740.91        2446.75         3289.71         3973.50  
    0.075       388.47          766.64        2434.11         3249.71         3844.47  
    0.081       392.09          778.19        2445.40         3256.83         3831.45  
    0.088       406.30          751.05        2454.40         3281.91         3859.31  
    0.094       425.90          712.76        2463.39         3306.05         3902.59  
    0.100       450.28          661.41        2472.51         3324.55         3928.94  
    0.106       369.50          597.53        2487.46         3366.31         3939.49  
    0.113       266.49          587.89        2507.06         3407.36         3983.70  
    0.119       325.47          603.38        2548.73         3432.32         4053.88  
    0.125       403.86          690.38        2640.22         3473.67         4099.24  
    0.131       396.55          803.26        2665.58         3470.46         4039.44  
    0.138       381.12          848.83        2643.06         3451.30         3984.93  
    0.144       379.67          859.83        2617.85         3430.08         3955.09  
    0.150       377.70          856.54        2579.92         3388.51         3927.30  
    0.156       371.72          847.12        2553.22         3363.19         3923.18  
    0.163       369.70          838.92        2544.86         3373.57         3945.65  
    0.169       370.13          837.49        2534.49         3384.12         3962.18  
    0.175       363.82          841.79        2517.01         3390.38         3915.42  
    0.181       359.26          836.02        2519.04         3396.88         3865.28  
    0.188       359.07          825.33        2530.45         3389.62         3849.51  
    0.194       358.00          825.57        2543.26         3402.20         3857.20  
    0.200       357.87          833.80        2552.08         3411.42         3881.72  
    0.206       362.52          837.45        2542.05         3393.20         3924.12  
    0.213       369.90          829.88        2535.88         3386.73         3949.68  
    0.219       377.77          823.56        2556.64         3390.80         3971.75  
    0.225       381.90          825.73        2555.73         3378.19         3971.47  
    0.231       379.80          828.13        2523.46         3356.42         3929.83  
    0.238       375.96          823.47        2531.26         3345.15         3883.72  
    0.244       375.51          817.18        2551.67         3375.07         3837.31  
    0.250       372.45          805.42        2536.42         3403.47         3840.10  
    0.256       367.18          795.64        2513.44         3401.31         3901.78  
    0.263       361.44          790.94        2512.53         3425.09         3980.15  
    0.269       354.42          783.93        2543.31         3519.38         4114.85  
    0.275       350.78          776.63        2552.41         3548.82         4201.18  
    0.281       342.35          771.82        2500.38         3503.68         4118.28  
    0.288       333.25          761.88        2460.06         3487.02         4022.43  
    0.294       332.52          747.37        2437.86         3491.66         3994.05  
    0.300       334.14          733.86        2423.49         3468.78         3972.53  
    0.306       331.27          725.43        2460.10         3444.04         3909.73  
    0.312       325.44          719.50        2453.28         3437.66         3754.15  
    0.319       318.09          726.73        2437.72         3458.44         3822.06  
    0.325       314.42          751.13        2450.13         3494.40         3952.03  
    0.331       314.34          766.58        2452.46         3484.56         3951.76  
    0.338       316.07          757.67        2384.61         3438.46         3944.25  
    0.344       309.39          742.07        2488.98         3445.44         3922.18  
    0.350       299.42          724.97        2617.15         3526.58         3971.01  
    0.356       296.57          709.63        2613.46         3574.75         4114.63  
    0.363       294.89          683.77        2691.13         3504.05         4246.90  
    0.369       271.57          649.11        2791.84         3523.88         4445.65  
    0.375       254.25          647.41        2732.56         3593.76         4530.08  
    0.381       243.02          687.32        2629.36         3621.04         4479.53  
    0.388       211.88          742.11        2587.16         3615.54         4285.22  
    0.394       198.06          873.32        2495.40         3431.73         4009.74  
    0.400       203.09          1083.30        2503.90         3342.47         4064.41  
    0.406       189.36          1212.72        2513.60         3428.49         4215.37  
    