0.025       308.05          878.37        2556.67         3645.74         4820.95  
    0.031       107.09          532.17        2119.82         3174.31         4917.35  
    0.038       218.05          564.15        2569.09         3284.15         5036.31  
    0.044       324.92          648.31        2887.49         3310.98         5058.65  
    0.050       343.36          605.54        2599.21         3016.54         5033.80  
    0.056       123.69          467.39        1954.33         2860.41         4540.81  
    0.062       0          384.43        1659.32         2776.41         4037.14  
    0.069       0          377.99        1625.71         2918.71         3998.00  
    0.075       0          366.02        1523.51         2960.64         4119.21  
    0.081       0          356.01        1435.96         2915.84         4100.43  
    0.088       0          352.17        1409.24         2957.20         4011.86  
    0.094       0          346.76        1402.76         2931.09         3942.81  
    0.100       0          346.92        1400.78         2917.33         3921.73  
    0.106       0          348.62        1379.79         2912.24         3919.62  
    0.113       0          341.55        1342.71         2793.36         3878.55  
    0.119       0          336.82        1322.98         2755.28         3917.23  
    0.125       0          337.02        1340.51         2769.80         3991.57  
    0.131       0          343.22        1402.20         2822.14         3971.01  
    0.138       0          338.16        1437.22         2826.62         3927.63  
    0.144       0          322.51        1412.83         2646.70         3957.87  
    0.150       0          321.16        1404.28         2551.35         3975.68  
    0.156       0          334.01        1393.83         2543.63         3936.47  
    0.163       225.52          1003.42        2122.46         3390.18         4949.63  
    0.169       120.17          699.25        1733.92         3088.86         4401.65  
    0.175       0          354.01        1293.97         2702.32         3858.17  
    0.181       232.42          913.10        2078.27         3496.08         4937.01  
    0.188       360.23          1212.44        2510.00         3932.71         5500.00  
    0.194       125.96          659.85        1681.94         3002.89         4488.99  
    0.200       236.39          917.28        1978.03         3455.67         4961.28  
    0.206       125.96          670.21        1665.79         2999.31         4492.63  
    0.213       0          387.47        1310.44         2453.45         3937.43  
    0.219       0          396.26        1325.81         2558.27         3907.66  
    0.225       0          392.58        1307.14         2533.72         3879.98  
    0.231       237.75          902.77        1919.24         3246.23         4643.45  
    0.238       374.61          1208.86        2289.96         3664.59         5345.35  
    0.244       132.11          701.29        1739.94         3258.03         4421.05  
    0.250       0          409.55        1358.83         2930.31         3848.48  
    0.256       246.76          930.42        2297.95         3448.83         4926.33  
    0.263       376.80          1227.46        2793.21         3784.40         5500.00  
    0.269       130.71          686.78        1849.10         3217.76         4441.28  
    0.275       0          415.03        1410.13         2929.56         3892.18  
    0.281       0          419.26        1453.58         3118.69         3949.27  
    0.288       0          422.83        1475.45         3197.26         4371.79  
    0.294       0          468.24        1550.09         3164.06         4634.89  
    0.300       328.77          1177.45        1731.81         3260.89         4784.02  
    0.306       517.91          1376.23        2111.29         3423.18         4887.45  
    0.312       548.48          1276.21        2374.91         3763.40         5294.23  
    0.319       510.89          1220.27        2462.71         3917.15         5500.00  
    0.325       429.28          1191.78        2482.52         3978.43         4947.80  
    0.331       392.76          1129.59        2761.34         3589.47         4501.62  
    0.338       135.19          639.76        1678.61         3041.16         4135.36  
    0.344       0          365.92        964.99         2813.30         3926.47  
    0.350       205.53          662.27        2057.87         3170.95         4717.06  
    0.356       300.56          837.04        2711.34         3445.16         5161.00  
    0.363       292.82          858.31        2794.36         3614.05         5165.79  
    0.369       303.53          860.12        2746.03         3657.18         5202.74  
    0.375       315.64          865.22        2834.70         3653.18         5403.39  
    0.381       330.91          844.70        3079.44         4076.07         5500.00  
    0.388       341.34          850.82        2930.08         3710.04         5234.87  
    0.394       386.14          838.77        2953.24         3303.84         5057.35  
    0.400       142.12          287.41        1421.91         3001.13         3849.18  
    0.406       237.15          544.81        1891.18         3347.20         4516.31  
    0.413       126.37          290.30        1205.30         2878.61         4251.01  
    0.419       313.08          811.23        1726.98         3196.78         4575.34  
    0.425       581.34          871.70        2562.72         3491.88         5116.39  
    0.431       220.87          734.36        2299.14         3352.32         4718.74  
    0.438       0          686.72        2087.83         3320.12         4684.38  
    0.444       0          604.42        2131.70         3328.01         4870.13  
    