0.025       489.20          503.32        2863.12         3329.96         4639.68  
    0.031       358.95          614.37        2751.68         3280.01         4371.65  
    0.038       288.10          662.94        2674.00         3237.96         4288.72  
    0.044       268.79          661.62        2655.23         3241.20         4270.24  
    0.050       260.93          653.48        2657.54         3243.94         4049.80  
    0.056       259.74          647.40        2623.81         3240.43         3813.20  
    0.062       256.39          643.07        2579.04         3231.69         3778.80  
    0.069       250.32          631.56        2561.33         3271.25         3877.53  
    0.075       248.63          615.45        2556.60         3307.38         4094.13  
    0.081       251.56          607.03        2558.08         3294.90         4222.09  
    0.088       255.16          602.45        2560.09         3273.72         4314.01  
    0.094       258.66          589.66        2561.54         3287.64         4318.58  
    0.100       259.84          582.31        2574.76         3322.60         4211.23  
    0.106       250.35          553.12        2592.56         3307.43         4157.20  
    0.113       250.59          534.93        2604.24         3276.06         4188.44  
    0.119       249.91          526.54        2655.54         3268.11         4567.21  
    0.125       254.11          560.63        2688.29         3271.33         4717.22  
    0.131       257.98          591.86        2734.81         3290.86         4452.74  
    0.138       262.82          577.67        2867.28         3322.61         4518.16  
    0.144       264.52          583.45        2978.43         3352.81         4772.39  
    0.150       264.98          578.48        2898.41         3339.60         5313.99  
    0.156       262.92          554.76        2768.22         3313.53         5500.00  
    0.163       264.86          574.29        2804.37         3316.85         5037.25  
    0.169       267.15          601.15        2863.33         3341.40         4541.66  
    0.175       270.68          593.28        2817.36         3346.07         4583.37  
    0.181       272.56          547.17        2740.72         3350.43         5257.89  
    0.188       77.64          151.14        1108.36         2870.47         3973.90  
    0.194       120.46          333.24        2029.73         3157.38         4892.94  
    0.200       47.92          132.56        1068.27         2825.37         3952.94  
    0.206       0          0        427.34         2581.91         3336.62  
    0.213       243.87          352.10        1944.50         3100.80         4884.24  
    0.219       328.80          532.57        2561.32         3307.89         5500.00  
    0.225       300.22          643.91        2597.80         3297.00         5500.00  
    0.231       286.96          715.11        2691.80         3303.45         5500.00  
    0.238       280.83          745.26        2757.63         3314.19         5500.00  
    0.244       275.17          767.42        2788.54         3325.55         5500.00  
    0.250       273.62          778.80        2708.71         3343.01         5500.00  
    0.256       275.85          781.42        2652.58         3352.82         5500.00  
    0.263       276.33          777.18        2645.57         3348.32         5500.00  
    0.269       273.10          769.92        2696.54         3356.24         5500.00  
    0.275       273.26          763.88        2708.74         3378.69         5500.00  
    0.281       269.76          758.93        2675.85         3427.16         5500.00  
    0.288       260.31          752.48        2647.69         3450.36         5500.00  
    0.294       255.21          745.66        2624.78         3418.87         5500.00  
    0.300       255.81          738.34        2602.59         3364.20         5500.00  
    0.306       266.85          733.57        2580.19         3342.80         5500.00  
    0.312       290.45          729.39        2567.76         3360.99         5500.00  
    0.319       319.29          729.64        2619.17         3365.58         5500.00  
    0.325       338.34          738.01        2701.74         3358.18         5500.00  
    0.331       340.88          749.11        2682.79         3359.03         5500.00  
    0.338       327.59          752.88        2659.57         3380.17         5500.00  
    0.344       314.47          732.50        2673.84         3389.77         5500.00  
    0.350       313.57          692.76        2671.26         3417.85         5500.00  
    0.356       315.25          713.39        2654.33         3456.38         5421.38  
    0.363       315.57          727.19        2632.10         3460.27         5263.60  
    0.369       324.84          719.38        2597.22         3368.18         5250.77  
    0.375       329.75          690.19        2617.11         3407.61         5433.32  
    0.381       325.09          656.99        2647.60         3495.33         5500.00  
    0.388       372.56          510.68        2650.40         3401.31         5500.00  
    0.394       111.63          129.80        1030.72         2844.84         3910.11  
    0.400       0          275.05        1721.78         2632.14         3606.86  
    0.406       0          371.99        2201.27         2615.54         3727.02  
    0.413       242.39          392.15        2488.18         3350.64         4994.22  
    0.419       96.42          114.44        1003.39         2921.39         4089.31  
    0.425       0          246.42        2009.54         2722.07         3748.64  
    0.431       0          330.83        2573.87         2697.85         3907.99  
    0.438       0          333.49        2595.23         2662.10         3949.73  
    0.444       0          324.26        2560.87         2875.98         4048.67  
    0.450       0          283.49        2468.39         2814.97         4014.02  
    0.456       0          233.57        2317.15         2858.66         4186.20  
    0.463       0          199.54        2210.15         2863.43         4381.14  
    0.469       0          164.99        2095.58         2896.22         4380.35  
    0.475       0          173.13        2036.82         2945.10         4272.21  
    0.481       117.61          1494.21        2626.29         3802.56         5140.45  
    