0.025       324.58          1456.71        2641.14         3885.89         4410.78  
    0.031       384.38          925.10        2670.71         3786.92         4177.10  
    0.038       379.52          682.49        2714.44         3768.08         4063.02  
    0.044       347.85          671.44        2632.05         3861.80         4126.70  
    0.050       328.06          646.55        2598.41         3882.16         4199.64  
    0.056       312.82          620.73        2665.10         3861.00         4321.30  
    0.062       315.02          626.48        2710.33         3843.09         4404.48  
    0.069       312.15          653.19        2778.27         3838.77         4446.95  
    0.075       309.48          676.36        2884.66         3863.90         4450.68  
    0.081       301.99          690.01        2976.61         3896.41         4535.21  
    0.088       298.90          698.60        3009.08         3865.48         4629.80  
    0.094       296.54          705.40        2972.92         3829.77         4711.72  
    0.100       293.95          708.17        2949.67         3826.58         4748.93  
    0.106       293.12          707.61        2885.69         3830.90         4800.88  
    0.113       294.68          704.14        2796.30         3836.30         4808.18  
    0.119       295.24          703.10        2802.64         3823.56         4715.47  
    0.125       290.17          708.26        2814.47         3804.55         4655.82  
    0.131       285.93          713.92        2823.45         3804.65         4696.93  
    0.138       289.66          718.23        2936.69         3810.00         4759.79  
    0.144       295.46          717.25        3089.44         3852.10         4784.13  
    0.150       293.28          712.67        3023.36         3854.59         4829.92  
    0.156       288.35          717.29        2883.06         3825.40         4900.70  
    0.163       285.08          726.62        2896.24         3789.05         4928.09  
    0.169       283.59          730.18        3005.44         3759.38         4879.68  
    0.175       283.21          726.08        3153.72         3767.59         4893.67  
    0.181       285.97          718.77        3212.92         3785.72         5019.12  
    0.188       290.47          720.62        3178.42         3780.93         5048.39  
    0.194       296.08          720.81        3329.81         3759.34         5358.40  
    0.200       298.94          715.71        3360.43         3716.11         5500.00  
    0.206       294.59          711.05        3047.61         3710.13         5142.29  
    0.213       291.27          696.81        2835.71         3726.95         4446.74  
    0.219       288.89          683.56        2787.75         3749.89         4500.15  
    0.225       283.48          680.66        2787.30         3761.76         4828.13  
    0.231       278.39          675.69        2790.41         3758.13         4870.93  
    0.238       276.85          673.51        2836.37         3734.24         4728.99  
    0.244       278.74          679.79        2928.74         3724.34         4739.64  
    0.250       277.55          682.51        2828.27         3719.63         4791.38  
    0.256       276.39          680.43        2744.97         3703.70         4726.74  
    0.263       276.96          677.07        2740.28         3714.72         4691.27  
    0.269       278.32          675.90        2711.96         3713.00         4836.76  
    0.275       285.68          667.88        2743.54         3727.31         4933.25  
    0.281       306.00          656.50        2799.76         3735.59         4965.52  
    0.288       318.70          632.75        2755.02         3736.08         4925.79  
    0.294       345.16          460.98        2663.34         3784.53         4883.48  
    0.300       109.52          382.58        2269.42         3765.71         4767.00  
    0.306       0          116.89        896.37         2770.78         4027.43  
    0.312       194.09          527.07        1810.14         3315.23         4386.87  
    0.319       310.15          1186.61        2421.30         3739.91         4292.89  
    0.325       301.23          1328.80        2393.10         3424.84         4081.58  
    0.331       275.72          1208.15        2378.27         3498.87         4038.91  
    0.338       267.01          1417.94        2429.32         3830.28         4493.88  
    0.344       274.37          1477.56        2459.20         3923.62         4828.98  
    