0.025       378.11          830.15        2552.49         3379.95         3723.86  
    0.031       381.27          789.99        2561.41         3370.29         3696.89  
    0.038       372.14          779.30        2590.01         3350.56         3666.61  
    0.044       357.96          770.02        2574.20         3345.06         3628.23  
    0.050       340.10          742.65        2535.87         3319.97         3582.74  
    0.056       326.04          741.95        2539.01         3275.82         3568.11  
    0.062       321.08          762.44        2553.53         3298.22         3588.58  
    0.069       321.56          781.14        2565.21         3385.44         3644.79  
    0.075       322.19          795.35        2599.08         3477.30         3703.51  
    0.081       321.11          793.50        2611.64         3520.72         3788.99  
    0.088       322.57          785.56        2603.71         3500.63         3800.89  
    0.094       322.80          784.15        2626.41         3498.23         3921.15  
    0.100       321.65          790.38        2637.97         3494.56         4054.95  
    0.106       321.15          794.07        2621.87         3475.41         4035.29  
    0.113       320.39          794.93        2613.65         3455.13         3909.81  
    0.119       319.94          798.08        2611.02         3471.78         3857.77  
    0.125       320.86          803.43        2629.11         3495.24         3980.00  
    0.131       321.62          801.09        2630.67         3499.98         4046.27  
    0.138       320.61          799.05        2618.90         3488.66         4009.64  
    0.144       319.00          797.63        2630.01         3484.88         3895.93  
    0.150       318.76          793.48        2691.94         3522.26         3943.06  
    0.156       316.03          785.32        2722.53         3540.47         4053.51  
    0.163       311.09          774.49        2703.05         3532.08         3976.17  
    0.169       307.05          765.99        2664.60         3520.54         3809.94  
    0.175       304.69          762.03        2649.14         3517.67         3911.74  
    0.181       302.37          754.55        2651.08         3529.93         4078.95  
    0.188       299.74          745.78        2661.77         3533.86         4036.47  
    0.194       297.01          736.53        2728.73         3527.00         3903.73  
    0.200       294.49          726.14        2710.45         3514.09         3952.41  
    0.206       291.20          717.86        2650.35         3532.18         4023.16  
    0.213       288.31          707.43        2627.57         3538.65         4034.25  
    0.219       288.47          693.28        2657.99         3525.53         4049.79  
    0.225       286.32          684.79        2675.53         3529.50         4038.35  
    0.231       282.11          679.77        2680.04         3531.37         3948.31  
    0.238       283.57          671.60        2687.87         3522.96         3916.73  
    0.244       291.64          659.10        2717.16         3523.56         3877.87  
    0.250       300.45          646.87        2714.18         3515.30         3876.22  
    0.256       305.76          640.85        2662.33         3523.47         3959.81  
    0.263       315.31          651.02        2611.16         3517.18         4144.51  
    0.269       328.26          646.24        2606.59         3508.06         4225.56  
    0.275       328.98          591.07        2624.22         3513.31         4310.77  
    