0.025       0          756.27        1874.80         2883.36         3759.82  
    0.031       0          760.55        1791.37         2510.63         3586.54  
    0.038       0          839.37        1580.89         2146.95         3622.33  
    0.044       0          980.34        1684.21         2179.93         3622.31  
    0.050       0          890.62        1611.18         2439.63         3595.72  
    0.056       0          839.87        1786.79         2816.88         3619.15  
    0.062       0          880.54        1823.13         2905.15         3615.75  
    0.069       0          828.32        1790.72         2873.14         3534.44  
    0.075       0          804.10        1746.46         2815.62         3509.02  
    0.081       0          803.69        1693.90         2803.31         3573.54  
    0.088       270.25          1236.77        2628.02         3420.95         5394.49  
    0.094       273.08          787.80        2191.87         3603.67         4968.25  
    0.100       288.67          735.37        2072.33         3788.04         4866.10  
    0.106       321.40          751.75        2342.65         3815.91         4817.82  
    0.113       322.52          789.39        2640.87         3617.11         4838.23  
    0.119       319.96          804.07        2672.82         3569.61         4802.19  
    0.125       319.10          793.19        2432.99         3648.55         4683.74  
    0.131       318.09          776.07        2425.42         3960.54         4643.00  
    0.138       316.17          764.91        2309.38         4076.03         4927.21  
    0.144       317.12          786.26        1990.66         4050.21         4725.27  
    0.150       323.92          851.60        1360.59         3900.89         4665.25  
    0.156       324.20          364.60        934.29         3996.68         4644.56  
    0.163       17.79          343.18        955.16         3948.26         4512.07  
    0.169       0          350.13        1026.04         3962.46         4606.04  
    0.175       0          354.27        1035.75         3583.65         4266.95  
    0.181       0          347.58        965.91         3057.05         4376.57  
    0.188       0          347.27        931.05         2930.92         4411.32  
    0.194       0          348.37        901.90         2957.44         4269.25  
    0.200       0          339.97        830.58         2829.74         4196.48  
    0.206       0          339.55        817.99         2703.66         4075.94  
    0.213       319.42          800.68        2098.07         3899.74         5421.48  
    0.219       341.31          895.93        1922.50         3967.18         5500.00  
    0.225       342.28          957.76        1580.15         4043.42         4862.08  
    0.231       18.79          365.83        946.11         3120.46         4255.04  
    0.238       0          322.74        878.17         2829.72         4316.99  
    0.244       300.53          810.23        2232.96         4059.66         5435.38  
    0.250       316.57          820.40        2584.94         3989.21         5500.00  
    0.256       316.57          810.90        2403.78         3769.79         5500.00  
    0.263       17.37          352.99        1021.04         3037.84         4286.33  
    0.269       0          321.96        873.24         2902.05         4202.24  
    0.275       0          325.35        859.92         2830.18         4181.74  
    0.281       0          324.06        811.44         2925.90         4169.74  
    0.288       300.49          753.28        2573.64         4093.46         5426.97  
    0.294       315.28          757.69        2549.04         4174.91         5500.00  
    0.300       317.88          739.07        2522.56         4183.24         5500.00  
    0.306       318.65          726.38        2402.41         4039.27         5500.00  
    0.312       17.49          351.17        836.31         2695.09         4237.70  
    0.319       308.22          692.63        2282.99         3814.41         5426.71  
    0.325       322.77          683.77        2109.05         3905.67         5051.61  
    0.331       327.42          685.35        2256.58         3887.68         5473.97  
    0.338       17.98          349.29        774.41         2613.48         4094.31  
    0.344       0          322.84        665.96         2685.86         4098.36  
    0.350       301.26          620.16        2323.54         3981.53         5423.36  
    0.356       307.55          622.98        2203.97         3911.12         4925.95  
    0.363       298.58          636.30        2240.70         3917.03         4795.65  
    0.369       296.25          641.07        2544.27         4023.59         4922.83  
    0.375       296.82          624.57        2691.03         4094.41         5468.75  
    0.381       305.27          617.31        3246.47         4111.32         5500.00  
    0.388       300.23          609.04        2612.32         3953.22         4264.66  
    0.394       279.97          607.38        2364.88         3918.70         4195.07  
    0.400       272.65          609.65        2431.18         3927.03         4152.60  
    0.406       265.65          619.01        3241.16         4007.66         4083.72  
    0.413       253.21          642.02        3398.31         4080.12         5422.07  
    0.419       249.27          637.61        3501.59         4070.22         4283.58  
    0.425       249.53          648.53        2832.47         3925.72         4233.74  
    0.431       247.66          658.89        2357.18         3900.80         4193.69  
    0.438       246.34          669.78        2330.28         3916.01         4200.05  
    0.444       240.77          673.87        2458.49         3911.41         4226.56  
    0.450       246.14          675.57        2471.02         3946.25         4213.68  
    0.456       257.36          685.23        2465.28         3972.06         4159.52  
    0.463       268.92          657.60        2484.39         3812.13         4149.29  
    0.469       283.55          624.16        2524.51         3508.11         4142.67  
    0.475       295.27          666.47        2288.99         3358.89         4077.98  
    0.481       313.79          903.76        2566.82         3547.37         4021.18  
    0.488       310.99          989.79        2341.22         3545.99         4165.47  
    0.494       17.05          337.52        1781.08         3208.66         4204.69  
    0.500       0          318.03        1608.59         3143.75         4130.80  
    0.506       329.57          1587.07        2795.18         4030.18         5424.62  
    0.513       424.33          1303.56        2486.05         3986.01         5500.00  
    0.519       369.05          1374.47        2531.01         3866.51         4849.62  
    0.525       335.96          1653.23        2605.20         3822.88         4732.94  
    0.531       339.96          1666.75        2878.04         4007.77         5457.66  
    0.537       321.02          1509.67        2501.46         3221.32         4102.23  
    