0.025       0          1626.19        2901.34         3878.29         4823.77  
    0.031       0          1663.51        2879.20         3820.42         4776.50  
    0.038       129.60          1720.42        2984.38         3999.41         4898.69  
    0.044       285.58          1736.58        3118.87         4104.26         5003.19  
    0.050       322.15          1721.40        3192.37         4130.59         4971.10  
    0.056       329.17          1603.70        3177.47         4093.42         4949.30  
    0.062       352.87          1473.91        3043.73         3961.68         4950.46  
    0.069       262.92          1369.64        2800.12         3819.72         4928.00  
    0.075       218.16          1316.50        2760.17         3739.67         4874.93  
    0.081       273.73          1395.27        2939.27         3715.98         4881.68  
    0.088       290.58          1582.76        3225.31         3680.99         4862.88  
    0.094       270.39          1720.91        3390.14         4071.05         5213.59  
    0.100       111.12          906.97        2564.79         3760.66         4834.09  
    0.106       0          292.25        1996.13         3471.95         4437.57  
    0.113       194.93          423.83        2359.03         3848.66         4800.48  
    0.119       354.01          572.24        2760.20         4036.01         4984.04  
    0.125       369.90          638.17        2880.20         4003.93         4960.25  
    0.131       375.51          626.99        2743.57         3995.33         4990.97  
    0.138       377.08          562.05        2672.70         3997.72         5004.00  
    0.144       370.19          599.62        2807.10         3990.12         4962.58  
    0.150       363.96          672.46        2888.99         4006.87         5034.47  
    0.156       363.04          695.52        2908.82         4075.85         5144.84  
    0.163       363.94          713.23        2924.82         4074.78         5080.87  
    0.169       367.00          732.20        2967.73         4059.82         5053.83  
    0.175       369.51          740.80        3005.40         4070.77         5151.02  
    0.181       371.93          750.19        2927.40         4056.88         5192.38  
    0.188       380.19          802.59        2770.70         4023.76         5365.77  
    0.194       164.99          582.94        2160.16         3228.00         4659.61  
    0.200       0          392.73        1821.78         2568.33         4034.02  
    0.206       0          393.29        1902.65         2427.48         4034.24  
    0.213       0          393.82        1945.98         2367.42         4034.21  
    0.219       225.21          961.01        2209.24         3258.06         4873.04  
    0.225       168.60          820.96        1895.36         3094.16         4631.80  
    0.231       0          400.18        1667.52         2520.88         4012.96  
    0.238       0          405.63        1751.96         2724.81         4067.92  
    0.244       0          410.27        1697.68         2848.35         4012.11  
    0.250       233.49          1100.60        1777.03         3389.30         4770.28  
    0.256       411.76          1582.09        1896.31         3769.72         5118.51  
    0.263       421.83          1642.50        1973.03         3690.47         4824.99  
    0.269       427.26          1687.97        2302.58         3840.75         4525.34  
    0.275       427.39          1550.44        2677.66         4128.52         5009.71  
    0.281       421.73          1319.67        2589.90         4156.37         5103.37  
    0.288       413.18          1237.00        2497.63         4108.66         4893.42  
    0.294       410.26          1301.63        2547.52         4126.49         5006.85  
    0.300       408.71          1277.76        2351.92         3990.46         4837.93  
    0.306       405.38          1231.99        2237.79         3909.47         4718.75  
    0.312       405.69          1264.31        2403.63         4062.27         4670.75  
    0.319       174.28          786.95        1924.56         3435.38         4627.36  
    0.325       0          413.49        1591.33         2946.88         4652.06  
    0.331       0          416.12        1681.29         2994.98         4692.00  
    0.338       0          419.33        1710.87         2967.55         4675.99  
    0.344       241.19          638.99        2364.02         3354.62         4787.63  
    0.350       420.12          772.82        2801.54         3714.85         4918.61  
    0.356       409.75          745.02        2812.04         3769.04         4955.38  
    0.363       395.36          735.10        2899.55         3809.88         4947.98  
    0.369       404.45          677.61        2901.66         3808.90         4928.11  
    0.375       425.96          523.90        2786.13         3807.39         4909.83  
    0.381       185.72          187.83        1421.47         3251.75         4375.50  
    0.388       0          0        447.67         2902.87         4340.94  
    0.394       0          0        450.82         2925.91         4465.76  
    0.400       257.31          261.15        1793.43         3459.01         4658.77  
    0.406       424.01          503.99        2868.63         3853.11         4915.50  
    0.413       173.21          230.94        1523.49         3036.62         4200.43  
    0.419       233.41          448.45        1514.69         3163.09         4383.27  
    0.425       417.28          703.30        2292.39         3780.12         4898.84  
    0.431       430.57          643.87        2475.25         4031.15         4840.18  
    0.438       375.50          547.30        2731.38         4172.36         4837.91  
    0.444       141.56          528.46        2210.89         3661.88         4880.30  
    0.450       0          243.57        1109.71         2545.71         4217.13  
    0.456       0          0        663.60         2035.89         3692.13  
    0.463       0          0        719.77         2059.76         3663.58  
    0.469       0          442.00        1486.68         3079.31         4058.70  
    0.475       0          785.37        1931.72         3239.72         4246.01  
    0.481       0          808.76        1831.13         2928.37         4188.20  
    0.488       0          826.37        1790.40         3083.48         4194.27  
    0.494       0          827.87        1726.49         3111.63         4234.18  
    0.500       0          794.88        1632.19         3032.66         4232.78  
    0.506       187.78          881.56        2143.41         3530.43         4669.40  
    0.513       322.20          940.37        2645.32         3909.14         5135.30  
    0.519       317.17          1014.71        2678.73         3877.77         5309.65  
    0.525       318.51          1156.97        2787.37         4114.70         5446.52  
    0.531       322.67          1072.25        2914.48         4315.93         5192.11  
    0.537       324.39          868.29        2799.78         4254.77         5026.61  
    0.544       323.00          782.48        2683.65         4186.97         5166.34  
    0.550       323.19          749.61        2687.86         4236.63         5386.35  
    0.556       327.83          720.94        2646.10         4261.87         5250.40  
    0.562       338.17          709.80        2570.66         4164.49         5168.37  
    0.569       147.15          547.21        2199.27         3318.57         4760.24  
    0.575       0          420.29        1610.71         2869.59         4435.68  
    0.581       191.36          854.99        2289.46         3683.00         4806.46  
    0.588       143.26          690.28        2246.22         3564.58         4610.69  
    0.594       0          340.07        1627.35         3023.75         4332.88  
    0.600       0          366.50        1661.43         3184.83         4443.09  
    0.606       0          357.47        1577.91         3358.82         4531.78  
    0.613       191.08          987.36        2624.97         4029.43         4843.67  
    0.619       324.13          1483.69        3520.05         4085.82         4970.02  
    0.625       314.36          1551.84        3404.05         4173.60         5245.91  
    0.631       321.41          1558.47        3213.69         4296.27         5500.00  
    0.638       140.41          838.64        2289.34         3534.12         4837.90  
    0.644       177.89          951.89        2376.12         3701.38         5004.34  
    0.650       307.56          1378.53        2865.71         4131.24         5500.00  
    