0.025       368.54          727.54        2383.93         3297.40         3638.10  
    0.031       373.02          736.42        2402.48         3295.57         3688.55  
    0.038       369.43          712.28        2412.04         3284.61         3680.17  
    0.044       358.87          698.32        2414.54         3263.50         3574.56  
    0.050       353.60          711.83        2439.00         3260.77         3538.12  
    0.056       340.29          723.93        2452.09         3244.82         3447.55  
    0.062       334.58          714.79        2453.49         3239.91         3427.40  
    0.069       329.46          703.63        2460.34         3246.23         3477.73  
    0.075       322.83          704.98        2474.45         3250.10         3467.95  
    0.081       321.98          705.88        2492.05         3248.91         3455.37  
    0.088       322.93          702.26        2504.01         3251.66         3464.36  
    0.094       322.09          697.24        2492.09         3245.99         3468.94  
    0.100       321.81          694.67        2485.44         3241.74         3526.64  
    0.106       324.66          686.42        2504.08         3261.14         3662.13  
    0.113       329.26          676.90        2500.52         3265.12         3814.18  
    0.119       327.76          683.82        2495.17         3255.25         3877.31  
    0.125       327.06          697.53        2498.51         3260.79         3875.01  
    0.131       326.36          699.88        2494.63         3270.89         3875.50  
    0.138       325.90          693.82        2488.75         3266.23         3863.30  
    0.144       326.49          696.02        2484.87         3263.92         3819.34  
    0.150       326.88          701.99        2489.76         3254.44         3826.52  
    0.156       331.86          702.46        2489.98         3245.49         3787.55  
    0.163       330.77          699.48        2507.46         3244.43         3778.32  
    0.169       325.71          699.40        2520.41         3256.03         3793.01  
    0.175       324.29          702.90        2519.66         3258.22         3811.15  
    0.181       323.25          701.43        2523.29         3260.92         3833.52  
    0.188       321.98          700.54        2526.99         3269.35         3829.28  
    0.194       322.32          701.50        2527.02         3259.21         3782.37  
    0.200       322.77          701.36        2534.97         3252.91         3779.24  
    0.206       320.35          700.35        2547.93         3249.78         3744.34  
    0.213       320.87          704.43        2547.90         3223.78         3734.79  
    0.219       325.12          708.84        2530.48         3203.37         3734.81  
    0.225       328.47          704.70        2499.53         3205.35         3754.06  
    0.231       329.40          699.45        2482.39         3227.68         3797.33  
    0.238       329.61          699.03        2490.34         3241.22         3808.32  
    0.244       331.86          698.45        2495.54         3243.91         3774.47  
    0.250       336.70          690.76        2496.38         3247.60         3735.44  
    0.256       347.75          663.56        2506.13         3268.17         3788.37  
    0.263       375.80          595.96        2512.63         3297.31         3895.21  
    0.269       374.27          593.85        2500.54         3287.78         3912.12  
    0.275       372.72          589.76        2505.48         3274.69         3894.48  
    0.281       349.30          532.14        2555.14         3274.42         4909.46  
    0.288       350.80          590.98        2571.83         3261.37         5171.17  
    0.294       355.18          636.59        2574.81         3257.82         4953.63  
    0.300       351.61          637.12        2597.33         3279.00         4925.67  
    0.306       347.28          653.88        2596.04         3291.03         5119.05  
    0.312       344.27          664.37        2569.02         3277.07         5202.29  
    0.319       341.81          665.39        2564.08         3261.67         5235.37  
    0.325       339.78          668.46        2579.30         3256.23         4959.52  
    0.331       341.23          667.30        2590.59         3254.19         5258.65  
    0.338       344.47          668.99        2580.91         3246.22         5500.00  
    0.344       119.52          457.31        1331.05         2791.82         4019.97  
    0.350       221.17          558.16        1899.31         3007.59         4398.17  
    0.356       332.26          668.69        2460.35         3330.60         3960.22  
    0.363       341.06          665.43        2534.69         3375.73         4775.35  
    0.369       120.11          477.58        1349.35         3166.86         4100.04  
    0.375       0          365.21        709.59         3152.97         3378.22  
    0.381       219.92          595.25        2215.40         3233.12         3570.68  
    0.388       335.88          723.81        2862.35         3249.20         3660.39  
    0.394       337.45          724.54        2720.02         3239.17         3592.39  
    0.400       339.16          710.82        2651.65         3234.76         3551.64  
    0.406       339.37          695.93        2553.25         3230.94         3523.74  
    0.413       335.03          664.59        2491.87         3235.06         3484.75  
    0.419       326.79          582.04        2488.60         3315.09         3401.10  
    0.425       318.97          514.63        2460.45         3350.99         3465.33  
    0.431       109.45          172.23        1129.86         2817.94         3464.71  
    0.438       0          0        427.96         2599.59         3448.19  
    0.444       0          0        400.81         2669.18         3430.18  
    