0.025       0          706.90        2043.65         3214.62         4214.29  
    0.031       0          667.04        2019.56         2785.01         4122.23  
    0.038       0          643.44        2128.88         3554.87         4318.83  
    0.044       0          180.63        895.96         2865.55         4162.40  
    0.050       0          0        382.27         2633.19         4161.81  
    0.056       215.63          514.75        2028.46         3602.45         4668.09  
    0.062       303.53          762.22        2796.65         4279.82         4732.60  
    0.069       309.88          783.88        3084.58         3725.69         4646.01  
    0.075       314.60          770.17        2837.37         3491.98         4632.35  
    0.081       317.14          775.03        3027.04         3718.02         4639.87  
    0.088       89.62          448.00        1451.44         3335.49         4660.28  
    0.094       0          316.09        784.64         3012.35         4598.65  
    0.100       227.26          648.07        2243.33         4270.45         5238.14  
    0.106       89.30          445.47        1350.90         3322.50         4563.12  
    0.113       0          313.03        773.65         2777.94         4573.22  
    0.119       0          312.26        772.12         2853.13         4697.54  
    0.125       0          313.23        771.82         2832.20         4480.96  
    0.131       0          315.61        769.68         2782.32         4268.96  
    0.138       0          316.38        765.91         2831.90         4175.06  
    0.144       0          316.22        764.29         2947.06         4230.30  
    0.150       0          315.14        762.17         2984.54         4278.23  
    0.156       225.85          633.83        2286.88         3679.18         5157.53  
    0.163       315.10          759.40        2809.52         4198.68         5500.00  
    0.169       314.50          757.88        2746.23         4242.01         5500.00  
    0.175       313.60          754.93        2726.83         3908.58         5500.00  
    0.181       313.41          754.96        2784.72         4003.43         5500.00  
    0.188       312.32          755.30        2720.56         4232.23         5500.00  
    0.194       313.93          755.12        2781.21         4288.69         5500.00  
    0.200       88.78          439.20        1336.12         3369.99         4643.36  
    0.206       0          317.71        754.67         3066.41         4324.30  
    0.213       0          316.30        750.93         3091.31         4341.99  
    0.219       0          314.38        748.08         3019.71         4348.33  
    0.225       0          314.81        750.46         2932.26         4329.52  
    0.231       0          318.13        757.52         2854.23         4302.38  
    0.238       0          320.13        756.78         2856.56         4277.18  
    0.244       225.71          630.70        2315.46         3874.58         5153.11  
    0.250       88.69          441.25        1366.74         3350.33         4663.93  
    0.256       0          320.93        751.30         2940.59         4336.27  
    0.263       0          324.09        745.18         2970.82         4334.39  
    0.269       228.74          626.21        2379.50         3974.46         5170.95  
    0.275       322.61          744.76        2990.91         4419.09         5500.00  
    0.281       324.24          747.16        3056.75         4421.36         5500.00  
    0.288       320.56          743.56        2991.54         4357.17         5500.00  
    0.294       319.64          739.06        2890.38         4336.36         5500.00  
    0.300       90.22          440.21        1345.21         3358.34         4676.39  
    0.306       0          322.61        744.21         2970.10         4384.43  
    0.312       231.38          620.36        2153.72         3916.90         5188.82  
    0.319       90.91          440.56        1293.04         3201.40         4623.38  
    0.325       0          326.58        742.85         2832.77         4291.25  
    0.331       0          322.28        747.63         2947.24         4331.41  
    0.338       0          320.80        745.16         2994.36         4394.62  
    0.344       0          326.21        745.50         3019.63         4410.80  
    0.350       0          329.20        743.69         2962.19         4401.13  
    0.356       0          326.59        737.60         3038.04         4403.59  
    0.363       0          325.37        738.43         3094.98         4419.85  
    0.369       0          322.50        735.93         2993.52         4417.05  
    0.375       0          321.65        743.27         2921.10         4406.30  
    0.381       0          320.06        747.75         2930.92         4403.32  
    0.388       0          319.26        741.64         2890.31         4404.67  
    0.394       0          319.16        738.48         2919.98         4405.24  
    0.400       228.34          618.80        2322.04         3992.83         5191.18  
    0.406       89.72          433.38        1357.50         3348.40         4718.04  
    0.413       0          312.82        737.49         2933.38         4425.48  
    0.419       0          311.44        740.17         2986.94         4426.64  
    0.425       0          311.67        745.19         3005.50         4417.83  
    0.431       0          311.25        744.83         2980.09         4401.81  
    0.438       0          309.24        747.90         2955.95         4352.97  
    0.444       0          304.95        739.33         2937.03         4348.42  
    0.450       0          300.90        732.08         2994.65         4384.54  
    0.456       214.82          597.37        2194.18         4009.42         5188.80  
    0.463       285.35          698.56        2738.40         4361.99         5500.00  
    0.469       276.76          699.88        2762.36         4323.97         5500.00  
    0.475       273.07          671.29        2707.35         4147.59         4680.34  
    0.481       270.68          651.84        2672.73         4228.65         4373.03  
    0.488       257.92          671.76        2759.21         4383.25         5183.73  
    0.494       273.18          556.38        2736.54         4372.72         5500.00  
    0.500       245.61          346.79        2555.87         4076.28         4747.22  
    0.506       236.66          633.38        2443.97         3908.45         4478.82  
    0.513       233.54          730.85        2409.21         3925.78         4461.09  
    0.519       65.32          526.33        2176.61         3590.43         4461.43  
    0.525       0          127.54        1008.28         2630.49         3874.99  
    