0.025       0          870.61        1914.34         3377.20         4927.09  
    0.031       509.06          1461.72        2543.94         3516.32         4890.43  
    0.038       833.60          1996.50        2862.30         3562.59         4897.49  
    0.044       723.92          2012.70        2761.97         3642.33         4914.57  
    0.050       243.15          731.08        1966.03         2964.62         4200.76  
    0.056       664.03          1030.50        2532.38         3769.04         4398.66  
    0.062       395.83          1527.59        2743.76         3717.57         4603.76  
    0.069       0          1342.94        2343.36         3255.02         4443.63  
    0.075       0          1333.11        2213.83         3272.98         4418.38  
    0.081       0          1524.48        1907.20         3253.61         4390.14  
    0.088       419.61          1620.74        2425.53         3627.17         4720.35  
    0.094       687.35          1689.57        2753.57         3846.85         4978.85  
    0.100       656.35          1765.91        2815.61         3908.89         4975.30  
    0.106       599.76          1852.08        2855.22         3907.90         4899.38  
    0.113       632.21          1938.14        2826.64         3803.64         4871.18  
    0.119       655.97          1977.56        3003.11         3769.49         4844.38  
    0.125       243.45          1337.86        2552.45         3546.27         4566.66  
    0.131       0          982.55        2063.50         3305.30         4325.11  
    0.138       0          955.44        1955.11         3287.95         4347.53  
    0.144       418.66          1343.40        2501.14         3572.00         4915.12  
    0.150       249.56          1301.09        2463.84         3427.37         4549.35  
    0.156       0          1002.10        1995.22         3249.48         4400.01  
    0.163       489.24          1380.33        1955.01         3358.46         4753.83  
    0.169       711.68          1831.91        2556.32         3503.06         4922.73  
    0.175       689.69          1908.36        2782.91         3630.75         4989.35  
    0.181       737.31          1855.63        2870.90         3714.98         4963.74  
    0.188       283.41          1469.22        2491.74         3415.30         4595.30  
    0.194       0          1138.70        2238.21         3234.99         4354.55  
    0.200       0          1282.44        2334.34         3237.19         4351.67  
    0.206       0          1382.76        2278.47         3254.59         4374.71  
    0.213       0          1243.69        2244.96         3374.12         4314.88  
    0.219       0          1240.11        2254.26         3462.67         4230.50  
    0.225       0          1266.64        2216.72         3397.80         4278.19  
    0.231       541.12          1738.22        2785.48         3857.59         4979.33  
    0.238       845.03          1998.24        2941.21         4089.11         5451.77  
    0.244       690.35          1734.58        2773.98         4006.13         5204.28  
    0.250       675.97          1683.50        2778.14         3989.95         5175.52  
    0.256       732.19          1839.18        3003.01         4047.30         5411.66  
    0.263       746.35          1837.36        3138.57         3986.99         5069.13  
    0.269       781.53          1865.20        3183.92         3778.66         4781.55  
    0.275       298.92          1272.39        2547.91         3297.68         4479.34  
    0.281       590.24          1334.18        2459.23         3792.62         5055.62  
    0.288       351.84          1360.93        2506.25         3771.78         5181.47  
    0.294       0          1319.91        2254.37         3351.83         4490.27  
    0.300       0          1303.71        2339.53         3385.35         4251.40  
    0.306       0          1349.38        2641.06         3256.94         4156.39  
    0.312       527.78          1884.48        2998.88         3729.97         4969.10  
    0.319       789.79          1972.60        2922.84         4003.87         5235.97  
    0.325       322.16          1678.17        2660.25         3869.29         4996.89  
    0.331       23.19          1440.18        2637.37         3780.18         4910.60  
    0.338       0          1294.68        2459.41         3444.88         4636.93  
    0.344       0          1321.72        2319.57         3256.21         4427.67  
    0.350       541.61          1559.11        2630.48         3724.93         4720.81  
    0.356       825.37          1839.29        2730.53         3942.11         4926.56  
    0.363       299.55          1678.41        2601.17         3762.73         4790.28  
    0.369       0          1506.28        2486.00         3081.34         4312.49  
    0.375       323.49          1718.52        2822.10         3611.12         4969.00  
    0.381       192.83          691.52        2179.64         3427.70         4665.74  
    0.388       0          0        1658.39         3059.41         3939.04  
    0.394       394.23          1011.29        2405.50         3606.76         4564.02  
    0.400       235.00          1414.94        2421.46         3469.63         4620.36  
    0.406       0          1158.88        2112.58         3345.63         4311.31  
    0.413       439.02          1455.35        2497.42         3832.89         5040.04  
    0.419       506.56          1763.89        2699.28         4032.73         5227.10  
    0.425       337.56          1836.92        2691.57         3880.11         5020.36  
    0.431       290.60          1893.62        2836.42         3740.63         5013.63  
    0.438       105.14          929.62        2433.83         3497.01         4558.62  
    0.444       0          370.03        2225.20         3518.23         4649.77  
    0.450       0          381.17        2245.66         3483.08         4495.57  
    0.456       0          362.68        2112.10         3268.05         4319.65  
    0.463       0          383.19        2140.62         3352.04         4442.98  
    0.469       0          419.96        2280.74         3697.37         4635.27  
    0.475       0          405.17        2268.09         3635.26         4440.86  
    0.481       0          372.30        2261.32         3249.78         4264.11  
    0.488       0          371.83        2131.76         3278.03         4352.22  
    0.494       0          360.67        2010.34         3268.24         4413.26  
    0.500       0          387.78        2070.55         3207.08         4377.68  
    0.506       0          404.71        2185.00         3287.01         4195.59  
    0.513       0          387.82        2221.60         3330.06         4130.79  
    0.519       0          379.97        2088.56         3325.68         4240.18  
    0.525       0          407.75        1990.87         3289.29         4296.99  
    0.531       0          385.55        2087.83         3254.55         4387.76  
    0.537       0          355.32        2165.94         3242.87         4463.85  
    0.544       0          352.43        2135.12         3182.83         4316.88  
    0.550       0          344.03        1917.18         2850.19         4150.13  
    0.556       0          337.99        2025.54         3037.81         4363.20  
    0.562       0          372.31        2211.83         3337.42         4558.15  
    0.569       0          404.87        2213.62         3583.49         4562.01  
    0.575       0          387.48        2205.53         3531.63         4421.24  
    0.581       201.61          1172.47        2430.83         3683.08         4744.50  
    0.588       315.76          1544.79        2653.37         3810.09         4985.90  
    0.594       306.93          1583.89        2786.82         3776.07         4851.15  
    0.600       304.40          1730.71        2886.75         4155.65         5227.24  
    0.606       113.82          871.08        2319.72         3628.66         4843.33  
    0.613       206.20          1250.18        2552.68         3680.22         4682.36  
    0.619       323.56          1826.16        2742.83         3851.72         4952.47  
    0.625       318.65          1983.20        3161.66         3669.69         4951.44  
    0.631       314.63          2026.11        2880.43         3567.85         4893.85  
    0.638       303.70          1802.90        2691.42         3761.58         4950.64  
    0.644       300.89          1631.15        2752.52         3893.95         4989.68  
    0.650       112.95          791.22        2473.35         3539.79         4753.01  
    0.656       170.30          1315.09        2674.82         3585.03         4770.09  
    0.663       251.38          1880.50        2909.88         3762.68         4795.61  
    0.669       89.33          694.74        1091.92         2701.48         3970.69  
    0.675       103.69          1308.72        1459.60         3194.62         4754.37  
    0.681       61.81          780.12        2068.68         3008.32         4349.88  
    0.688       30.40          1132.72        2475.69         3341.58         4527.98  
    0.694       18.12          675.20        2167.23         3191.14         4378.33  
    0.700       0          0        1744.15         2937.94         4028.35  
    0.706       0          669.60        1850.16         3146.36         4243.55  
    0.713       0          1242.39        2096.85         3233.70         4305.66  
    0.719       0          1277.29        2263.22         3343.86         4286.93  
    0.725       0          1300.82        2270.16         3471.78         4539.79  
    0.731       0          1289.29        2213.69         3409.78         4537.60  
    0.738       0          1374.17        1934.67         3152.52         4365.03  
    0.744       376.31          1549.42        2457.92         3751.18         4757.78  
    0.750       676.38          1846.83        2830.71         4011.07         4813.06  
    0.756       648.65          1942.26        2939.64         3974.31         4785.63  
    0.763       631.92          1941.12        3027.97         4058.02         4798.43  
    0.769       241.95          1259.86        2649.11         3686.98         4475.25  
    0.775       438.49          1535.68        2587.05         3686.13         4895.07  
    0.781       616.29          1744.37        2609.95         3798.96         5090.01  
    