0.025       0          485.78        695.89         3119.73         3501.77  
    0.031       253.83          644.63        2168.08         3356.49         4841.17  
    0.038       124.86          515.98        1553.59         2988.49         4165.67  
    0.044       0          417.59        1024.89         2708.18         3596.62  
    0.050       260.44          840.88        2051.42         3289.26         4297.54  
    0.056       374.93          1077.41        2437.18         3517.39         4576.05  
    0.062       370.63          1115.65        2344.02         3514.62         4630.45  
    0.069       374.66          1141.60        2249.79         3536.90         4677.60  
    0.075       378.25          1146.12        2204.09         3584.73         4686.71  
    0.081       379.93          1151.27        2185.40         3635.78         4701.15  
    0.088       378.04          1151.90        2163.18         3643.93         4725.95  
    0.094       383.48          1161.63        2165.19         3650.28         4724.96  
    0.100       387.85          1201.99        2198.89         3674.82         4691.76  
    0.106       381.97          1213.25        2242.05         3648.68         4626.98  
    0.113       383.64          1215.69        2228.74         3661.50         4859.35  
    0.119       388.34          1290.35        2159.19         3643.49         5062.95  
    0.125       382.49          1457.56        2089.17         3499.94         4819.18  
    0.131       385.17          1629.13        1859.58         3437.73         4424.46  
    0.138       387.72          1726.41        1985.18         3464.25         4264.72  
    0.144       385.64          1587.69        2554.73         3510.06         4316.13  
    0.150       393.49          1653.79        2654.02         3490.05         4456.82  
    0.156       400.32          1758.26        2220.46         3462.03         4604.56  
    0.163       391.86          1523.97        2307.28         3440.11         4679.14  
    0.169       389.15          1304.08        2434.10         3452.77         4750.07  
    0.175       395.44          1205.83        2432.80         3469.45         4746.67  
    0.181       390.26          1208.85        2480.83         3451.68         4634.06  
    0.188       388.25          1190.76        2466.20         3416.67         4616.89  
    0.194       389.98          1187.97        2373.14         3414.82         4639.49  
    0.200       391.68          1266.97        2328.32         3428.65         4572.79  
    0.206       395.83          1359.84        2439.47         3460.57         4646.33  
    0.213       397.06          1289.17        2568.76         3464.13         4666.67  
    0.219       388.96          1174.46        2563.72         3383.68         4662.71  
    0.225       390.01          1154.18        2587.81         3364.99         4727.45  
    0.231       397.71          1152.49        2524.22         3374.39         4719.41  
    0.238       406.62          1190.09        2320.84         3371.83         4598.15  
    0.244       406.14          1208.32        2129.15         3345.27         4529.31  
    0.250       405.78          1189.46        2121.95         3358.19         4515.85  
    0.256       416.92          1142.72        2181.54         3402.66         4502.21  
    0.263       424.14          1126.09        2367.99         3481.45         4520.74  
    0.269       424.59          1055.12        2334.74         3460.87         4571.01  
    0.275       431.70          993.26        2264.83         3433.92         4517.21  
    0.281       432.99          965.67        2226.79         3428.10         4400.94  
    0.288       432.00          986.71        2252.41         3427.77         4338.61  
    0.294       427.46          994.61        2304.65         3440.94         4407.37  
    0.300       421.83          961.62        2345.11         3451.03         4516.84  
    0.306       407.84          953.13        2387.58         3455.96         4516.39  
    0.312       408.54          971.58        2550.26         3451.81         4483.60  
    0.319       422.22          836.36        2867.75         3431.68         4378.93  
    0.325       385.10          736.90        3031.46         3422.36         4400.73  
    0.331       372.59          720.35        2856.13         3429.92         4638.61  
    0.338       393.28          764.91        2699.91         3429.04         4790.04  
    0.344       407.14          881.01        2705.14         3435.30         4816.98  
    0.350       385.47          873.60        2729.65         3509.60         4690.92  
    0.356       362.67          891.60        2766.29         3926.22         5212.66  
    0.363       117.83          553.97        1922.91         3253.77         4595.21  
    0.369       0          366.30        1829.42         2736.41         4081.65  
    0.375       233.45          968.87        2447.20         3529.57         5021.25  
    0.381       114.83          654.66        2400.07         3106.80         4721.26  
    0.388       212.14          1287.44        2584.02         3797.46         5116.95  
    0.394       332.22          1692.52        2740.50         4142.59         5242.18  
    0.400       346.04          1735.63        2770.73         4245.16         5373.18  
    0.406       337.22          1685.30        2685.43         3871.90         5200.77  
    0.413       332.57          1605.39        2732.32         3620.18         5070.36  
    