0.025       481.17          1994.30        2085.08         3814.77         4841.67  
    0.031       428.18          1094.10        2547.33         3847.33         4669.86  
    0.038       391.35          829.17        2864.63         3785.23         4498.62  
    0.044       367.69          751.02        2684.34         3777.81         4643.72  
    0.050       340.28          769.11        2654.54         3739.67         4631.79  
    0.056       331.75          779.64        2637.62         3736.52         4542.89  
    0.062       336.41          771.77        2730.56         3767.19         4430.32  
    0.069       342.50          736.58        2695.39         3786.01         4317.82  
    0.075       346.84          749.09        2676.03         3734.69         4294.88  
    0.081       352.78          751.87        2707.42         3754.40         4304.54  
    0.088       358.66          754.61        2709.68         3741.12         4281.29  
    0.094       362.40          756.96        2668.40         3696.68         4299.94  
    0.100       363.04          752.83        2667.18         3665.32         4321.17  
    0.106       362.49          751.06        2693.96         3652.17         4314.38  
    0.113       360.22          751.70        2677.45         3644.67         4320.77  
    0.119       357.49          748.83        2670.50         3632.24         4317.87  
    0.125       356.46          747.62        2663.19         3677.98         4347.32  
    0.131       356.58          734.77        2713.22         3713.82         4495.21  
    0.138       353.24          732.82        2732.91         3755.11         4571.72  
    0.144       351.33          725.48        2650.64         3699.87         4416.38  
    0.150       353.96          698.45        2600.83         3680.55         4299.41  
    0.156       355.09          690.02        2690.67         3676.33         4297.46  
    0.163       352.23          710.56        2692.72         3658.31         4281.29  
    0.169       347.57          709.92        2659.15         3693.74         4261.99  
    0.175       345.15          708.52        2719.04         3713.18         4349.63  
    0.181       346.06          703.35        2739.98         3691.87         4473.62  
    0.188       345.78          703.78        2699.81         3696.42         4428.20  
    0.194       344.85          708.02        2671.75         3686.59         4317.35  
    0.200       345.03          706.82        2640.01         3634.83         4198.42  
    0.206       346.79          704.76        2605.71         3657.66         4210.66  
    0.213       349.01          706.15        2581.04         3667.86         4210.43  
    0.219       349.00          700.89        2621.10         3639.57         4227.84  
    0.225       348.12          696.26        2661.15         3618.51         4221.15  
    0.231       345.32          694.66        2646.01         3625.13         4265.21  
    0.238       339.87          684.39        2627.05         3678.21         4320.85  
    0.244       333.06          676.33        2637.32         3707.10         4324.08  
    0.250       328.12          669.85        2656.12         3713.34         4398.16  
    0.256       327.67          668.40        2657.04         3676.32         4488.48  
    0.263       331.00          696.30        2691.72         3677.26         4459.29  
    0.269       332.28          713.82        2561.07         3689.39         4321.59  
    0.275       329.39          696.83        2491.91         3664.48         4119.84  
    0.281       336.52          667.37        2524.60         3681.48         4129.50  
    0.288       341.92          670.40        2552.85         3753.42         4166.01  
    0.294       347.60          695.33        2552.07         3795.72         4079.74  
    0.300       352.57          707.42        2556.91         3737.66         4002.40  
    0.306       361.65          675.78        2544.88         3674.36         4052.08  
    0.312       356.07          642.44        2529.18         3707.11         4119.99  
    0.319       341.70          668.02        2489.01         3829.00         4337.43  
    0.325       336.80          710.72        2475.90         3854.70         4520.17  
    0.331       326.30          749.90        2531.84         3842.83         4727.82  
    0.338       301.19          690.25        2590.72         3820.45         5012.18  
    