0.025       276.61          687.80        2727.43         3374.93         5156.58  
    0.031       284.99          700.70        2718.19         3386.05         5107.31  
    0.038       299.89          712.36        2700.12         3381.28         5046.67  
    0.044       312.89          718.32        2706.32         3374.73         5029.20  
    0.050       323.72          727.36        2824.17         3523.99         5016.49  
    0.056       326.83          746.49        2882.44         3474.40         5009.51  
    0.062       318.78          777.90        2797.75         3369.59         5078.60  
    0.069       307.47          786.83        2777.14         3213.99         5150.85  
    0.075       299.07          764.19        2643.51         3069.93         5136.71  
    0.081       293.25          750.57        2578.06         3105.58         5137.49  
    0.088       290.56          750.13        2755.40         3084.97         5148.09  
    0.094       291.96          761.63        2753.35         3060.77         5140.69  
    0.100       291.74          779.09        2717.75         3131.62         5157.28  
    0.106       290.57          795.59        2766.99         3376.40         5220.37  
    0.113       294.76          819.40        2802.79         4031.43         5389.58  
    0.119       139.54          553.92        1796.90         3621.32         5463.30  
    0.125       0          310.49        885.55         2834.21         5367.18  
    0.131       0          311.71        872.94         2801.90         5411.55  
    0.138       162.36          583.34        1854.66         3450.45         5500.00  
    0.144       304.49          816.28        2734.83         3837.40         5500.00  
    0.150       304.57          807.15        2722.61         3781.80         5500.00  
    0.156       303.51          798.20        2708.36         3576.78         5500.00  
    0.163       302.19          786.31        2749.70         3219.21         5500.00  
    0.169       141.50          528.71        1719.77         2913.55         4702.01  
    0.175       0          305.27        776.33         2681.77         3999.19  
    0.181       0          299.45        762.61         2700.19         3897.12  
    0.188       155.54          535.55        1843.01         3287.28         4708.05  
    0.194       291.00          743.48        2776.11         3720.32         5500.00  
    0.200       288.55          739.60        2682.61         3730.78         5500.00  
    0.206       287.83          735.72        2621.26         3536.18         5500.00  
    0.213       291.49          734.06        2689.34         3350.24         5500.00  
    0.219       137.80          502.91        1674.56         3031.21         4649.33  
    0.225       0          303.75        731.42         2714.85         3906.54  
    0.231       0          316.85        735.60         2687.98         3903.33  
    0.238       0          327.33        736.25         2673.91         3896.03  
    0.244       0          329.18        730.81         2667.62         3918.07  
    0.250       0          331.91        728.82         2716.34         3997.04  
    0.256       0          335.29        734.86         2761.37         4058.33  
    0.263       0          333.44        738.89         2786.53         4041.52  
    0.269       0          343.32        738.43         2899.63         4036.78  
    0.275       0          339.94        737.62         2930.56         4028.61  
    0.281       0          320.12        725.44         2814.31         3971.19  
    0.288       0          318.55        716.44         2743.10         3931.92  
    0.294       0          334.27        742.73         2741.21         3916.43  
    0.300       0          346.12        768.25         2762.53         3918.45  
    0.306       0          340.17        748.96         2787.97         3936.85  
    0.312       0          324.27        715.60         2787.03         3945.83  
    0.319       0          312.70        702.07         2767.11         3940.56  
    0.325       0          305.30        702.01         2753.23         3930.59  
    0.331       146.64          505.70        1782.54         3378.33         3970.10  
    0.338       269.89          681.56        2731.95         3717.48         3986.04  
    0.344       267.99          678.44        2738.31         3325.94         3997.89  
    0.350       269.37          678.58        2728.34         3057.05         4022.83  
    0.356       259.33          679.72        2712.68         2972.98         3986.64  
    0.363       246.52          682.24        2734.98         2904.72         3925.67  
    0.369       247.77          684.84        2653.20         2960.98         3934.61  
    0.375       255.49          686.53        2525.97         3092.83         3994.67  
    0.381       255.45          685.35        2508.17         3071.09         4004.45  
    0.388       245.41          686.19        2655.88         3184.97         3998.90  
    0.394       239.38          689.38        2738.70         3618.79         4073.26  
    0.400       239.02          665.14        2718.95         3891.50         4220.10  
    