0.025       0          347.44        1912.66         3228.90         4753.87  
    0.031       0          295.91        971.01         3224.56         4601.46  
    0.038       0          305.84        824.21         3214.61         4526.56  
    0.044       0          334.36        854.28         3178.24         4510.18  
    0.050       0          342.79        856.34         3072.86         4492.93  
    0.056       284.68          758.08        2634.51         4181.30         5332.09  
    0.062       337.72          836.76        2978.37         4357.07         5500.00  
    0.069       336.48          839.35        3022.45         4077.59         5225.92  
    0.075       336.73          841.54        3010.79         4634.83         5445.36  
    0.081       336.04          840.36        2928.96         4723.14         5193.22  
    0.088       334.50          837.92        2804.04         4582.30         5071.92  
    0.094       333.11          836.67        2856.30         4703.30         5426.85  
    0.100       331.47          835.42        2979.33         4761.62         5007.49  
    0.106       331.76          839.72        3003.03         4132.07         4987.49  
    0.113       333.36          842.98        2963.96         4031.52         4966.74  
    0.119       333.96          843.33        2902.29         4059.92         4954.79  
    0.125       334.33          844.32        2847.93         3858.10         4999.87  
    0.131       336.34          841.78        2770.42         3943.45         4987.82  
    0.138       335.78          831.41        2746.11         4057.66         4968.67  
    0.144       333.66          823.36        2705.54         4009.59         4953.65  
    0.150       332.82          816.93        2684.02         4047.44         4996.43  
    0.156       334.00          815.05        2719.71         3993.14         5026.87  
    0.163       332.06          807.25        2778.04         3970.78         5072.52  
    0.169       329.91          800.58        2752.07         4018.43         5071.26  
    0.175       326.82          795.28        2843.27         4097.17         5086.12  
    0.181       325.70          790.98        2990.16         4088.20         5118.41  
    0.188       326.44          795.25        3004.05         4078.16         5131.52  
    0.194       326.85          800.69        2949.56         4019.04         5129.46  
    0.200       327.12          799.50        2818.29         3949.98         5157.93  
    0.206       327.16          798.11        2820.15         4031.74         5202.51  
    0.213       328.87          803.58        2978.69         4176.19         5451.84  
    0.219       330.01          806.49        3043.51         4231.68         5500.00  
    0.225       330.44          803.80        2968.34         4144.09         5246.69  
    0.231       330.90          801.76        2856.84         4127.06         5194.81  
    0.238       332.31          801.04        2875.94         4239.91         5449.23  
    0.244       333.77          802.29        2889.14         4404.00         5149.60  
    0.250       334.48          801.76        2836.84         4466.79         4810.90  
    0.256       335.11          799.20        2819.86         4471.77         4797.17  
    0.263       335.11          795.63        2797.51         4299.43         4886.70  
    0.269       337.00          794.89        2837.26         4321.13         5026.12  
    0.275       340.54          796.10        2984.40         4316.57         4822.53  
    0.281       343.08          797.17        3031.37         4165.25         4706.08  
    0.288       343.63          794.49        2897.37         4026.01         4785.99  
    0.294       341.88          791.80        2731.95         4126.72         4933.95  
    0.300       341.94          794.21        2680.42         4213.90         4984.57  
    0.306       347.17          796.96        2733.17         4104.77         4936.07  
    0.312       348.79          795.12        2808.80         3835.21         4856.01  
    0.319       350.28          793.39        2871.72         3743.22         4909.00  
    0.325       354.00          791.36        2894.84         3684.62         4924.52  
    0.331       356.83          794.27        2917.54         3890.96         4888.21  
    0.338       353.22          806.09        2975.34         3865.29         4925.61  
    0.344       349.41          816.38        3082.05         3915.27         4897.58  
    0.350       347.78          821.46        3101.72         4650.48         4822.13  
    0.356       349.78          831.99        3109.64         4706.94         4829.56  
    0.363       351.40          839.45        3099.60         4065.20         4858.05  
    0.369       356.77          840.86        3103.36         4162.02         4842.89  
    0.375       361.38          830.22        3139.99         4216.81         4864.16  
    0.381       376.07          811.49        3100.64         3696.38         4887.21  
    0.388       382.52          796.07        2911.64         3792.05         4838.92  
    0.394       377.56          791.15        2767.40         4453.89         4790.00  
    0.400       371.13          782.35        2762.06         4248.87         4831.51  
    0.406       354.91          772.18        2773.74         4302.56         4844.61  
    0.413       329.26          765.26        2768.41         4277.72         4882.62  
    0.419       291.28          755.20        2794.63         4448.89         4862.51  
    0.425       249.00          718.40        2821.82         4467.71         4827.52  
    0.431       250.49          678.75        2880.99         4486.03         4836.15  
    0.438       250.62          755.11        2939.50         4602.48         5390.14  
    0.444       240.53          797.92        2959.23         4584.31         5274.42  
    0.450       245.85          716.42        2982.14         4025.89         4826.35  
    0.456       243.48          604.46        3049.37         3309.58         4809.26  
    0.463       40.34          291.71        2475.25         3120.86         4904.06  
    0.469       0          236.37        2032.63         3151.18         4888.69  
    0.475       0          242.77        1968.36         3168.30         4882.96  
    0.481       0          245.46        2297.43         3139.73         4774.70  
    0.488       0          250.92        2208.53         3133.01         4719.17  
    0.494       0          266.49        2132.35         3147.39         4728.25  
    