0.025       358.35          1048.54        2599.79         3722.47         4644.69  
    0.031       366.75          1005.58        2527.15         3696.16         4586.65  
    0.038       341.79          834.54        2510.62         3951.55         4707.77  
    0.044       300.71          701.70        2566.71         4104.76         4877.42  
    0.050       285.81          641.66        2578.89         4111.23         4854.87  
    0.056       296.80          558.41        2508.63         4071.60         4722.61  
    0.062       304.24          498.56        2497.17         4010.83         4624.20  
    0.069       312.97          516.61        2507.34         4033.25         4589.16  
    0.075       323.81          609.56        2476.87         4093.29         4626.31  
    0.081       338.12          696.66        2466.69         4102.27         4595.87  
    0.088       349.99          753.70        2513.67         4043.66         4469.97  
    0.094       355.08          796.70        2583.12         3987.51         4349.08  
    0.100       355.70          808.52        2617.51         3994.23         4271.47  
    0.106       361.29          805.21        2657.23         4023.17         4234.22  
    0.113       366.35          802.13        2634.16         4103.84         4275.37  
    0.119       371.89          797.96        2537.53         4130.08         4367.24  
    0.125       378.41          784.31        2535.47         4058.51         4360.02  
    0.131       372.39          789.38        2511.71         4007.21         4337.60  
    0.138       358.79          808.97        2477.14         4023.48         4305.05  
    0.144       347.67          815.90        2471.24         4021.23         4258.60  
    0.150       343.35          816.59        2465.45         4040.32         4241.48  
    0.156       346.39          835.29        2457.06         4073.02         4286.65  
    0.163       348.95          859.46        2448.29         4082.59         4351.67  
    0.169       346.32          872.00        2432.96         4065.99         4379.71  
    0.175       344.50          868.79        2415.25         4004.24         4372.57  
    0.181       345.85          879.04        2396.30         3993.32         4348.46  
    0.188       345.41          894.55        2368.26         4006.05         4305.39  
    0.194       348.29          899.46        2330.29         3981.20         4268.55  
    0.200       353.59          906.33        2320.99         3965.35         4271.37  
    0.206       356.08          935.53        2300.20         3994.35         4306.37  
    0.213       357.66          944.15        2243.35         4026.39         4323.50  
    0.219       366.79          955.71        2011.73         4009.28         4332.43  
    0.225       372.64          931.84        2027.93         4006.83         4337.28  
    0.231       375.06          906.38        2077.32         4027.96         4321.01  
    0.238       368.81          911.79        2181.94         3992.35         4307.16  
    0.244       362.11          937.89        2205.17         3973.10         4279.53  
    0.250       363.33          1002.71        1975.72         4014.12         4255.81  
    0.256       360.05          1054.39        1834.74         3997.83         4231.92  
    0.263       352.20          1017.95        1917.96         3948.85         4214.92  
    0.269       352.61          993.39        1973.23         3926.81         4209.85  
    0.275       361.94          994.96        1862.71         3934.11         4209.45  
    0.281       369.67          957.86        1736.69         3944.16         4213.78  
    0.288       375.82          947.63        1625.22         3940.14         4223.26  
    0.294       394.78          806.37        1238.34         3932.81         4234.40  
    0.300       152.91          540.79        1033.44         3927.96         4230.10  
    0.306       240.75          706.01        1486.80         3944.18         4231.86  
    0.312       376.74          838.38        1955.95         3989.27         4240.77  
    0.319       368.40          800.99        2200.32         4001.45         4275.63  
    0.325       364.01          769.83        2340.90         3982.19         4304.33  
    0.331       361.63          756.06        2391.62         3940.03         4306.93  
    0.338       357.50          752.29        2408.89         3932.36         4262.36  
    0.344       352.87          752.81        2397.21         3962.27         4226.71  
    0.350       357.90          760.18        2376.58         3985.23         4267.07  
    0.356       368.58          754.61        2378.52         3990.76         4289.35  
    0.363       397.18          621.43        2398.33         3992.83         4264.37  
    0.369       155.67          205.49        1181.82         3015.78         4070.16  
    0.375       0          0        436.01         2389.57         3977.81  
    0.381       0          275.50        1634.82         3351.99         4151.13  
    0.388       0          167.27        1183.09         2988.45         4063.60  
    0.394       0          0        497.54         2433.55         3931.82  
    0.400       141.54          408.37        1881.86         3350.86         4139.18  
    0.406       243.74          690.02        2786.67         3910.76         4274.17  
    0.413       262.88          722.95        2951.87         3967.11         4283.08  
    0.419       272.01          739.53        2970.37         3977.97         4318.65  
    0.425       272.87          752.56        2824.97         3942.35         4305.09  
    0.431       270.96          767.59        2873.21         3900.98         4246.29  
    0.438       274.62          780.38        3114.11         3883.52         4249.46  
    0.444       280.40          783.88        3204.04         3907.95         4289.40  
    0.450       292.31          790.34        3082.46         3926.78         4338.83  
    0.456       298.48          793.63        3331.91         3946.33         4364.25  
    0.463       302.58          755.87        3369.30         3967.81         4365.74  
    0.469       303.84          709.60        3299.16         3982.69         4316.16  
    0.475       300.91          698.85        3152.35         3994.64         4301.60  
    0.481       304.69          707.59        2826.08         3997.76         4430.71  
    0.488       311.48          693.43        2547.12         4047.78         4603.09  
    0.494       305.76          543.58        2400.61         4036.72         4656.69  
    0.500       290.78          665.58        2389.48         4003.59         4600.96  
    0.506       290.53          853.61        2526.45         4001.34         4559.82  
    0.513       301.81          911.28        2551.56         4010.33         4503.22  
    0.519       314.75          720.77        2314.72         3989.29         4476.63  
    0.525       120.81          225.87        1224.15         2889.96         4144.61  
    0.531       0          0        718.92         2242.96         3969.71  
    0.537       112.35          520.06        1799.55         3271.90         4359.18  
    