0.025       537.99          697.26        2481.85         3887.55         5056.03  
    0.031       132.61          171.86        1032.22         2848.08         4111.15  
    0.038       0          0        587.48         2538.44         3846.53  
    0.044       245.71          568.47        2280.10         3598.21         4790.70  
    0.050       335.39          754.08        2838.37         3959.45         5031.88  
    0.056       343.16          751.36        2726.47         4011.59         5014.08  
    0.062       332.67          748.94        2733.39         3891.31         4870.13  
    0.069       313.40          752.27        2821.80         3675.11         4737.43  
    0.075       309.92          766.44        2700.95         3622.80         4727.82  
    0.081       314.22          779.51        2662.70         3675.67         4709.85  
    0.088       313.69          778.10        2736.71         3619.64         4832.59  
    0.094       309.16          773.29        2794.39         3557.82         4859.50  
    0.100       309.34          769.66        2807.73         3575.31         4793.31  
    0.106       308.61          763.23        2775.77         3579.73         4832.77  
    0.113       307.33          746.27        2675.83         3571.73         4848.89  
    0.119       310.73          729.73        2673.51         3517.90         4799.11  
    0.125       311.34          723.42        2706.32         3494.43         4793.22  
    0.131       307.25          721.71        2681.68         3485.17         4810.11  
    0.138       307.90          702.47        2652.50         3492.95         4795.84  
    0.144       306.49          679.05        2597.82         3535.33         4722.70  
    0.150       302.90          677.68        2569.54         3572.91         4682.55  
    0.156       302.70          685.52        2592.30         3669.44         4724.18  
    0.163       305.44          693.38        2628.26         3617.31         4711.63  
    0.169       306.36          697.74        2603.72         3557.02         4706.38  
    0.175       307.37          695.07        2562.41         3518.48         4696.52  
    0.181       308.21          698.03        2591.68         3584.80         4681.85  
    0.188       307.45          697.12        2629.04         3636.30         4688.54  
    0.194       305.22          691.11        2634.14         3694.21         4758.75  
    0.200       305.78          682.50        2634.21         3679.46         4776.76  
    0.206       306.81          682.40        2707.48         3769.28         4750.59  
    0.213       306.52          678.45        2845.83         3767.33         4782.04  
    0.219       307.98          674.62        2905.37         3743.51         4743.29  
    0.225       304.21          671.80        2882.84         3730.33         4662.70  
    0.231       297.99          677.01        3021.91         3468.13         4620.50  
    0.238       298.41          690.19        2937.82         3377.77         4637.81  
    0.244       299.12          701.59        3197.43         3346.12         4673.55  
    0.250       295.57          711.38        2977.08         3775.18         4704.17  
    0.256       293.87          717.64        2746.28         3703.82         4629.63  
    0.263       293.05          721.58        2675.35         3531.72         4624.46  
    0.269       290.64          723.01        2730.26         3546.85         4706.47  
    0.275       294.97          677.35        2794.04         3684.70         4758.19  
    0.281       287.14          659.35        2748.68         3707.45         4652.61  
    0.288       269.67          673.79        2712.78         3720.10         4656.78  
    0.294       232.40          680.41        2697.86         3732.53         4780.20  
    0.300       222.22          843.82        2700.92         3808.21         4869.33  
    0.306       232.11          864.49        2790.60         3886.56         4941.82  
    0.312       211.69          913.27        2753.63         3801.49         4965.35  
    0.319       185.09          914.99        2643.56         3792.10         4831.51  
    0.325       174.14          856.52        2678.42         3795.96         4726.07  
    0.331       153.07          773.87        2504.59         3750.42         4819.52  
    0.338       224.48          748.58        2388.22         3649.01         5145.04  
    0.344       236.30          678.40        2375.93         3630.46         5221.95  
    0.350       211.76          1079.21        2309.23         3719.15         5430.06  
    0.356       50.58          662.75        1657.31         2568.05         4322.77  
    0.363       0          449.97        1378.31         2176.19         4342.28  
    0.369       0          421.04        1258.21         2136.81         4127.05  
    0.375       280.35          938.15        1710.95         3469.09         5133.56  
    0.381       231.21          932.41        2065.26         3845.97         4815.02  
    