0.025       291.02          1927.26        2487.98         3413.39         4579.86  
    0.031       70.81          777.99        2097.22         3125.99         4343.41  
    0.038       0          445.02        1945.81         3003.43         4254.22  
    0.044       0          455.43        1966.22         2862.67         3919.74  
    0.050       0          430.19        1866.15         2297.00         3933.86  
    0.056       350.72          1165.49        2057.88         3515.47         5128.35  
    0.062       466.81          1442.71        2155.05         3845.67         5152.28  
    0.069       445.69          1346.42        2102.92         3680.85         4891.73  
    0.075       344.55          1513.39        2243.51         3616.54         4712.57  
    0.081       316.93          1569.13        2462.16         3533.20         4658.09  
    0.088       77.32          381.07        926.13         2446.64         3510.44  
    0.094       225.92          555.22        1920.67         3180.38         4099.19  
    0.100       318.04          723.10        2396.81         3598.36         4490.34  
    0.106       326.10          723.89        2371.00         3594.72         4548.46  
    0.113       324.69          719.53        2384.14         3629.43         4564.20  
    0.119       322.43          706.03        2413.87         3612.37         4562.66  
    0.125       318.07          691.59        2371.95         3638.37         4564.83  
    0.131       315.75          682.17        2279.63         3657.24         4534.44  
    0.138       317.27          680.21        2327.77         3540.69         4504.62  
    0.144       320.76          688.57        2427.25         3578.85         4471.39  
    0.150       326.40          706.21        2470.92         3623.92         4606.97  
    0.156       327.99          715.46        2498.11         3631.11         4690.34  
    0.163       328.95          718.01        2508.78         3626.22         4620.50  
    0.169       331.03          717.18        2505.67         3605.12         4660.59  
    0.175       335.67          709.30        2499.18         3596.55         4797.05  
    0.181       341.32          694.79        2492.83         3602.89         4861.19  
    0.188       348.72          682.44        2492.19         3595.01         4862.51  
    0.194       361.78          651.92        2488.40         3584.90         4847.01  
    0.200       378.07          591.70        2489.13         3567.36         4834.03  
    0.206       373.19          610.60        2505.07         3575.42         4865.17  
    0.213       357.05          672.74        2517.77         3588.29         4879.89  
    0.219       347.32          708.65        2524.48         3597.44         4847.42  
    0.225       345.95          705.07        2516.95         3593.46         4815.67  
    0.231       349.23          702.73        2507.24         3567.21         4805.77  
    0.238       351.77          706.36        2500.06         3542.61         4791.06  
    0.244       345.88          715.72        2496.06         3532.51         4759.68  
    0.250       342.46          725.89        2496.05         3524.62         4723.64  
    0.256       348.05          716.21        2500.18         3523.05         4715.29  
    0.263       353.45          702.84        2501.71         3527.74         4721.73  
    0.269       349.44          728.82        2504.03         3530.18         4752.81  
    0.275       348.13          739.68        2513.80         3522.65         4797.18  
    0.281       360.29          699.67        2526.43         3523.68         4801.34  
    0.288       358.57          703.36        2527.07         3509.35         4761.53  
    0.294       348.83          736.04        2512.84         3519.44         4691.71  
    0.300       348.89          739.58        2512.96         3536.28         4646.94  
    0.306       360.92          689.78        2528.86         3543.31         4648.10  
    0.312       355.24          715.71        2553.07         3528.20         4678.94  
    0.319       359.15          712.59        2559.82         3522.29         4756.39  
    0.325       353.10          734.19        2527.36         3503.91         4763.78  
    0.331       347.65          752.77        2521.51         3481.99         4710.75  
    0.338       347.21          748.36        2523.96         3470.76         4665.35  
    0.344       347.93          732.60        2515.70         3470.16         4666.23  
    0.350       352.07          697.22        2512.00         3470.08         4698.91  
    0.356       378.42          612.78        2514.06         3487.70         4698.47  
    0.363       389.91          562.37        2514.13         3546.23         4720.27  
    0.369       358.16          602.05        2509.12         3616.34         4641.70  
    0.375       335.32          641.83        2515.47         3612.09         4617.98  
    0.381       328.95          663.10        2518.27         3582.30         4631.80  
    0.388       331.50          677.68        2512.73         3568.24         4672.97  
    0.394       331.51          689.90        2553.06         3556.00         4698.24  
    0.400       322.66          684.96        2537.03         3566.14         4679.79  
    0.406       305.28          734.58        2538.03         3536.82         4648.40  
    0.413       294.04          766.25        2565.54         3547.34         4649.63  
    0.419       287.89          778.37        2582.07         3571.71         4650.58  
    0.425       271.80          808.57        2586.14         3607.41         4792.46  
    0.431       293.66          909.63        2576.42         3366.50         4798.54  
    0.438       313.46          709.09        2494.78         3284.92         4690.74  
    0.444       347.83          1100.24        2392.20         3285.38         4656.04  
    0.450       395.47          1226.38        2292.15         3316.59         4736.42  
    0.456       393.05          1644.96        2201.88         3401.24         4821.61  
    0.463       369.68          1710.15        2257.56         3569.29         4841.86  
    0.469       370.14          1393.62        2420.93         3695.51         4901.69  
    