0.025       547.40          1521.88        2373.25         2899.95         3929.08  
    0.031       583.10          1845.55        2489.02         2890.06         3913.61  
    0.038       540.16          1826.59        2609.97         2898.74         3901.46  
    0.044       444.43          1752.05        2404.71         2896.79         3951.45  
    0.050       401.17          1774.58        2506.27         2924.46         3974.69  
    0.056       345.69          1192.90        2138.48         2966.38         3978.14  
    0.062       362.24          536.59        2151.78         2907.56         3914.33  
    0.069       361.56          615.34        2057.51         2871.47         3825.25  
    0.075       324.32          698.41        1996.80         2891.34         3823.64  
    0.081       306.37          676.33        2324.56         3088.90         4019.80  
    0.088       317.75          651.74        2596.58         3043.68         4132.88  
    0.094       326.09          619.30        2586.43         2857.88         4177.51  
    0.100       335.52          637.28        2797.23         2885.34         4125.47  
    0.106       332.30          658.14        2877.15         2988.84         3948.53  
    0.113       327.87          677.02        2856.51         2896.10         3946.41  
    0.119       324.25          668.66        2829.25         3586.36         3994.48  
    0.125       321.44          653.06        2671.57         3874.41         4078.11  
    0.131       319.24          647.39        2659.36         3992.14         4086.99  
    0.138       317.58          656.94        2740.46         3978.56         4092.13  
    0.144       316.67          678.05        2486.26         4018.06         4222.56  
    0.150       316.02          717.42        2574.09         4026.70         4217.36  
    0.156       313.70          739.95        2558.58         4072.10         4146.49  
    0.163       311.71          741.39        2538.92         4012.74         4289.08  
    0.169       310.83          731.31        2615.53         3950.36         4327.59  
    0.175       310.54          745.40        2579.27         3929.79         4384.17  
    0.181       310.01          768.99        2530.83         3914.80         4282.57  
    0.188       308.99          769.82        2360.17         3950.43         4089.91  
    0.194       308.27          771.38        2337.76         4005.13         4066.09  
    0.200       306.05          759.07        2335.40         3942.54         4173.90  
    0.206       305.60          768.88        2374.32         3937.39         4209.98  
    0.213       305.48          780.13        2550.85         4009.38         4105.64  
    0.219       305.49          799.61        2504.41         4010.13         4123.05  
    0.225       305.83          809.93        2566.53         3963.24         4102.25  
    0.231       305.80          789.71        2683.24         3749.18         4140.47  
    0.238       306.07          767.65        2611.71         3957.81         4108.50  
    0.244       306.25          763.10        2570.67         3855.91         4123.03  
    0.250       306.18          793.22        2673.55         3684.63         4116.94  
    0.256       306.95          815.38        2750.60         3592.57         4158.29  
    0.263       307.43          826.45        2638.95         3642.19         4154.92  
    0.269       306.37          803.93        2602.92         3650.62         4159.42  
    0.275       305.84          794.03        2574.61         3712.84         4109.30  
    0.281       307.56          794.31        2446.49         3720.86         4151.06  
    0.288       307.46          787.54        2484.90         3840.21         4097.96  
    0.294       309.09          797.37        3081.52         3189.45         4075.14  
    0.300       309.59          802.26        2896.57         3244.15         4103.71  
    0.306       310.16          808.32        2873.51         3805.30         4035.88  
    0.312       311.23          807.68        2885.36         3593.55         4075.57  
    0.319       311.82          772.67        2804.32         3757.84         4122.64  
    0.325       313.77          728.80        2742.09         3602.72         4170.29  
    0.331       316.22          678.90        2544.56         3459.82         4134.80  
    0.338       319.97          678.12        2504.07         3485.03         4165.05  
    0.344       323.43          673.61        2505.28         3649.36         4273.04  
    0.350       328.29          670.09        2541.79         3757.02         4216.67  
    0.356       335.02          682.18        2720.15         3876.54         4147.10  
    0.363       341.02          691.85        2756.46         4170.12         4204.95  
    0.369       346.50          704.32        2687.20         4120.86         4297.33  
    0.375       349.48          711.06        2658.21         4102.27         4191.84  
    0.381       353.43          706.41        2794.29         4136.63         5439.54  
    0.388       360.75          634.87        2743.60         4040.28         4743.75  
    0.394       368.21          481.18        2802.54         4019.79         4465.58  
    0.400       337.66          475.55        2876.55         4061.95         4540.27  
    0.406       293.49          539.92        2860.85         4091.34         4261.96  
    0.413       266.40          597.72        2853.72         4038.98         4233.58  
    0.419       258.89          628.21        2850.69         4016.77         5441.67  
    0.425       252.85          653.82        2846.72         4059.88         5500.00  
    0.431       248.15          670.74        2842.34         4113.80         4990.10  
    0.438       245.46          681.77        2821.48         4047.35         4257.14  
    0.444       245.14          694.73        2820.85         3760.61         4258.69  
    0.450       257.75          714.37        2783.21         3787.14         4250.07  
    0.456       264.13          732.56        2696.82         3886.28         4336.91  
    0.463       270.80          730.65        2768.20         3943.16         4204.80  
    0.469       279.75          712.80        2840.12         3711.08         4327.14  
    0.475       285.95          786.74        2830.45         3766.79         4380.91  
    0.481       325.12          740.89        2753.68         4057.67         4271.91  
    0.488       341.17          746.12        2674.12         3796.67         4318.76  
    0.494       355.60          777.04        2765.08         3457.11         4499.80  
    0.500       362.40          834.97        2754.34         3453.65         4435.16  
    0.506       378.52          1069.78        2645.64         3402.08         4492.76  
    0.513       397.27          1473.76        2789.82         3452.52         4424.03  
    0.519       18.33          463.21        1664.65         2864.20         4202.84  
    0.525       0          422.31        1883.64         2852.69         4389.27  
    0.531       407.11          782.09        2397.32         2882.26         4492.14  
    0.537       287.28          1388.88        2830.01         3648.07         4530.64  
    0.544       12.91          350.04        1521.31         2911.07         4164.31  
    0.550       0          474.65        1530.23         2882.19         4234.81  
    0.556       0          530.29        1495.30         2887.76         4472.96  
    