0.025       400.49          685.01        2363.35         3402.98         4957.99  
    0.031       394.62          690.03        2354.36         3379.68         3945.74  
    0.038       369.40          705.86        2350.97         3294.65         3625.41  
    0.044       371.03          734.11        2387.52         3284.17         3641.97  
    0.050       375.56          722.55        2411.91         3290.19         3710.45  
    0.056       356.85          695.43        2403.93         3244.17         3545.76  
    0.062       357.54          711.50        2429.18         3256.87         3539.01  
    0.069       345.77          724.67        2447.05         3228.40         3459.64  
    0.075       344.34          721.37        2452.76         3235.93         3403.79  
    0.081       347.14          701.08        2454.39         3236.71         3477.33  
    0.088       342.48          705.87        2470.71         3249.18         3464.91  
    0.094       340.84          706.06        2488.63         3244.79         3454.52  
    0.100       343.16          702.94        2503.64         3251.16         3456.33  
    0.106       341.73          697.23        2496.10         3249.14         3467.73  
    0.113       340.84          694.59        2482.59         3239.42         3504.96  
    0.119       343.45          684.63        2500.41         3257.42         3622.78  
    0.125       349.26          654.87        2504.58         3271.01         3800.42  
    0.131       348.65          665.81        2488.43         3254.18         3881.84  
    0.138       347.19          684.81        2491.20         3257.67         3879.61  
    0.144       348.99          690.09        2484.06         3274.68         3870.93  
    0.150       343.80          680.55        2475.60         3267.45         3888.36  
    0.156       345.75          675.30        2463.44         3265.54         3811.39  
    0.163       343.44          684.20        2471.28         3262.43         3839.70  
    0.169       351.84          679.11        2464.72         3246.86         3800.42  
    0.175       350.40          674.49        2479.34         3249.37         3774.98  
    0.181       344.11          680.62        2495.02         3252.20         3798.87  
    0.188       342.43          691.50        2492.22         3266.01         3809.08  
    0.194       341.75          688.71        2493.09         3258.49         3847.10  
    0.200       339.06          688.85        2496.56         3275.17         3841.75  
    0.206       339.53          691.67        2494.96         3266.33         3795.74  
    0.213       341.84          688.76        2495.13         3254.03         3788.66  
    0.219       337.71          690.83        2523.47         3257.51         3765.19  
    0.225       337.47          695.45        2524.58         3229.90         3739.04  
    0.231       343.22          701.63        2506.21         3207.94         3740.49  
    0.238       347.47          693.95        2470.42         3206.00         3751.18  
    0.244       349.09          688.55        2454.38         3228.51         3800.45  
    0.250       349.85          689.24        2467.50         3243.79         3814.08  
    0.256       352.92          689.43        2476.05         3246.81         3790.41  
    0.263       359.94          678.56        2474.89         3248.72         3734.49  
    0.269       371.86          646.81        2481.96         3261.63         3764.91  
    0.275       349.97          583.19        2497.21         3298.72         3878.24  
    0.281       303.49          571.06        2487.20         3288.84         3921.30  
    0.288       352.82          585.69        2480.78         3269.42         3861.32  
    0.294       43.31          70.64        784.47         2639.91         3354.13  
    0.300       315.61          505.72        2323.87         3172.99         4853.92  
    0.306       363.07          600.60        2562.93         3254.18         4985.16  
    0.312       349.07          600.55        2595.08         3275.48         4892.96  
    0.319       364.19          617.67        2598.88         3291.38         5083.87  
    0.325       367.87          633.98        2570.48         3281.97         5334.30  
    0.331       366.22          636.73        2558.83         3263.18         5255.96  
    0.338       365.42          640.48        2579.43         3256.41         5126.43  
    0.344       366.13          644.00        2586.73         3254.58         4943.64  
    0.350       375.36          636.52        2589.71         3248.50         5430.39  
    0.356       45.26          406.86        880.69         2638.86         3511.11  
    0.363       324.34          623.89        2326.08         3151.13         5228.32  
    0.369       351.19          663.47        2484.50         3306.98         3761.63  
    0.375       358.39          656.90        2525.99         3373.07         3931.60  
    0.381       43.23          428.51        875.53         2910.61         3437.26  
    0.388       0          409.26        709.49         3131.84         3380.44  
    0.394       311.90          682.36        2836.22         3228.23         3480.93  
    0.400       346.91          724.03        2907.57         3251.40         3684.57  
    0.406       346.03          726.10        2709.74         3239.07         3587.05  
    0.413       345.74          715.84        2648.68         3231.69         3555.08  
    0.419       343.64          697.38        2536.37         3219.79         3512.93  
    0.425       339.30          677.21        2457.30         3213.42         3481.47  
    0.431       323.34          606.10        2447.89         3153.74         3446.23  
    0.438       307.68          547.39        2416.68         3148.92         3505.89  
    0.444       284.47          478.59        2438.09         3411.26         3518.48  
    0.450       33.84          56.50        669.51         2718.12         3457.69  
    0.456       0          0        416.50         2646.96         3432.64  
    0.463       200.73          231.12        2448.63         3321.91         4728.58  
    0.469       27.42          31.57        509.63         2553.66         3549.15  
    0.475       0          194.55        2118.06         3255.86         4391.81  
    0.481       0          26.57        469.87         2499.47         3553.73  
    0.488       156.98          1213.26        2210.06         3276.90         4673.19  
    