0.025       366.31          1011.04        2556.79         3382.01         3744.89  
    0.031       364.33          902.70        2563.46         3381.18         3727.22  
    0.038       364.04          807.04        2579.63         3365.05         3689.65  
    0.044       349.69          796.72        2621.50         3348.49         3662.17  
    0.050       337.34          790.29        2604.72         3342.45         3623.64  
    0.056       325.39          768.49        2563.64         3308.65         3582.14  
    0.062       318.36          759.60        2576.84         3261.25         3579.41  
    0.069       318.92          772.37        2610.85         3293.68         3608.99  
    0.075       322.00          787.43        2639.59         3381.64         3680.98  
    0.081       323.00          799.91        2679.17         3471.69         3744.92  
    0.088       322.46          797.73        2698.69         3504.40         3842.79  
    0.094       328.28          783.43        2682.63         3459.11         3849.32  
    0.100       327.93          786.87        2729.68         3462.00         4004.80  
    0.106       325.79          799.12        2748.50         3465.73         4108.08  
    0.113       325.91          794.85        2712.65         3441.77         4075.10  
    0.119       323.88          789.59        2681.75         3412.94         3961.17  
    0.125       322.58          790.05        2660.21         3441.45         3940.62  
    0.131       324.35          787.97        2665.55         3473.92         4054.79  
    0.138       325.66          778.24        2656.54         3477.91         4102.26  
    0.144       323.64          783.86        2645.88         3457.63         4082.54  
    0.150       322.00          784.86        2671.39         3437.64         4001.51  
    0.156       323.34          777.52        2736.07         3460.81         4082.85  
    0.163       321.48          773.60        2740.28         3481.28         4156.23  
    0.169       316.81          768.26        2705.01         3499.34         4025.92  
    0.175       312.77          765.11        2662.33         3489.89         3866.60  
    0.181       312.01          765.09        2647.37         3475.31         4031.27  
    0.188       312.44          753.70        2656.75         3496.59         4147.14  
    0.194       309.56          745.90        2674.60         3513.97         4054.58  
    0.200       303.80          740.59        2741.46         3509.72         3936.23  
    0.206       300.50          730.53        2697.63         3492.82         4015.60  
    0.213       296.47          718.31        2639.22         3522.53         4060.98  
    0.219       294.37          699.54        2625.57         3527.80         4053.86  
    0.225       298.13          670.68        2655.15         3509.20         4075.44  
    0.231       291.93          671.56        2669.88         3520.50         4044.56  
    0.238       284.98          673.52        2674.87         3520.25         3955.28  
    0.244       287.53          664.59        2687.23         3515.80         3933.47  
    0.250       296.64          650.53        2716.97         3516.31         3885.97  
    0.256       305.17          636.07        2704.25         3508.82         3890.27  
    0.263       311.01          633.36        2649.54         3521.58         3989.93  
    0.269       323.61          648.11        2604.77         3513.28         4169.52  
    0.275       329.17          634.40        2608.38         3506.55         4230.30  
    0.281       327.88          562.55        2625.02         3512.04         4323.07  
    0.288       289.22          424.26        2602.55         3530.28         4410.62  
    0.294       203.14          368.34        2569.82         3504.64         4493.76  
    0.300       45.74          93.30        923.12         2797.53         3740.79  
    0.306       0          0        352.34         2641.94         3580.91  
    0.312       165.40          647.32        2109.83         3356.93         4262.76  
    