0.025       342.58          479.52        2706.48         3686.16         5036.14  
    0.031       346.70          447.07        2725.73         3693.32         5056.34  
    0.038       346.75          421.79        2723.81         3666.42         5043.25  
    0.044       354.94          418.26        2710.04         3692.35         4999.16  
    0.050       362.84          404.99        2722.61         3743.17         5010.77  
    0.056       364.13          385.65        2752.07         3739.36         5048.06  
    0.062       346.01          379.20        2765.28         3735.89         5059.82  
    0.069       309.23          376.84        2764.89         3880.50         5058.25  
    0.075       309.15          370.01        2770.63         3972.15         5042.47  
    0.081       344.06          387.99        2773.03         3895.58         5047.97  
    0.088       353.56          408.14        2768.08         3786.93         5061.95  
    0.094       348.83          393.04        2781.02         3728.51         5061.02  
    0.100       362.11          380.51        2786.57         3720.09         5056.96  
    0.106       371.02          387.12        2794.40         3770.91         5057.49  
    0.113       372.68          384.99        2792.92         3737.93         5097.35  
    0.119       372.35          381.08        2776.97         3651.61         5125.44  
    0.125       371.01          388.50        2780.02         3698.58         5123.42  
    0.131       373.40          390.64        2801.77         3773.67         5124.24  
    0.138       368.16          413.46        2806.26         3834.35         5160.99  
    0.144       371.97          418.99        2813.48         3806.98         5147.14  
    0.150       376.89          415.68        2839.55         3752.20         5107.48  
    0.156       379.41          425.22        2872.39         3844.01         5101.14  
    0.163       381.19          434.17        2900.65         3982.22         5090.92  
    0.169       374.77          454.02        2927.62         3938.52         5129.68  
    0.175       368.55          462.74        2969.94         3762.79         5162.43  
    0.181       369.19          459.04        2960.07         3534.66         5168.09  
    0.188       371.27          448.43        2883.13         3490.37         5178.18  
    0.194       375.65          432.95        2835.04         3596.97         5174.15  
    0.200       370.64          442.98        2818.88         3640.44         5114.05  
    0.206       358.62          454.65        2738.73         3498.55         5158.43  
    0.213       339.10          463.28        2657.31         3405.72         5353.56  
    0.219       319.46          489.91        2638.66         3362.88         5353.08  
    0.225       307.45          524.56        2653.55         3368.02         5286.02  
    0.231       309.11          545.06        2674.24         3324.52         5382.62  
    0.238       325.93          548.98        2655.59         3316.59         5479.18  
    0.244       339.33          551.40        2586.63         3342.14         5404.67  
    0.250       326.57          562.17        2540.39         3393.69         5322.29  
    0.256       302.88          566.49        2529.06         3397.63         5301.39  
    0.263       297.53          555.24        2506.70         3339.80         5296.07  
    0.269       304.65          569.09        2485.60         3391.63         5285.08  
    0.275       306.94          608.04        2490.45         3498.56         5280.41  
    0.281       290.99          646.90        2513.29         3532.02         5264.37  
    0.288       262.43          671.81        2504.33         3551.76         5246.16  
    0.294       240.88          687.00        2479.95         3525.04         5255.84  
    0.300       235.93          687.06        2461.69         3542.83         5248.47  
    0.306       244.24          628.64        2467.22         3613.54         5140.20  
    0.312       253.14          602.72        2549.99         3581.19         5054.91  
    0.319       261.86          629.19        2647.02         3553.60         5028.29  
    0.325       261.93          629.56        2628.47         3628.44         4991.01  
    0.331       83.83          200.74        1212.60         2962.01         4237.39  
    0.338       0          0        492.56         2659.47         3819.31  
    0.344       0          0        343.81         2650.66         3791.56  
    0.350       0          174.41        1829.86         3494.84         4434.81  
    0.356       0          82.74        1002.99         2935.78         4112.15  
    