0.025       0          280.68        2406.37         2947.95         4430.63  
    0.031       0          319.22        2529.68         2957.25         4281.83  
    0.038       248.32          664.65        2635.49         3818.79         4681.30  
    0.044       314.74          781.95        2690.77         4044.15         4802.93  
    0.050       313.53          788.75        2673.82         4182.96         5354.91  
    0.056       310.80          773.67        2684.50         4303.18         5500.00  
    0.062       309.67          763.87        2629.08         4154.70         5084.73  
    0.069       309.72          758.90        2564.76         3899.25         4821.93  
    0.075       308.93          758.86        2518.59         3694.87         4750.86  
    0.081       307.43          757.69        2513.42         3541.06         4791.50  
    0.088       305.43          755.82        2504.29         3457.32         4838.80  
    0.094       304.84          751.75        2527.83         3812.93         4758.98  
    0.100       305.76          748.78        2580.39         4290.39         4752.22  
    0.106       306.06          752.04        2689.64         4431.92         4742.81  
    0.113       305.43          747.49        2744.49         4333.19         4888.79  
    0.119       305.58          749.24        2764.16         4370.09         5380.72  
    0.125       306.22          752.78        2766.54         4374.61         5500.00  
    0.131       63.91          400.80        1173.77         3240.66         4550.68  
    0.138       243.55          657.29        2510.09         3989.46         5249.75  
    0.144       309.03          749.41        2900.46         4062.95         4601.95  
    0.150       308.82          741.76        2744.65         4250.56         5263.27  
    0.156       64.39          397.91        1151.89         3054.88         4508.95  
    0.163       0          309.83        740.61         2676.37         4249.03  
    0.169       246.09          643.42        2272.63         3936.53         5239.10  
    0.175       310.68          732.87        2715.93         3860.09         4656.78  
    0.181       311.49          737.24        2703.40         4149.09         5115.78  
    0.188       312.49          740.94        2738.90         4224.57         5218.88  
    0.194       313.21          743.91        2655.22         4179.11         5437.15  
    0.200       312.37          735.10        2709.36         4141.99         5500.00  
    0.206       310.92          721.85        2688.39         4155.33         5500.00  
    0.213       312.21          730.33        2636.64         4185.87         5500.00  
    0.219       316.18          733.21        2596.24         4189.74         5500.00  
    0.225       317.61          726.21        2487.87         4170.12         5296.71  
    0.231       66.28          405.95        1099.58         3286.96         4457.49  
    0.238       253.12          640.89        2473.69         4073.98         5239.31  
    0.244       315.71          716.18        2591.55         4216.10         4883.81  
    0.250       315.88          713.94        2478.34         4145.52         4839.93  
    0.256       318.17          716.00        2468.55         4116.25         4856.90  
    0.263       320.06          724.58        2424.58         4113.40         4746.08  
    0.269       317.63          722.57        2392.16         4102.68         4627.73  
    0.275       315.17          720.71        2512.73         4086.03         4655.13  
    0.281       315.38          729.47        2570.95         4115.49         4855.35  
    0.288       314.86          732.34        2523.25         4130.45         4760.17  
    0.294       314.89          737.74        2462.25         4091.46         4794.28  
    0.300       316.59          747.94        2412.49         4106.52         5356.74  
    0.306       318.60          756.22        2228.33         4073.02         4891.71  
    0.312       323.26          764.55        2181.05         4027.45         4749.64  
    0.319       328.76          765.17        2320.15         4071.40         4682.55  
    0.325       330.78          752.34        2310.33         4107.89         4688.96  
    0.331       332.30          731.18        2306.69         4068.35         4842.08  
    0.338       326.83          711.04        2432.06         3986.07         5370.80  
    0.344       322.11          704.79        2482.46         3827.15         5055.59  
    0.350       303.64          686.84        2604.60         4034.11         5284.73  
    0.356       283.74          702.15        2569.10         4102.40         5100.40  
    0.363       272.65          717.63        2566.07         4093.96         4953.64  
    0.369       265.76          721.38        2555.84         4010.76         4775.81  
    0.375       250.47          729.35        2538.43         4076.65         4672.24  
    0.381       223.45          738.75        2513.43         4160.17         4600.42  
    0.388       257.59          806.01        2699.86         4131.42         4490.05  
    0.394       55.95          390.60        1703.86         3239.64         4418.42  
    0.400       0          493.94        1934.73         3190.48         4503.47  
    