0.025       454.16          776.78        2127.89         2966.59         4243.54  
    0.031       460.84          796.82        2714.42         3488.79         4778.27  
    0.038       67.78          529.00        1131.18         2809.69         4272.46  
    0.044       432.06          851.88        2430.80         3788.64         4541.04  
    0.050       491.54          808.79        2767.06         3429.53         4591.72  
    0.056       460.44          763.75        2717.93         3141.40         4387.83  
    0.062       459.16          765.17        2691.65         3115.35         4225.31  
    0.069       464.57          776.08        2678.84         3123.00         4126.14  
    0.075       448.81          760.26        2557.32         2790.78         3302.66  
    0.081       452.30          763.44        2685.73         3100.70         3473.27  
    0.088       451.15          755.86        2725.58         3105.14         3754.66  
    0.094       440.19          745.80        2747.96         3173.86         3851.43  
    0.100       436.77          751.53        2784.31         3349.28         5259.59  
    0.106       438.23          736.46        2923.23         3444.45         5500.00  
    0.113       64.34          499.43        1047.96         3070.97         3683.03  
    0.119       0          467.43        736.00         2855.44         3313.42  
    0.125       0          470.26        730.53         2794.39         3421.94  
    0.131       397.88          675.64        967.80         2753.74         3424.50  
    0.138       68.41          501.52        753.45         2742.91         3327.20  
    0.144       0          464.89        713.45         2739.93         3269.92  
    0.150       0          462.55        721.75         2725.81         3236.17  
    0.156       387.00          676.53        2272.35         2746.28         3315.81  
    0.163       452.60          715.67        2293.27         2752.04         3333.33  
    0.169       449.21          718.69        2651.31         2756.33         3358.90  
    0.175       447.44          725.56        2092.42         2747.99         3382.65  
    0.181       65.61          488.46        913.72         2733.58         3242.63  
    0.188       0          65.65        485.42         1018.73         2831.83  
    0.194       0          0        441.64         724.39         2761.26  
    0.200       0          378.79        689.86         2436.25         3198.73  
    0.206       377.72          690.42        1830.76         2723.53         3298.06  
    0.213       441.52          726.21        2234.73         2705.51         3273.21  
    0.219       64.75          489.67        955.02         2701.25         3260.34  
    0.225       379.22          681.32        2398.80         3211.65         3495.11  
    0.231       447.01          720.99        2667.47         3177.12         3628.00  
    0.238       451.87          712.12        2686.23         2995.45         3524.37  
    0.244       455.43          704.28        2685.74         2852.64         3436.58  
    0.250       457.45          703.98        2684.95         2966.53         3378.59  
    0.256       459.33          706.42        2683.98         2766.68         3289.44  
    0.263       461.40          714.79        2235.76         2711.57         3382.95  
    0.269       67.74          105.07        711.29         1026.45         2818.12  
    0.275       391.83          629.11        740.50         2411.71         3231.25  
    0.281       67.37          108.17        504.44         1020.72         2777.68  
    0.288       386.34          621.84        1418.05         2400.75         3297.72  
    0.294       449.25          731.32        2407.80         2679.22         3423.19  
    0.300       442.61          734.25        2677.14         2702.46         3640.19  
    0.306       436.35          738.99        2714.61         2779.86         3408.87  
    0.312       63.89          481.05        1038.82         2711.53         3235.92  
    0.319       369.35          695.96        2346.57         2845.62         3965.94  
    0.325       427.51          739.22        2504.38         3033.41         4135.01  
    0.331       424.95          738.55        2572.85         3084.37         4145.21  
    0.338       424.66          738.57        2627.77         3096.25         4192.60  
    0.344       425.08          735.26        2656.23         3105.92         4298.58  
    0.350       441.43          745.87        2641.31         3151.57         4328.84  
    0.356       444.15          746.09        2627.45         3160.07         4208.29  
    0.363       437.46          738.81        2561.52         3123.03         4140.78  
    0.369       438.44          739.71        2540.10         3101.13         4201.06  
    0.375       437.20          742.06        2657.49         3155.80         4304.31  
    0.381       448.21          749.61        2689.14         3116.19         4338.40  
    0.388       439.95          719.66        2578.31         3116.28         4247.40  
    0.394       439.73          726.26        2575.73         3143.93         4221.69  
    0.400       451.96          750.26        2662.52         3139.15         4073.36  
    0.406       466.67          811.02        2793.75         3194.10         4120.44  
    0.413       454.71          697.50        2817.86         2918.63         4216.35  
    0.419       433.21          697.28        2640.72         3070.19         4073.87  
    0.425       434.83          718.70        2613.39         3150.98         4667.50  
    0.431       447.52          770.77        2633.79         3210.04         4286.71  
    