0.025       0          422.01        1686.30         2683.79         3576.02  
    0.031       324.64          526.37        2501.18         3224.78         5236.05  
    0.038       327.86          605.46        2666.81         3568.41         5500.00  
    0.044       353.67          559.84        2703.18         3645.04         5500.00  
    0.050       49.25          391.30        2608.43         2911.19         3916.94  
    0.056       0          363.76        2622.81         3014.57         3708.34  
    0.062       0          350.73        2575.44         3134.53         3738.45  
    0.069       0          352.51        2564.56         3199.85         3782.22  
    0.075       0          346.92        2579.11         3272.22         4037.35  
    0.081       0          340.39        2589.39         3293.82         3990.82  
    0.088       0          46.58        652.86         2733.81         3406.78  
    0.094       286.49          450.42        2378.56         3271.55         3951.14  
    0.100       338.16          444.23        2732.52         3364.16         4074.86  
    0.106       330.28          550.89        2733.78         3398.80         4145.95  
    0.113       324.17          602.12        2764.98         3398.71         4073.75  
    0.119       342.24          453.88        3041.00         3655.65         4252.24  
    0.125       47.36          368.01        2151.31         2974.77         3922.96  
    0.131       0          363.99        2576.25         2739.27         3821.50  
    0.138       0          375.79        2649.57         2792.45         3671.11  
    0.144       0          51.79        692.94         2706.78         3615.44  
    0.150       0          0        381.25         2722.29         3595.84  
    0.156       0          0        385.12         2785.68         3672.79  
    0.163       320.25          431.75        2511.58         3550.42         5251.06  
    0.169       363.65          526.67        2885.08         3715.11         5500.00  
    0.175       352.08          592.33        3071.37         3690.66         5500.00  
    0.181       349.23          610.59        3150.95         3467.88         5500.00  
    0.188       365.22          525.54        3060.85         3363.10         5500.00  
    0.194       376.51          469.51        3067.74         3376.14         5500.00  
    0.200       51.84          410.23        2060.64         3251.43         3900.95  
    0.206       0          406.30        2285.97         3290.03         3574.24  
    0.213       0          411.66        2551.09         3338.04         3457.38  
    0.219       0          56.58        718.04         2681.33         3350.09  
    0.225       0          379.16        2267.99         3249.33         5203.08  
    0.231       0          449.37        2371.60         3325.42         3896.93  
    0.238       0          458.49        2517.73         3370.71         3415.06  
    0.244       0          470.13        2118.87         3211.22         3812.05  
    0.250       0          475.11        1825.15         3179.29         3919.00  
    0.256       0          479.34        1420.20         3136.31         3882.47  
    0.263       0          488.32        1025.41         3138.74         3847.87  
    0.269       0          493.66        1385.97         3178.87         3904.49  
    0.275       0          502.25        1195.68         3162.82         3827.87  
    0.281       323.77          533.68        2679.72         3520.81         5268.72  
    0.288       346.74          633.50        2811.63         3499.99         5500.00  
    0.294       337.48          663.13        2763.52         3466.07         5500.00  
    0.300       340.48          663.92        2803.98         3459.03         5500.00  
    0.306       357.37          639.53        3021.95         3519.68         5500.00  
    0.312       369.88          602.96        3074.02         3614.91         5500.00  
    0.319       363.21          545.84        3091.13         3687.55         5500.00  
    0.325       417.64          547.46        3102.52         3721.94         5500.00  
    0.331       301.70          527.08        3012.49         3667.70         5500.00  
    0.338       38.67          518.66        1885.57         3200.29         3988.82  
    0.344       0          492.47        2432.17         3230.52         3538.99  
    0.350       0          452.89        2527.97         3459.97         3751.38  
    0.356       0          442.54        2481.21         3454.86         3803.49  
    0.363       0          434.99        2450.70         3333.57         3895.26  
    0.369       0          447.21        2407.21         3182.57         3797.00  
    0.375       0          435.73        2541.35         3244.08         3748.26  
    0.381       0          434.27        2589.51         3470.67         3647.17  
    0.388       0          59.59        752.85         3094.63         3657.49  
    0.394       0          379.59        1661.29         3233.95         3757.03  
    0.400       0          421.92        1678.39         3337.12         3808.86  
    0.406       0          436.50        1194.78         3352.40         3743.74  
    0.413       278.82          597.38        2617.66         3615.70         5257.51  
    0.419       252.39          609.89        2693.85         3684.13         5500.00  
    0.425       256.80          675.33        2588.52         3676.40         5500.00  
    0.431       268.05          733.61        2564.81         3694.62         5101.57  
    0.438       253.17          709.04        2502.23         3794.14         5091.12  
    0.444       34.38          327.95        2510.04         3402.86         4017.30  
    0.450       0          257.89        2543.30         3238.80         3891.67  
    0.456       204.79          759.17        2614.78         3776.13         5280.37  
    0.463       226.33          837.16        2683.39         3762.08         5467.45  
    0.469       217.41          916.90        2653.98         3714.17         5494.83  
    0.475       214.65          1111.97        2602.84         3712.45         5500.00  
    0.481       214.41          1187.88        2598.71         3761.01         5500.00  
    0.488       217.76          1243.66        2588.27         3801.13         5500.00  
    0.494       230.65          1030.80        2635.18         3809.00         5500.00  
    