0.025       410.34          1787.97        2896.26         4049.96         5198.08  
    0.031       349.41          1754.88        2886.16         3951.60         5214.06  
    0.038       112.34          617.85        2138.66         3169.69         4346.64  
    0.044       0          0        1778.44         2863.28         3882.01  
    0.050       254.17          1130.87        2488.37         3558.57         4592.77  
    0.056       422.36          976.33        2813.23         3810.12         4803.42  
    0.062       393.63          588.06        2708.74         3826.14         4667.39  
    0.069       377.76          600.97        2688.14         4088.94         4651.79  
    0.075       383.20          591.98        2699.45         4441.42         4603.18  
    0.081       377.83          616.52        2675.23         4520.63         4607.39  
    0.088       372.80          653.71        2582.38         4456.74         4616.54  
    0.094       372.69          687.41        2528.56         4404.24         4612.98  
    0.100       373.54          714.49        2593.17         4384.39         4650.96  
    0.106       374.30          736.19        2672.56         4384.43         4641.22  
    0.113       374.89          739.89        2710.60         4355.66         4583.53  
    0.119       374.00          742.36        2722.76         4318.28         4545.02  
    0.125       375.05          737.31        2715.24         4305.49         4544.01  
    0.131       378.40          712.61        2678.11         4308.12         4584.57  
    0.138       377.44          695.11        2655.91         4318.76         4588.85  
    0.144       370.66          695.50        2652.08         4299.46         4558.36  
    0.150       367.72          688.58        2653.13         4265.45         4499.65  
    0.156       365.35          666.62        2671.45         4232.00         4435.93  
    0.163       383.44          620.94        2682.58         4208.78         4422.89  
    0.169       401.68          598.33        2665.18         4166.84         4390.98  
    0.175       390.25          615.41        2652.60         4189.53         4398.54  
    0.181       356.10          635.17        2660.45         4231.98         4438.05  
    0.188       329.12          646.91        2675.17         4216.08         4462.10  
    0.194       320.02          651.00        2687.65         4202.33         4484.94  
    0.200       333.25          651.36        2698.47         4186.41         4422.09  
    0.206       349.03          653.93        2709.11         4188.74         4380.47  
    0.213       343.53          660.95        2713.33         4205.82         4385.06  
    0.219       314.72          669.58        2704.20         4215.00         4387.71  
    0.225       286.54          677.21        2662.14         4244.11         4392.77  
    0.231       278.66          681.37        2650.38         4220.00         4399.59  
    0.238       285.00          680.78        2652.71         4209.23         4408.77  
    0.244       292.50          679.94        2634.08         4208.23         4412.51  
    0.250       293.28          679.57        2642.07         4177.33         4397.56  
    0.256       292.42          676.96        2649.12         4168.60         4373.05  
    0.263       295.98          672.78        2665.52         4159.31         4362.66  
    0.269       297.71          668.49        2670.10         4170.85         4365.88  
    0.275       299.92          663.58        2662.56         4193.81         4433.63  
    0.281       301.62          658.35        2649.47         4200.30         4490.97  
    0.288       299.45          651.67        2632.44         4177.98         4504.09  
    0.294       301.99          642.71        2621.11         4149.57         4484.45  
    0.300       311.19          628.21        2611.71         4091.17         4425.94  
    0.306       321.70          613.13        2595.06         4041.19         4361.80  
    0.312       327.11          599.55        2579.87         4063.40         4324.10  
    0.319       323.10          602.70        2580.71         4101.33         4302.70  
    0.325       315.64          611.05        2587.38         4167.25         4274.11  
    0.331       308.41          612.30        2612.17         4192.84         4289.50  
    0.338       308.72          609.46        2618.34         4155.59         4331.05  
    0.344       323.34          608.56        2607.28         4206.71         4283.66  
    0.350       341.27          610.05        2593.93         4237.20         4296.44  
    0.356       338.99          616.70        2575.96         4211.63         4330.25  
    0.363       325.81          626.88        2557.26         4212.77         4303.22  
    0.369       324.40          641.14        2551.95         4176.37         4247.35  
    0.375       334.39          651.23        2567.19         4178.97         4270.40  
    0.381       342.08          673.21        2570.09         4200.61         4245.22  
    0.388       332.20          686.42        2551.71         4198.41         4267.10  
    0.394       313.43          686.78        2544.72         4205.27         4291.89  
    0.400       314.03          687.92        2544.72         4142.19         4253.49  
    0.406       322.36          681.31        2541.84         4053.61         4230.51  
    0.413       315.26          668.77        2547.27         3935.93         4228.04  
    0.419       306.91          658.63        2546.88         4100.29         4264.73  
    0.425       309.76          657.61        2530.13         4221.42         4553.57  
    0.431       317.04          662.89        2524.55         4240.14         4944.77  
    0.438       313.50          655.58        2523.26         4245.71         4929.35  
    0.444       304.80          648.18        2535.53         4249.45         4849.89  
    0.450       301.44          644.73        2546.31         4253.87         4698.43  
    0.456       296.58          628.63        2549.21         4274.20         4450.63  
    0.463       293.17          621.75        2542.80         4289.88         4446.03  
    0.469       290.12          625.88        2524.51         4195.04         4601.74  
    0.475       290.29          628.94        2512.61         4130.56         4651.00  
    0.481       285.95          626.37        2507.41         4122.00         4589.70  
    0.488       285.14          625.90        2504.05         3989.07         4510.15  
    0.494       284.07          623.92        2504.93         3720.29         4441.44  
    0.500       282.07          623.40        2498.09         3624.56         4371.56  
    0.506       283.48          618.54        2484.67         3832.40         4415.16  
    0.513       285.06          623.31        2473.58         3905.14         4736.96  
    0.519       284.08          635.16        2482.71         3835.01         4836.19  
    0.525       284.41          643.33        2503.49         3825.63         4775.65  
    0.531       283.40          653.23        2502.88         3842.57         4681.85  
    0.537       286.33          654.16        2506.27         3895.55         4612.98  
    0.544       291.43          646.90        2501.95         3934.59         4654.54  
    0.550       300.89          634.84        2495.64         3934.68         4739.75  
    0.556       323.86          626.01        2498.19         3822.31         4807.90  
    0.562       336.21          642.57        2495.19         3689.87         4867.94  
    0.569       325.09          641.69        2487.95         3735.70         4819.12  
    0.575       323.64          638.93        2406.16         3740.25         4772.97  
    0.581       340.19          642.97        2348.53         3639.86         4781.73  
    0.588       348.91          620.01        2438.16         2980.21         4755.12  
    0.594       326.77          597.75        2262.86         2610.41         5228.37  
    0.600       299.54          637.13        2348.79         3146.96         4889.34  
    0.606       300.20          622.11        2479.59         3485.97         4661.07  
    0.613       319.78          557.96        2498.51         3582.93         4700.26  
    0.619       330.22          535.69        2572.33         3565.93         4721.11  
    0.625       320.95          696.75        2602.72         3617.05         4764.43  
    0.631       287.80          886.22        2481.77         3700.85         4725.48  
    0.638       268.49          974.67        2404.06         3616.06         4601.85  
    0.644       94.70          538.72        2381.06         3215.31         4438.26  
    0.650       0          283.71        2076.92         2998.12         4558.49  
    0.656       0          274.05        2079.34         3038.67         4671.24  
    0.663       155.21          1378.61        2182.73         3483.86         4709.20  
    0.669       249.15          1794.03        2241.66         3744.46         4729.73  
    0.675       255.31          1693.58        2274.71         3740.59         4717.29  
    0.681       250.88          1732.32        2217.53         3763.25         4693.76  
    0.688       262.98          1663.09        2209.07         3745.40         4732.62  
    0.694       289.01          1453.17        2416.60         3713.56         4827.88  
    0.700       308.00          1327.92        2565.45         3673.68         4898.42  
    0.706       306.30          1242.49        2578.38         3645.96         4963.21  
    0.713       306.51          1263.68        2584.10         3686.77         4978.36  
    0.719       313.61          1306.95        2612.48         3560.46         4888.39  
    