0.025       407.48          716.30        2469.51         3853.83         4350.07  
    0.031       409.70          783.59        2446.98         3839.40         4262.63  
    0.038       415.15          831.45        2423.26         3781.48         4124.52  
    0.044       423.71          821.69        2418.13         3762.46         4066.57  
    0.050       428.83          815.05        2396.51         3680.52         4065.91  
    0.056       428.48          821.45        2350.55         3601.96         4041.09  
    0.062       425.86          827.97        2351.34         3529.43         3988.54  
    0.069       424.85          847.80        2379.95         3502.29         3946.38  
    0.075       425.31          877.71        2391.30         3536.13         3933.42  
    0.081       423.71          895.59        2408.15         3540.57         3939.45  
    0.088       421.89          905.50        2435.98         3527.29         3932.37  
    0.094       423.37          916.09        2454.08         3532.68         3945.38  
    0.100       425.91          920.58        2460.72         3543.48         3953.04  
    0.106       427.23          918.91        2461.02         3546.69         3930.89  
    0.113       427.51          917.14        2454.11         3544.19         3895.36  
    0.119       429.06          916.43        2445.99         3533.45         3886.03  
    0.125       431.68          916.71        2442.78         3522.01         3916.55  
    0.131       432.20          911.54        2444.59         3524.46         3926.55  
    0.138       430.04          903.51        2454.13         3531.77         3937.47  
    0.144       429.26          904.60        2457.01         3511.05         3949.99  
    0.150       431.48          913.74        2446.59         3504.46         3923.80  
    0.156       435.78          914.01        2442.91         3526.87         3909.34  
    0.163       443.93          897.15        2449.41         3558.02         3933.56  
    0.169       453.73          876.32        2458.76         3576.58         3986.09  
    0.175       452.35          879.50        2456.27         3578.90         3956.55  
    0.181       454.22          888.16        2448.87         3610.31         3899.02  
    0.188       464.72          878.16        2442.67         3657.44         3913.38  
    0.194       481.60          842.17        2439.96         3682.44         3929.32  
    0.200       494.69          809.45        2436.11         3688.73         3919.81  
    0.206       500.34          795.93        2435.85         3694.09         3914.35  
    0.213       532.03          730.65        2437.72         3708.30         3912.39  
    0.219       568.33          624.63        2419.42         3717.46         3879.88  
    0.225       575.27          599.11        2399.00         3717.44         3877.58  
    0.231       556.54          664.01        2395.87         3700.11         3907.11  
    0.238       525.09          740.38        2404.92         3686.82         3907.67  
    0.244       544.80          698.02        2419.06         3701.54         3920.81  
    0.250       545.98          699.60        2420.38         3692.01         3915.74  
    0.256       535.32          710.27        2410.68         3682.39         3903.02  
    0.263       534.96          709.09        2413.36         3688.51         3904.93  
    0.269       515.88          759.93        2416.58         3692.06         3888.79  
    0.275       521.14          762.02        2420.11         3700.26         3892.81  
    0.281       572.51          671.40        2430.05         3717.14         3906.24  
    0.288       587.07          661.36        2439.01         3715.08         3894.34  
    0.294       538.49          772.77        2429.23         3680.60         3870.27  
    0.300       500.03          856.01        2417.50         3658.01         3901.93  
    0.306       473.93          887.29        2426.40         3643.82         3943.33  
    0.312       458.58          906.35        2426.97         3618.65         3929.61  
    0.319       460.77          934.85        2419.70         3622.05         3926.40  
    0.325       464.82          954.28        2412.67         3621.35         3906.42  
    0.331       464.13          964.72        2404.20         3612.30         3871.51  
    0.338       459.44          962.11        2395.46         3584.16         3846.81  
    0.344       450.07          957.51        2381.21         3530.07         3836.89  
    0.350       440.61          970.78        2369.06         3530.87         3856.89  
    0.356       434.87          988.87        2363.93         3562.01         3890.81  
    0.363       429.87          998.85        2367.13         3611.04         3913.26  
    0.369       423.01          978.28        2392.49         3621.10         3915.73  
    0.375       415.37          953.25        2399.98         3563.37         3906.32  
    0.381       408.23          941.07        2377.70         3512.53         3887.26  
    0.388       401.26          917.38        2353.78         3467.71         3892.85  
    0.394       391.85          891.29        2359.14         3615.26         3908.97  
    0.400       386.14          864.20        2399.16         3746.45         3931.11  
    0.406       379.36          849.58        2434.51         3694.07         3926.63  
    0.413       367.07          854.21        2429.65         3642.48         3907.12  
    0.419       360.53          850.97        2430.10         3691.57         3904.40  
    0.425       359.53          829.12        2422.88         3761.13         4011.90  
    0.431       367.64          736.85        2397.98         3709.63         4134.14  
    0.438       292.08          525.78        2377.74         3631.75         4152.11  
    0.444       95.39          168.82        1220.22         2822.47         3828.18  
    0.450       0          0        459.32         2255.78         3626.22  
    0.456       85.27          364.61        1547.40         3096.94         4046.19  
    0.463       123.57          773.52        2273.98         3691.94         4316.05  
    0.469       140.25          848.07        2381.61         3678.23         4370.88  
    0.475       119.50          850.30        2470.58         3698.88         4476.90  
    0.481       37.09          348.32        1085.70         2924.13         4035.30  
    0.488       0          225.95        1462.47         3104.70         4206.53  
    