0.025       514.70          1534.48        2771.14         3464.76         5049.33  
    0.031       480.81          1523.70        2656.28         3489.80         4800.39  
    0.038       50.60          573.12        1052.01         2857.99         3482.63  
    0.044       385.23          612.32        2360.65         3293.72         5269.68  
    0.050       413.05          1102.33        2437.62         3349.18         5500.00  
    0.056       386.93          1471.10        2749.84         3404.17         4787.38  
    0.062       389.23          1524.65        3004.72         3438.59         4574.60  
    0.069       386.19          1568.44        3283.35         3564.40         5400.18  
    0.075       383.82          1536.25        3063.97         3447.98         4864.77  
    0.081       40.71          516.28        1765.05         3291.61         3990.60  
    0.088       0          396.42        1574.45         3298.84         3893.47  
    0.094       355.84          1431.93        3152.38         3410.40         4458.62  
    0.100       404.51          1462.41        2836.27         3390.26         4598.43  
    0.106       404.68          1523.40        2668.06         3404.82         4587.87  
    0.113       404.06          1530.19        3151.58         3349.20         4432.10  
    0.119       396.03          1545.12        2874.62         3388.52         4350.28  
    0.125       402.32          1558.34        2985.03         3479.01         4196.85  
    0.131       413.13          1573.83        3340.87         3788.32         4036.51  
    0.138       43.97          533.30        1782.15         3293.31         4113.44  
    0.144       371.32          1512.48        2541.64         3336.74         4346.34  
    0.150       418.06          1681.65        2227.50         3406.85         4427.29  
    0.156       398.68          1508.73        2348.50         3420.58         4497.39  
    0.163       400.23          1466.15        2278.41         3417.67         4483.93  
    0.169       402.76          1626.79        2023.39         3420.50         4524.39  
    0.175       389.77          1520.02        2333.94         3441.97         4662.85  
    0.181       390.90          1430.50        2513.31         3433.41         4674.51  
    0.188       416.41          1367.37        2167.98         3398.41         4506.03  
    0.194       458.02          794.53        1904.88         3376.43         4495.89  
    0.200       49.09          476.72        1784.46         3378.86         3778.13  
    0.206       354.43          1318.06        2339.55         3395.70         4683.10  
    0.213       42.08          533.10        1824.09         3386.96         4707.94  
    0.219       0          425.91        1760.26         3355.40         4394.69  
    0.225       374.84          1343.25        2154.54         3386.75         4546.94  
    0.231       44.50          576.55        1952.63         3407.08         4396.23  
    0.238       0          455.07        1908.53         3412.73         4461.90  
    0.244       0          453.09        1839.92         3391.51         4511.18  
    0.250       374.20          998.73        2256.88         3395.24         4450.40  
    0.256       432.95          1018.53        2264.37         3408.99         4505.19  
    0.263       436.84          1362.01        1848.40         3389.04         4552.44  
    0.269       46.39          502.99        1622.94         3385.78         4330.54  
    0.275       348.32          1284.36        2363.11         3411.40         4720.81  
    0.281       435.52          1188.80        2380.34         3423.73         4581.03  
    0.288       448.21          1179.05        2209.60         3396.78         4438.10  
    0.294       441.39          1633.24        1756.36         3396.06         4512.92  
    0.300       456.26          1266.24        2159.68         3423.36         4579.91  
    0.306       489.36          1033.42        2223.99         3441.80         4628.10  
    0.312       527.66          845.01        2213.64         3461.20         4581.46  
    0.319       532.75          743.51        2140.90         3457.53         4454.35  
    0.325       497.13          1045.97        2348.08         3440.08         4507.05  
    0.331       519.40          954.89        2286.85         3442.14         4472.56  
    0.338       55.45          99.72        746.65         2178.75         3513.60  
    0.344       450.99          994.79        2061.28         3251.81         4456.69  
    0.350       493.54          1171.95        2328.19         3415.84         4547.24  
    0.356       484.96          1122.19        2332.07         3409.07         4503.19  
    0.363       490.00          1056.27        2269.62         3418.49         4721.79  
    0.369       469.70          1004.92        2338.34         3414.96         4640.52  
    0.375       443.41          948.17        2379.02         3422.54         4452.98  
    0.381       423.36          943.61        2374.29         3434.98         4439.77  
    0.388       416.80          949.91        2430.67         3448.34         4550.85  
    0.394       451.28          967.82        2412.60         3410.58         4801.16  
    0.400       455.04          953.52        2913.30         3366.82         5428.83  
    0.406       397.07          780.35        3169.49         3328.12         5500.00  
    0.413       374.90          782.34        2989.25         3399.07         5500.00  
    0.419       401.09          791.53        3240.23         3302.90         5500.00  
    0.425       428.83          759.45        3184.30         3294.84         5026.34  
    0.431       408.90          825.04        3093.39         3815.71         5443.77  
    0.438       43.11          653.37        1747.49         3292.19         4262.99  
    0.444       0          678.71        1562.67         3306.53         4542.65  
    0.450       0          72.61        763.38         2566.33         3457.11  
    0.456       0          242.97        1260.95         2926.93         4242.48  
    0.463       0          230.39        1466.45         2956.27         4307.56  
    0.469       221.00          1264.31        2753.97         4036.39         5372.90  
    0.475       26.24          435.02        1891.83         3122.96         4503.46  
    0.481       0          305.48        1731.60         3019.67         4277.61  
    0.488       0          276.66        1623.49         2972.08         4256.97  
    0.494       0          273.30        1681.00         3063.51         4378.10  
    0.500       0          283.20        1607.01         3090.64         4509.42  
    0.506       0          284.54        1685.57         2999.65         4324.79  
    0.513       0          317.46        1827.14         3140.47         4286.99  
    0.519       0          395.41        1821.42         3142.04         4340.94  
    0.525       0          330.59        1667.99         3136.25         4275.17  
    