0.025       663.78          1315.19        2494.92         3524.15         4672.46  
    0.031       541.69          1134.83        2572.10         3642.12         4682.86  
    0.038       399.61          1104.76        2561.41         3677.25         4630.89  
    0.044       356.81          845.88        2458.52         3839.55         4448.48  
    0.050       311.84          729.29        2544.53         4026.33         4890.51  
    0.056       287.48          682.10        2618.09         4105.48         4894.67  
    0.062       293.05          617.59        2509.46         4064.79         4757.29  
    0.069       281.56          554.34        2458.40         4009.94         4732.31  
    0.075       286.49          555.28        2480.88         3980.93         4687.87  
    0.081       301.62          643.97        2470.46         4081.82         4690.66  
    0.088       324.16          734.23        2455.17         4098.12         4699.62  
    0.094       330.38          792.78        2460.91         4070.40         4662.16  
    0.100       333.15          829.52        2473.26         4010.40         4627.39  
    0.106       336.22          839.99        2514.82         4050.74         4543.69  
    0.113       340.57          834.15        2523.40         4098.42         4500.69  
    0.119       348.57          827.09        2495.92         4098.04         4534.78  
    0.125       350.59          811.95        2395.34         4118.52         4607.16  
    0.131       355.22          800.24        2382.47         4109.45         4607.76  
    0.138       355.80          796.21        2436.01         4041.38         4536.08  
    0.144       346.77          817.42        2435.29         4064.92         4507.76  
    0.150       336.87          818.70        2452.79         4125.41         4460.37  
    0.156       334.13          808.93        2458.65         4094.15         4363.44  
    0.163       336.31          806.88        2455.64         4101.59         4460.94  
    0.169       338.35          812.34        2450.32         4090.39         4531.35  
    0.175       333.73          811.91        2437.06         4094.85         4550.62  
    0.181       332.53          812.71        2414.04         4032.80         4499.30  
    0.188       335.80          824.75        2392.89         4003.82         4455.26  
    0.194       336.50          855.70        2354.34         4043.22         4425.00  
    0.200       339.20          874.47        2369.14         4033.21         4428.58  
    0.206       344.79          856.61        2379.56         3988.24         4415.69  
    0.213       341.45          855.39        2374.17         4005.95         4440.67  
    0.219       341.44          866.57        2334.27         4055.07         4478.82  
    0.225       342.24          849.46        2329.83         4047.79         4483.35  
    0.231       343.67          839.25        2341.09         4023.67         4498.85  
    0.238       344.06          824.77        2324.94         4066.04         4491.43  
    0.244       349.09          836.21        2350.65         4024.89         4449.30  
    0.250       349.69          855.41        2403.65         4019.18         4453.93  
    0.256       349.33          869.05        2389.17         4086.83         4412.63  
    0.263       347.35          889.61        2325.93         4137.24         4416.57  
    0.269       344.21          902.48        2262.34         4059.81         4242.27  
    0.275       342.10          883.94        2340.33         4020.59         4250.07  
    0.281       345.51          891.97        2331.80         4104.77         4273.05  
    0.288       350.19          866.74        2276.22         4052.91         4289.39  
    0.294       347.79          834.19        2264.17         4021.15         4296.65  
    0.300       350.94          843.94        2291.20         3985.00         4347.10  
    0.306       360.02          850.45        2195.33         3962.64         4397.98  
    0.312       361.31          835.51        2183.72         3962.81         4388.12  
    0.319       354.59          807.06        2133.14         4008.25         4324.93  
    0.325       353.71          793.37        2197.85         4023.94         4335.00  
    0.331       354.62          774.75        2307.14         4025.19         4435.82  
    0.338       353.77          760.77        2357.11         3989.60         4463.51  
    0.344       352.06          759.38        2379.00         3953.81         4457.32  
    0.350       346.10          753.78        2411.18         4004.34         4412.55  
    0.356       345.45          764.58        2400.23         4062.83         4436.00  
    0.363       349.32          777.26        2380.80         4077.95         4486.82  
    0.369       348.94          729.54        2401.95         4060.52         4386.12  
    0.375       19.07          39.72        571.73         2519.72         4058.72  
    0.381       0          0        457.44         2444.14         4045.88  
    0.388       0          0        458.42         2399.36         4016.48  
    0.394       0          0        477.28         2395.43         3974.42  
    0.400       0          0        508.71         2419.40         3979.91  
    0.406       36.05          538.67        2376.53         3839.99         4444.44  
    0.413       244.13          676.28        2843.93         3926.81         4451.69  
    0.419       275.95          713.32        2916.93         4012.20         4492.60  
    0.425       285.31          731.54        2666.38         4042.61         4568.35  
    0.431       285.62          748.44        2604.83         3973.92         4504.50  
    0.438       278.74          764.27        2668.36         3969.40         4440.77  
    0.444       279.72          779.27        2760.58         3908.07         4464.89  
    0.450       287.23          775.34        2780.06         3930.87         4448.43  
    0.456       292.34          759.85        2655.79         3951.16         4464.68  
    0.463       311.37          788.54        2772.62         3969.56         4512.32  
    0.469       305.77          778.87        2984.27         3991.04         4542.34  
    0.475       311.49          696.38        2834.07         4013.43         4517.19  
    0.481       302.06          672.68        2755.86         4037.19         4489.92  
    0.488       305.24          685.21        2585.59         4025.50         4607.67  
    0.494       311.78          684.84        2486.75         4033.08         4799.06  
    0.500       317.16          638.24        2392.02         4045.45         4863.87  
    0.506       293.09          580.87        2341.76         3958.52         4684.66  
    0.513       290.13          879.95        2473.95         3999.79         4635.30  
    0.519       303.77          936.60        2604.72         3995.78         4583.38  
    