0.025       0          1262.41        2861.44         2970.70         3796.90  
    0.031       464.01          1408.39        2884.52         3518.33         4868.96  
    0.038       273.13          553.68        1874.51         3207.29         4458.85  
    0.044       0          261.05        1426.29         2898.47         3974.09  
    0.050       192.81          566.10        2288.16         3165.43         4619.30  
    0.056       287.00          650.14        2698.73         3258.45         4548.82  
    0.062       265.78          644.66        2653.46         3237.52         4304.74  
    0.069       252.90          627.73        2655.05         3242.24         4195.54  
    0.075       248.43          610.89        2643.04         3245.98         3922.19  
    0.081       246.00          611.71        2607.19         3240.85         3768.29  
    0.088       240.81          611.64        2566.45         3248.01         3770.17  
    0.094       237.00          593.99        2553.23         3290.74         3961.12  
    0.100       236.82          577.94        2554.89         3307.74         4156.04  
    0.106       239.32          574.42        2558.37         3282.35         4250.81  
    0.113       243.67          576.57        2559.55         3270.22         4332.23  
    0.119       247.60          572.48        2564.71         3307.35         4246.59  
    0.125       250.72          560.12        2583.95         3321.02         4184.20  
    0.131       254.07          541.78        2595.48         3292.23         4173.43  
    0.138       257.56          531.91        2620.41         3270.38         4349.65  
    0.144       255.08          548.86        2662.37         3267.17         4657.66  
    0.150       250.08          573.09        2695.26         3277.37         4595.70  
    0.156       252.49          577.02        2774.64         3304.21         4444.44  
    0.163       257.57          572.26        2910.14         3334.11         4543.62  
    0.169       259.37          569.90        2916.10         3343.23         5173.15  
    0.175       263.84          553.92        2784.42         3322.30         5500.00  
    0.181       263.55          554.76        2722.41         3307.59         5211.72  
    0.188       257.44          577.52        2790.82         3324.20         4672.66  
    0.194       257.78          574.92        2774.28         3337.84         4496.47  
    0.200       262.80          556.18        2680.78         3339.05         4667.14  
    0.206       314.81          428.65        2613.40         3349.46         5166.23  
    0.213       306.20          362.72        2582.10         3355.14         5065.37  
    0.219       271.47          365.49        2565.10         3341.45         5263.96  
    0.225       97.90          135.36        1187.53         2832.67         4138.15  
    0.231       169.56          229.63        1727.36         3029.76         4698.39  
    0.238       304.81          365.18        2515.82         3311.85         5500.00  
    0.244       310.02          483.99        2507.05         3298.13         5500.00  
    0.250       294.03          596.58        2503.98         3292.78         5500.00  
    0.256       283.53          663.32        2526.84         3295.25         5500.00  
    0.263       273.45          720.11        2604.61         3303.90         5500.00  
    0.269       267.97          751.42        2605.97         3320.33         5500.00  
    0.275       269.93          762.87        2578.19         3342.84         5500.00  
    0.281       273.70          765.48        2578.09         3345.12         5500.00  
    0.288       275.02          764.93        2589.08         3346.72         5500.00  
    0.294       274.90          762.33        2628.28         3355.82         5500.00  
    0.300       274.05          757.54        2643.03         3391.89         5500.00  
    0.306       268.57          752.88        2630.50         3441.10         5500.00  
    0.312       261.49          747.84        2615.89         3436.99         5500.00  
    0.319       260.79          741.52        2594.20         3385.50         5500.00  
    0.325       266.35          736.18        2573.09         3343.57         5500.00  
    0.331       278.26          729.93        2556.79         3346.41         5500.00  
    0.338       296.45          721.92        2553.65         3359.61         5500.00  
    0.344       316.19          716.08        2605.55         3359.54         5500.00  
    0.350       326.89          715.58        2629.99         3347.99         5500.00  
    0.356       322.28          717.45        2611.14         3365.16         5500.00  
    0.363       307.45          719.92        2631.03         3379.24         5500.00  
    0.369       301.46          680.79        2655.35         3400.39         5500.00  
    0.375       304.31          675.14        2651.85         3434.41         5500.00  
    0.381       306.02          709.85        2635.02         3464.10         5400.73  
    0.388       308.29          715.07        2599.73         3402.90         5264.97  
    0.394       317.19          692.76        2582.37         3313.55         5396.05  
    0.400       321.48          655.31        2615.97         3376.95         5500.00  
    0.406       252.49          494.54        2629.72         3406.04         5500.00  
    0.413       78.53          405.29        2629.50         2962.86         4284.28  
    0.419       0          393.61        2480.92         2649.93         3745.08  
    0.425       0          385.25        2368.33         2604.98         3858.71  
    0.431       0          366.43        2432.73         2587.24         3810.35  
    0.438       0          356.74        2496.07         2595.75         3698.33  
    0.444       0          365.15        2581.81         2645.48         3804.67  
    0.450       0          345.01        2527.33         2703.22         3971.75  
    0.456       0          337.65        2483.74         2705.29         4000.96  
    0.463       0          338.88        2471.91         2798.52         4093.56  
    0.469       0          312.22        2443.89         2856.11         4045.58  
    0.475       0          257.24        2373.08         2855.06         4073.41  
    0.481       0          215.68        2288.43         2874.29         4321.10  
    0.488       0          182.52        2166.55         2878.09         4387.77  
    