0.025       0          1359.19        2520.19         3702.61         4757.10  
    0.031       0          271.84        1547.81         3023.25         4243.62  
    0.038       223.78          1176.64        2665.73         4081.49         5223.05  
    0.044       55.95          801.61        1918.78         3351.33         4494.43  
    0.050       0          126.86        1595.62         2897.78         3979.55  
    0.056       605.57          1668.49        2679.78         3933.06         5182.73  
    0.062       151.39          1313.38        2420.90         3555.29         4533.39  
    0.069       0          1177.54        2254.43         3631.91         4674.28  
    0.075       0          1253.40        2385.04         3774.93         5353.98  
    0.081       0          1305.17        2464.69         3713.88         4250.25  
    0.088       0          1491.45        2484.96         3904.20         4772.88  
    0.094       0          1495.76        2620.63         3430.67         4494.67  
    0.100       0          1023.42        2200.77         3110.07         4508.23  
    0.106       563.91          1493.77        2566.97         3681.39         4981.87  
    0.113       372.37          1663.39        2738.70         4029.32         5037.35  
    0.119       57.85          1559.20        2455.67         3470.05         4650.64  
    0.125       0          1272.32        2213.67         3211.85         4546.60  
    0.131       0          787.01        2040.73         3081.11         4463.39  
    0.138       307.50          1396.52        2656.56         3624.11         4723.98  
    0.144       76.87          1409.09        2644.97         3692.80         4855.63  
    0.150       0          1223.20        2464.81         3593.43         4505.48  
    0.156       0          1155.34        2431.54         3617.36         4526.92  
    0.163       761.08          1739.51        2799.77         3832.07         4938.30  
    0.169       803.19          1791.36        2864.39         3938.18         5005.39  
    0.175       153.23          1333.56        2474.41         3924.54         4339.38  
    0.181       0          245.02        1832.70         2852.14         3971.44  
    0.188       235.47          1144.82        2254.60         3540.12         4652.45  
    0.194       58.87          286.20        840.15         2623.55         3850.99  
    0.200       0          554.41        1913.96         3261.66         4365.35  
    0.206       0          692.45        2273.54         3467.11         4448.23  
    0.213       0          659.92        2298.60         3501.35         3825.80  
    0.219       0          635.49        2265.42         3485.99         3532.55  
    0.225       0          608.78        2269.96         3438.10         3553.02  
    0.231       0          570.49        2294.98         3426.00         4493.13  
    0.238       0          556.90        2276.74         3433.44         4781.45  
    0.244       0          542.03        2228.98         3398.66         4386.45  
    0.250       0          494.49        2225.71         3373.54         4129.85  
    0.256       0          407.44        2334.40         3416.53         4660.70  
    0.263       283.49          764.09        2462.15         3446.79         4812.62  
    0.269       70.87          171.60        791.88         2613.02         3719.92  
    0.275       0          342.78        1901.79         3230.33         3960.67  
    0.281       0          401.93        2282.15         3461.67         4476.46  
    0.288       0          79.06        740.08         2572.09         3697.11  
    0.294       261.78          693.86        2038.03         3262.75         4590.00  
    0.300       314.80          888.57        2514.54         3466.91         4986.44  
    0.306       307.83          923.19        2464.33         3448.58         4861.57  
    0.312       304.60          912.29        2411.67         3443.01         4864.01  
    0.319       312.94          695.66        2373.25         3490.64         4920.77  
    0.325       63.03          128.53        962.28         2624.39         3804.47  
    0.331       0          0        829.12         2542.24         3535.49  
    0.338       0          0        851.25         2542.38         3553.77  
    0.344       0          0        786.41         2506.27         3569.80  
    0.350       0          0        748.73         2429.57         3584.47  
    0.356       0          0        728.14         2439.36         3590.38  
    0.363       0          0        729.27         2430.15         3588.66  
    0.369       0          0        1013.62         2486.70         3591.65  
    0.375       0          0        884.03         2490.30         3615.95  
    0.381       208.25          468.03        2144.15         3502.38         4581.46  
    0.388       52.06          117.01        740.08         2711.55         3946.79  
    0.394       0          0        472.30         2474.26         3724.55  
    0.400       220.75          1088.24        2109.01         3529.42         4781.58  
    0.406       268.74          1592.77        2514.04         3758.31         5035.48  
    0.413       224.29          1748.02        2675.80         3900.84         5091.15  
    0.419       42.73          354.46        1913.21         3236.40         3881.76  
    0.425       0          0        1295.22         2476.58         3585.21  
    0.431       0          0        1315.34         2318.70         3631.61  
    0.438       0          0        1607.91         2347.21         3738.11  
    0.444       0          0        1510.48         2383.82         3808.20  
    0.450       0          1336.07        2407.47         3709.36         4226.86  
    0.456       0          334.02        1906.31         3191.64         4069.66  
    0.463       271.56          1391.00        2519.52         3687.09         4676.79  
    0.469       209.37          1610.25        2730.64         3974.92         4820.87  
    0.475       592.85          1710.13        2721.01         4029.65         4902.77  
    0.481       604.32          1572.28        2608.15         3944.03         4868.67  
    0.488       116.24          305.91        1529.67         2813.99         4226.08  
    0.494       0          906.95        2246.03         3239.11         4351.57  
    0.500       0          1279.55        2513.62         3642.98         4458.03  
    0.506       295.53          1351.46        2642.11         3894.23         4887.21  
    0.513       247.78          1408.59        2676.86         3851.40         4972.98  
    0.519       43.47          284.13        1745.42         2994.78         4068.96  
    0.525       278.53          1283.63        2678.35         3780.68         4893.09  
    0.531       359.29          1700.21        3050.07         4406.63         5431.06  
    0.537       72.41          739.09        2224.16         3376.92         4639.23  
    0.544       0          1082.46        2068.37         3201.26         4397.63  
    0.550       0          1270.50        2273.75         3295.98         4375.12  
    0.556       0          1216.73        2364.26         3324.95         4323.59  
    0.562       488.79          1788.82        2754.82         3729.86         5096.66  
    0.569       316.94          1748.84        2786.54         3825.59         5031.77  
    0.575       48.69          1282.55        2461.87         3464.62         4581.47  
    0.581       0          1097.66        2416.57         3479.61         4425.95  
    0.588       0          1298.32        2402.82         3373.21         4429.48  
    