0.025       324.83          2178.21        2618.17         4098.94         5500.00  
    0.031       98.33          885.94        2299.75         3368.04         4607.96  
    0.038       225.39          465.86        2618.06         3431.99         5112.73  
    0.044       306.07          547.84        2817.87         3548.59         5372.32  
    0.050       288.95          553.86        2795.04         3434.23         5275.46  
    0.056       288.18          558.09        2778.68         3318.63         5283.80  
    0.062       307.36          589.75        2800.24         3196.99         5292.85  
    0.069       334.89          670.95        2780.41         3152.26         5282.42  
    0.075       360.92          736.13        2786.73         3247.44         5292.25  
    0.081       391.27          781.43        2836.23         3332.32         5303.49  
    0.088       408.32          810.12        2866.64         3373.58         5289.78  
    0.094       411.90          819.10        2906.68         3434.26         5235.64  
    0.100       409.69          810.64        2929.49         3406.22         5221.91  
    0.106       406.46          802.68        2936.21         3360.10         5237.46  
    0.113       404.14          802.76        2864.62         3326.32         5221.39  
    0.119       404.82          813.38        2804.87         3307.62         5188.54  
    0.125       410.25          824.83        2784.47         3310.18         5199.50  
    0.131       414.54          830.31        2751.31         3322.44         5196.91  
    0.138       415.51          830.95        2790.46         3310.45         5167.44  
    0.144       414.46          827.62        2853.44         3316.23         5148.72  
    0.150       413.02          821.40        2824.72         3317.66         5127.58  
    0.156       411.42          809.05        2786.33         3304.79         5147.95  
    0.163       410.05          806.10        2740.93         3301.34         5198.11  
    0.169       410.19          812.02        2718.87         3290.07         5218.24  
    0.175       411.97          820.58        2742.52         3274.78         5219.38  
    0.181       414.00          824.85        2742.87         3289.08         5260.36  
    0.188       413.25          826.51        2716.89         3304.31         5242.61  
    0.194       412.50          829.93        2710.07         3305.33         5235.88  
    0.200       412.43          836.76        2710.07         3294.72         5256.95  
    0.206       412.31          844.31        2701.05         3306.57         5236.59  
    0.213       412.48          846.47        2684.54         3322.66         5203.29  
    0.219       413.20          840.49        2664.56         3313.15         5142.24  
    0.225       414.29          831.31        2657.86         3302.05         5108.55  
    0.231       414.29          823.19        2672.22         3288.68         5100.39  
    0.238       412.87          819.91        2672.95         3314.37         5127.19  
    0.244       411.20          815.65        2682.25         3320.76         5138.40  
    0.250       410.52          813.24        2712.50         3298.71         5138.49  
    0.256       411.00          812.05        2706.62         3281.86         5163.24  
    0.263       411.79          811.37        2695.32         3260.09         5152.07  
    0.269       411.06          806.62        2707.49         3235.52         5146.94  
    0.275       409.89          796.68        2727.72         3224.45         5179.76  
    0.281       409.02          791.51        2742.14         3241.93         5202.17  
    0.288       409.07          785.52        2710.90         3263.16         5197.25  
    0.294       409.83          776.45        2729.36         3274.05         5267.94  
    0.300       410.14          763.68        2750.65         3285.44         5258.18  
    0.306       410.94          755.14        2754.96         3304.12         5366.32  
    0.312       411.05          745.34        2768.28         3296.07         5476.15  
    0.319       407.69          732.69        2739.37         3281.69         5500.00  
    0.325       401.99          721.59        2713.27         3236.06         5329.44  
    0.331       393.86          696.68        2714.39         3167.63         5231.06  
    0.338       383.88          713.91        2735.61         3129.95         5224.16  
    0.344       381.01          730.26        2756.31         3165.17         5257.18  
    0.350       383.28          738.05        2756.26         3187.37         5430.63  
    0.356       380.63          771.93        2705.06         3207.61         5500.00  
    0.363       374.86          825.95        2676.04         3211.63         5353.85  
    0.369       376.07          857.99        2642.50         3217.24         5242.58  
    0.375       374.30          880.94        2607.68         3234.78         5214.55  
    0.381       363.16          879.28        2616.17         3222.89         5247.82  
    0.388       350.19          835.65        2648.99         3234.46         5145.12  
    0.394       344.00          800.40        2648.08         3255.44         5118.07  
    0.400       348.59          755.25        2676.90         3227.91         5150.96  
    0.406       344.01          716.87        2688.78         3242.02         5144.45  
    0.413       325.83          676.11        2692.63         3280.56         5152.91  
    0.419       319.72          653.72        2677.20         3298.19         5136.61  
    0.425       326.72          649.36        2659.76         3291.43         5131.30  
    0.431       335.45          770.69        2671.42         3270.81         5129.46  
    0.438       344.06          838.56        2651.20         3252.27         5096.70  
    0.444       349.97          800.31        2578.78         3238.10         5158.08  
    0.450       336.37          812.30        2579.84         3245.35         5164.13  
    0.456       341.81          870.85        2524.37         3254.58         5198.30  
    0.463       323.30          903.27        2409.45         3254.90         5230.47  
    0.469       296.72          908.92        2527.32         3259.74         5420.03  
    0.475       278.25          521.25        2645.07         3254.21         5500.00  
    0.481       82.73          368.13        2157.70         3245.60         4528.54  
    