0.025       0          0        1597.97         2925.78         4079.47  
    0.031       0          0        1647.04         2956.45         4098.78  
    0.038       188.23          1418.75        2714.59         3726.08         4586.65  
    0.044       235.86          1982.34        3011.00         3739.67         4673.01  
    0.050       225.38          1964.26        2895.12         3757.53         4651.16  
    0.056       220.29          1870.64        2821.29         3861.51         4712.86  
    0.062       220.24          1812.71        2741.67         3842.29         4809.04  
    0.069       215.74          1849.44        2675.98         3843.36         4752.69  
    0.075       212.07          1818.06        2680.61         3738.13         4688.62  
    0.081       219.64          1822.89        2783.55         3731.50         4593.56  
    0.088       211.97          1891.24        2771.70         3764.67         4778.93  
    0.094       205.22          1952.06        2658.41         3699.67         4923.96  
    0.100       243.44          1844.10        2715.46         3698.52         4885.14  
    0.106       249.91          1839.60        2952.89         3758.29         4731.22  
    0.113       218.81          1873.74        3021.57         3841.94         4754.74  
    0.119       161.56          1847.46        2966.56         3775.21         4823.19  
    0.125       221.45          1833.31        2858.86         3767.75         4887.27  
    0.131       265.97          1898.00        2968.71         3874.12         4907.53  
    0.138       222.20          1904.96        2871.08         3895.50         4916.83  
    0.144       164.87          1890.19        2723.43         3804.27         5017.14  
    0.150       228.86          1910.18        2692.67         3757.94         5021.86  
    0.156       247.08          1908.33        2674.65         3753.97         4817.43  
    0.163       231.79          1941.24        2658.55         3735.34         4736.03  
    0.169       248.43          1965.05        2639.27         3676.48         4706.84  
    0.175       248.91          1982.59        2622.12         3661.36         4806.31  
    0.181       247.16          2019.37        2627.95         3656.45         5003.45  
    0.188       256.10          2043.22        2648.42         3638.23         5396.47  
    0.194       273.06          2063.87        2687.71         3641.34         5500.00  
    0.200       282.48          2065.21        2706.18         3597.11         5500.00  
    0.206       283.34          2063.49        2723.37         3570.59         5500.00  
    0.213       278.64          2135.95        2756.69         3576.18         5500.00  
    0.219       266.87          2158.55        2834.33         3599.28         5500.00  
    0.225       267.95          2172.85        2899.44         3617.36         5330.45  
    0.231       273.52          2208.10        2926.70         3583.53         5448.85  
    0.238       263.21          2227.59        2908.11         3553.61         5500.00  
    0.244       253.52          2267.16        2986.45         3534.45         5500.00  
    0.250       58.32          718.56        2457.37         3223.54         4016.03  
    0.256       179.16          1805.35        2942.44         3452.93         5052.36  
    0.263       228.66          2279.79        3048.50         3556.90         5500.00  
    0.269       226.39          2249.02        2982.21         3585.57         5500.00  
    0.275       234.72          2242.86        3010.59         3574.91         5500.00  
    0.281       55.00          701.59        2440.22         3173.12         4038.56  
    0.288       0          230.40        2248.90         3025.78         3599.90  
    0.294       0          229.97        2254.93         3048.67         3582.50  
    0.300       0          231.01        2263.45         3050.77         3565.91  
    0.306       0          230.10        2284.16         3059.29         3570.65  
    0.312       183.56          1752.03        2729.97         3416.37         5053.45  
    0.319       240.15          2217.36        2933.33         3543.18         5500.00  
    0.325       236.53          2227.17        3018.74         3533.58         5500.00  
    0.331       243.86          2286.36        3073.75         3529.53         5500.00  
    0.338       57.11          735.89        2490.28         3205.25         3982.62  
    0.344       0          249.81        2311.04         3173.14         3538.97  
    0.350       197.97          1823.88        3025.78         3475.95         5046.52  
    0.356       270.22          2285.79        3210.75         3584.51         5500.00  
    0.363       270.74          2278.28        3212.43         3584.44         5500.00  
    0.369       254.94          2272.92        3175.42         3549.93         5500.00  
    0.375       253.52          2312.28        3034.32         3507.63         5500.00  
    0.381       268.21          2316.05        3099.46         3473.77         5500.00  
    0.388       276.60          2311.94        3201.45         3499.52         5500.00  
    0.394       278.59          2307.44        3088.74         3540.32         5500.00  
    0.400       281.50          2296.82        2998.24         3540.09         5500.00  
    0.406       281.36          2315.00        3036.46         3565.75         5500.00  
    0.413       279.07          2349.30        3079.68         3602.32         5500.00  
    0.419       291.99          2358.66        3100.06         3594.86         5500.00  
    0.425       297.21          2368.95        3073.61         3575.93         5500.00  
    0.431       299.21          2375.21        3091.62         3601.46         5500.00  
    0.438       300.15          2371.36        3070.15         3615.84         5500.00  
    0.444       297.03          2371.10        3074.15         3616.31         5500.00  
    0.450       301.22          2404.89        3072.54         3598.38         5500.00  
    0.456       301.83          2417.00        2910.84         3588.32         5500.00  
    0.463       300.96          2344.34        2738.33         3585.57         5500.00  
    0.469       297.27          2196.85        2798.18         3609.66         5500.00  
    0.475       300.23          2157.28        2803.83         3576.60         5500.00  
    0.481       69.86          734.18        2597.06         2928.90         4021.04  
    0.488       0          308.69        2577.68         2940.30         3619.26  
    0.494       0          290.93        2641.68         2866.49         3658.71  
    0.500       0          256.40        2464.79         2794.19         3673.12  
    0.506       197.51          1745.09        2675.59         3476.06         5077.09  
    0.513       262.33          1904.39        2713.88         3679.71         5046.05  
    0.519       247.72          1745.02        2731.77         3685.56         4963.50  
    0.525       207.25          1732.86        2766.82         3726.31         4998.83  
    0.531       185.26          1902.64        2855.97         3731.07         5018.34  
    0.537       178.02          1867.20        2892.35         3749.14         5050.28  
    0.544       176.46          1769.04        2922.10         3751.19         5035.92  
    0.550       184.61          1827.42        2862.44         3742.50         5045.92  
    0.556       185.73          1845.14        2807.86         3717.99         5026.31  
    0.562       182.66          1889.39        2809.05         3756.77         5008.14  
    