0.025       0          307.15        2078.24         2484.87         3779.56  
    0.031       169.72          1125.88        2085.99         3021.31         4406.21  
    0.038       336.60          1794.89        2068.69         3554.75         4954.04  
    0.044       336.17          1739.13        2069.18         3639.56         4918.81  
    0.050       286.85          1714.29        2146.44         3680.58         4896.01  
    0.056       254.04          1561.33        2196.80         3611.94         4885.49  
    0.062       260.80          1583.80        2215.12         3606.68         4963.33  
    0.069       277.17          1804.85        2198.00         3656.76         5033.09  
    0.075       300.62          1954.02        2191.92         3614.60         4985.70  
    0.081       317.29          1985.00        2272.00         3491.70         4962.58  
    0.088       318.63          1965.51        2305.64         3460.54         5052.39  
    0.094       309.86          1972.24        2295.05         3506.41         5127.70  
    0.100       306.86          1997.53        2323.79         3498.67         5212.26  
    0.106       306.02          2026.83        2372.43         3504.61         5395.77  
    0.113       302.68          2038.68        2415.65         3514.26         5500.00  
    0.119       300.81          2036.45        2444.23         3428.91         5304.65  
    0.125       299.92          2036.38        2466.48         3391.53         5220.63  
    0.131       297.44          2039.15        2496.83         3427.24         5289.36  
    0.138       293.20          2044.51        2537.49         3440.35         5199.71  
    0.144       291.07          2050.36        2576.01         3486.96         5324.51  
    0.150       292.24          2056.55        2618.06         3540.06         5500.00  
    0.156       295.85          2067.68        2620.80         3510.60         5418.04  
    0.163       298.58          2086.99        2599.26         3453.78         5255.72  
    0.169       298.02          2090.05        2615.74         3465.81         5104.91  
    0.175       295.35          2070.05        2670.02         3483.53         5007.69  
    0.181       293.77          2046.96        2717.97         3486.75         4970.44  
    0.188       295.70          2036.13        2726.76         3482.95         4984.84  
    0.194       297.90          2047.21        2704.61         3486.03         5005.86  
    0.200       298.75          2071.31        2663.63         3498.26         4969.77  
    0.206       297.44          2109.06        2633.28         3502.79         4953.50  
    0.213       293.55          2116.75        2664.12         3497.01         4970.12  
    0.219       291.41          2083.55        2736.50         3494.09         4971.10  
    0.225       292.25          2072.05        2765.58         3484.32         4958.82  
    0.231       294.42          2082.87        2698.19         3437.34         4945.05  
    0.238       297.62          2098.38        2661.27         3395.17         4970.39  
    0.244       298.50          2104.80        2774.14         3392.17         5258.78  
    0.250       297.42          2102.42        2909.92         3433.68         5500.00  
    0.256       296.82          2108.77        2946.41         3453.00         5500.00  
    0.263       296.04          2124.68        2895.86         3410.23         5231.51  
    0.269       296.01          2140.47        2834.66         3410.26         4971.77  
    0.275       297.09          2166.12        2822.42         3437.71         4982.22  
    0.281       297.30          2172.91        2809.00         3459.16         4954.45  
    0.288       296.97          2143.92        2797.38         3474.36         4883.22  
    0.294       294.52          2125.12        2804.16         3436.69         4843.20  
    0.300       291.64          2125.04        2879.16         3411.04         4854.79  
    0.306       290.44          2127.16        2921.33         3422.36         4864.65  
    0.312       289.21          2126.86        2854.08         3419.75         4857.95  
    0.319       289.02          2130.55        2824.38         3397.65         4864.47  
    0.325       290.02          2138.73        2836.53         3379.35         4815.06  
    0.331       290.29          2141.78        2827.95         3395.41         4734.09  
    0.338       288.69          2150.78        2811.53         3473.38         4672.82  
    0.344       287.77          2159.38        2834.77         3506.67         4677.45  
    0.350       288.27          2152.25        2819.35         3450.71         4741.12  
    0.356       288.64          2148.75        2780.66         3400.59         4769.72  
    0.363       289.08          2151.81        2782.75         3426.94         4734.56  
    0.369       289.05          2159.85        2796.55         3435.53         4694.84  
    0.375       290.32          2177.84        2814.45         3431.81         4670.51  
    0.381       293.28          2205.06        2803.71         3464.39         4650.53  
    0.388       293.89          2210.42        2770.12         3492.51         4702.35  
    0.394       293.61          2199.17        2752.82         3479.52         4783.74  
    0.400       294.65          2183.31        2771.27         3354.15         4798.53  
    0.406       296.59          2164.48        2774.60         3356.27         4761.62  
    0.413       299.44          2162.53        2763.10         3464.79         4764.17  
    0.419       300.96          2174.79        2822.03         3495.03         4758.02  
    0.425       301.26          2191.05        2886.13         3537.71         4690.83  
    0.431       302.96          2199.64        2905.98         3577.66         4677.19  
    0.438       305.34          2202.25        2907.11         3546.09         4673.99  
    0.444       308.34          2209.17        2897.30         3544.48         4645.92  
    0.450       311.46          2220.52        2914.37         3594.45         4642.56  
    0.456       312.45          2230.40        2932.48         3620.36         4638.28  
    0.463       311.84          2232.77        2912.41         3632.42         4646.71  
    0.469       311.30          2227.15        2870.28         3656.16         4679.97  
    0.475       310.76          2234.90        2853.52         3682.95         4701.73  
    0.481       309.79          2242.24        2864.49         3675.96         4695.04  
    0.488       309.54          2234.45        2865.53         3658.63         4702.46  
    0.494       310.42          2229.73        2847.66         3659.79         4717.15  
    0.500       313.58          2224.25        2851.87         3672.20         4685.94  
    0.506       317.45          2218.38        2884.85         3681.36         4611.89  
    0.513       318.50          2224.99        2907.01         3699.54         4532.19  
    0.519       317.18          2238.94        2903.47         3726.24         4546.33  
    0.525       315.77          2248.21        2897.43         3726.13         4625.49  
    0.531       313.95          2253.79        2906.79         3709.80         4664.68  
    0.537       311.24          2261.22        2907.96         3704.45         4599.13  
    0.544       310.28          2267.73        2926.25         3677.74         4503.93  
    0.550       310.93          2280.00        2945.80         3667.38         4477.58  
    0.556       306.66          2295.07        2953.76         3706.89         4506.18  
    0.562       301.45          2299.47        2977.04         3741.47         4539.56  
    0.569       302.89          2304.54        2983.03         3790.19         4601.49  
    0.575       306.86          2312.98        2982.74         3860.76         4665.46  
    0.581       310.07          2321.24        2991.55         3994.73         4591.25  
    0.588       309.42          2311.13        3019.27         4055.48         4477.27  
    0.594       308.69          2288.00        3084.50         4007.39         4483.29  
    0.600       316.11          2279.70        3111.10         4008.90         4469.18  
    0.606       325.83          2278.11        3064.60         3960.75         4467.42  
    0.613       329.37          2273.81        3053.72         4036.59         4387.59  
    0.619       330.18          2276.40        3065.47         4215.37         4293.60  
    0.625       333.49          2286.61        3065.90         4274.46         4626.37  
    0.631       336.01          2297.13        3100.22         4293.77         5222.09  
    0.638       335.05          2306.72        3158.01         4299.48         5500.00  
    0.644       327.37          2317.26        3208.61         4300.97         4892.20  
    0.650       315.25          2316.81        3187.42         4228.14         4300.78  
    0.656       306.31          2293.86        3088.50         4171.64         4248.28  
    0.663       298.49          2276.70        3051.83         4125.58         4245.00  
    0.669       284.27          2282.49        3096.68         4139.69         4456.49  
    0.675       269.84          2295.91        3076.68         4193.45         4770.74  
    0.681       274.35          2311.22        3013.89         4192.05         5135.57  
    0.688       300.38          2330.67        2993.12         4220.55         5431.98  
    0.694       321.81          2354.60        3032.20         4248.76         5500.00  
    0.700       313.43          2372.53        3100.64         4248.62         5272.44  
    0.706       291.74          2368.65        3115.59         4239.32         5120.80  
    0.713       277.00          2339.00        3050.29         4245.09         5343.54  
    0.719       279.42          2319.37        2977.10         4249.28         5500.00  
    0.725       303.27          2318.41        2952.12         4230.79         5500.00  
    0.731       314.83          2323.84        2995.71         4210.40         5500.00  
    0.738       292.15          2338.10        3016.11         4212.68         5500.00  
    0.744       269.02          2353.01        2989.05         4228.78         5500.00  
    0.750       268.77          2366.66        2944.88         4223.49         5072.12  
    0.756       283.62          2384.70        2842.94         4204.82         4443.31  
    0.763       297.61          2392.37        2814.15         4213.35         4372.67  
    0.769       300.66          2385.33        2883.99         4232.53         4831.55  
    0.775       297.07          2370.22        2976.05         4230.45         5322.63  
    0.781       291.34          2344.82        2998.03         4204.96         5061.90  
    0.788       294.49          2342.45        2908.68         4225.93         4459.61  
    0.794       297.48          2360.82        2883.11         4225.54         4259.85  
    0.800       289.91          2374.44        2842.74         4222.29         4346.21  
    0.806       291.01          2391.58        2736.59         4245.82         4517.50  
    0.812       291.05          2410.71        2791.23         4251.96         4436.04  
    0.819       136.71          1304.14        2644.29         3827.80         4297.17  
    0.825       0          290.17        2434.09         3343.16         4303.86  
    0.831       0          302.93        2438.80         3156.78         4343.31  
    0.838       0          313.87        2440.45         3085.41         4348.61  
    0.844       0          318.67        2434.55         3028.75         4317.73  
    0.850       0          320.14        2413.54         2994.64         4304.52  
    0.856       0          322.52        2387.04         3120.73         4220.89  
    