0.025       0          1866.55        2706.75         3174.23         4177.28  
    0.031       108.45          1904.64        2714.75         3337.10         4529.57  
    0.038       259.83          1945.62        2627.52         3428.15         4798.69  
    0.044       318.65          1937.95        2533.09         3297.28         5124.72  
    0.050       162.19          1116.86        2195.14         2862.69         4344.87  
    0.056       173.84          1126.54        2192.76         2858.42         4393.08  
    0.062       337.75          1876.93        2497.21         3187.57         4678.80  
    0.069       333.29          1873.88        2496.79         3174.08         3972.41  
    0.075       331.74          1874.74        2499.23         3145.27         4217.78  
    0.081       333.10          1869.32        2501.44         3041.94         4374.48  
    0.088       335.08          1865.25        2508.22         2937.11         4352.38  
    0.094       336.97          1878.04        2519.88         3020.22         4329.49  
    0.100       338.56          1884.02        2521.00         3135.41         4446.86  
    0.106       339.25          1884.60        2524.93         3163.82         4548.51  
    0.113       338.92          1891.36        2539.36         3203.37         4455.34  
    0.119       338.30          1900.89        2548.98         3208.60         4355.42  
    0.125       337.62          1920.26        2549.40         3127.71         4339.52  
    0.131       338.20          1942.63        2549.13         3082.05         4384.49  
    0.138       341.23          1962.99        2554.90         3162.37         4302.44  
    0.144       345.40          1986.28        2558.74         3237.15         4273.05  
    0.150       350.05          2016.20        2563.52         3299.66         4412.18  
    0.156       354.31          2047.82        2580.64         3416.53         4605.82  
    0.163       355.85          2072.26        2595.02         3509.92         4989.16  
    0.169       354.36          2091.07        2597.36         3528.54         5197.75  
    0.175       350.78          2112.91        2596.36         3521.71         5088.71  
    0.181       344.81          2145.75        2598.16         3506.94         4921.84  
    0.188       336.68          2180.64        2606.71         3505.76         4859.14  
    0.194       330.15          2212.28        2633.55         3554.38         4931.94  
    0.200       326.29          2244.69        2675.30         3639.52         4908.54  
    0.206       324.25          2269.61        2717.44         3680.28         4897.94  
    0.213       324.13          2287.60        2749.72         3665.07         4980.28  
    0.219       322.91          2301.55        2767.33         3652.13         4942.63  
    0.225       321.70          2315.80        2800.86         3658.01         4859.62  
    0.231       319.18          2334.59        2818.28         3672.23         4823.59  
    0.238       315.45          2356.58        2776.43         3657.85         4820.24  
    0.244       314.01          2373.48        2746.41         3645.52         4846.58  
    0.250       313.39          2381.92        2818.26         3636.58         4879.27  
    0.256       310.90          2387.83        2919.39         3646.38         4897.07  
    0.263       307.20          2392.81        2985.56         3675.76         4909.68  
    0.269       306.18          2396.88        2985.37         3667.44         4899.60  
    0.275       305.88          2397.88        2877.24         3641.44         4848.15  
    0.281       303.91          2397.82        2798.21         3627.72         4810.91  
    0.288       300.45          2400.32        2833.67         3617.98         4852.03  
    0.294       297.36          2401.20        2866.32         3613.89         4883.01  
    0.300       294.90          2404.61        2867.04         3604.60         4823.00  
    0.306       292.29          2413.22        2893.38         3602.46         4779.18  
    0.312       291.30          2429.64        3014.20         3605.01         4801.79  
    0.319       291.24          2450.41        3142.57         3613.31         4835.01  
    0.325       290.96          2466.82        3186.57         3605.59         4828.00  
    0.331       290.62          2488.33        3276.10         3596.29         4797.69  
    0.338       290.93          2484.67        3270.51         3625.67         4777.23  
    0.344       292.76          2446.33        3132.30         3646.13         4779.74  
    0.350       294.88          2433.19        3146.36         3701.83         4784.44  
    0.356       294.71          2442.46        3238.76         3704.52         4753.19  
    0.363       294.70          2447.96        3271.37         3727.92         4728.10  
    0.369       296.21          2454.90        3264.77         3848.23         4748.79  
    0.375       296.11          2460.45        3220.42         3871.59         4828.79  
    0.381       295.17          2465.01        3205.85         3967.95         4861.69  
    0.388       294.81          2467.46        3224.96         4045.77         4801.97  
    0.394       294.12          2464.82        3223.41         3859.83         4780.57  
    0.400       293.68          2461.60        3217.68         3666.56         4855.07  
    0.406       293.71          2469.79        3255.88         3611.65         4904.14  
    0.413       293.63          2474.08        3228.81         3773.54         4835.43  
    0.419       293.06          2461.76        3141.78         3910.14         4753.93  
    0.425       291.83          2462.46        3047.46         3841.34         4672.41  
    0.431       291.43          2457.26        2912.42         3800.34         4609.13  
    0.438       290.69          2405.39        2770.05         3696.13         4597.58  
    0.444       286.12          2391.34        2727.43         3506.79         4612.13  
    0.450       279.79          2441.45        2864.84         3354.62         4628.22  
    0.456       283.03          2497.87        3031.05         3267.69         4573.17  
    0.463       141.33          1389.52        2803.23         3131.83         4445.22  
    0.469       143.19          1244.18        2527.65         3138.61         4499.84  
    0.475       249.43          2020.70        2600.47         3414.78         4735.68  
    0.481       136.54          1818.77        2622.18         3492.07         4798.63  
    0.488       130.75          1938.50        2615.91         3488.93         4739.96  
    0.494       253.80          2105.50        2674.85         3744.89         4710.85  
    0.500       297.06          1922.67        2569.07         3705.90         4739.71  
    0.506       142.20          864.37        1934.11         3020.86         4114.71  
    0.513       158.84          883.68        2009.47         3098.77         4203.22  
    