0.025       192.04          1622.31        2177.36         2977.74         4698.81  
    0.031       278.40          1649.60        2114.01         3069.45         4789.06  
    0.038       309.02          1693.29        2067.47         3072.23         4825.86  
    0.044       297.38          1693.07        1996.40         2972.71         4853.06  
    0.050       297.49          1705.34        2132.84         2891.01         4838.94  
    0.056       274.78          1720.07        2431.43         2895.14         4738.00  
    0.062       72.07          1280.35        1996.18         2720.44         4407.87  
    0.069       0          302.54        1830.18         2679.57         3189.45  
    0.075       211.63          1306.59        2455.44         2846.59         4111.19  
    0.081       294.75          1796.05        2688.40         2774.33         4562.98  
    0.088       299.14          1846.53        2686.46         2749.38         4475.49  
    0.094       290.19          1894.66        2642.94         2791.78         4303.27  
    0.100       219.12          1945.91        2612.07         2776.40         4133.18  
    0.106       244.57          1976.82        2634.11         2840.75         4041.69  
    0.113       279.16          2021.29        2645.65         2899.86         4031.42  
    0.119       280.85          2075.35        2641.12         2914.66         4091.52  
    0.125       278.90          2174.32        2662.31         3051.31         4111.86  
    0.131       281.29          2235.98        2679.71         3058.94         4115.33  
    0.138       282.60          2256.80        2693.45         3090.94         4126.56  
    0.144       276.55          2286.30        2719.99         3293.44         4145.53  
    0.150       272.73          2309.72        2735.98         3593.43         4157.45  
    0.156       271.10          2335.20        2739.02         4010.32         4217.08  
    0.163       268.23          2348.72        2783.49         4116.85         4545.12  
    0.169       264.63          2360.01        2784.81         4084.00         5028.91  
    0.175       262.82          2377.40        2780.39         4059.17         5159.97  
    0.181       261.84          2391.42        2813.18         4060.62         4980.47  
    0.188       257.71          2382.81        2838.63         4049.70         4867.79  
    0.194       255.28          2366.84        2856.27         4042.47         4801.42  
    0.200       254.01          2374.36        2879.83         4046.28         4778.46  
    0.206       252.23          2388.81        2940.11         4067.05         4689.40  
    0.213       252.44          2386.70        2953.31         4096.46         4659.07  
    0.219       254.02          2384.63        2925.55         4085.84         4868.77  
    0.225       254.36          2394.39        2864.56         4080.37         4908.74  
    0.231       252.62          2403.10        2864.39         3997.43         4883.28  
    0.238       251.35          2407.12        2835.40         3983.82         4892.95  
    0.244       250.23          2417.46        2807.60         4002.43         4895.29  
    0.250       249.07          2425.70        2784.38         3994.96         4904.03  
    0.256       249.87          2409.85        2727.22         3992.10         4891.87  
    0.263       251.66          2398.89        2718.73         3962.68         4876.82  
    0.269       251.83          2385.07        2794.63         3942.87         4844.68  
    0.275       251.32          2403.58        2809.44         3988.59         4862.49  
    0.281       252.55          2446.61        2776.08         4053.19         4883.72  
    0.288       252.87          2469.77        2805.37         4015.43         4880.31  
    0.294       248.70          2460.30        2893.72         3930.21         4844.23  
    0.300       247.33          2479.10        3006.99         3911.57         4776.39  
    0.306       246.67          2488.82        3079.21         3950.16         4739.95  
    0.312       242.34          2472.46        2972.64         3975.71         4791.86  
    0.319       233.42          2474.50        2955.93         3993.77         4788.48  
    0.325       216.53          2473.33        3188.55         3972.30         4779.50  
    0.331       183.86          2472.05        3284.80         3960.62         4771.69  
    0.338       172.08          2471.43        3075.75         3938.27         4818.96  
    0.344       180.74          2480.07        3022.98         3940.59         4832.67  
    0.350       172.30          2502.88        3071.54         3963.90         4819.32  
    0.356       149.35          2497.35        3041.48         3959.60         4720.77  
    0.363       38.63          675.99        2606.73         3280.06         3953.69  
    0.369       0          0        2464.97         3018.00         3715.39  
    0.375       0          0        2459.16         3022.09         3842.53  
    