0.025       0          1274.53        2423.13         4082.92         4388.39  
    0.031       0          1279.27        2400.06         2964.07         4104.12  
    0.038       205.48          1457.92        2476.70         3677.68         5251.31  
    0.044       237.89          1520.73        2591.91         4019.91         5500.00  
    0.050       40.32          460.63        1487.79         2902.27         4625.50  
    0.056       0          269.45        1811.23         2665.62         4522.72  
    0.062       0          305.38        2028.04         2676.74         4789.27  
    0.069       0          359.56        2079.85         2702.72         4870.24  
    0.075       0          391.27        2142.29         2698.87         4844.07  
    0.081       0          382.42        2167.36         2764.19         4912.50  
    0.088       0          375.46        2081.29         2689.68         4768.11  
    0.094       0          371.89        2082.44         2640.46         4590.66  
    0.100       0          360.50        2075.36         2612.29         4708.11  
    0.106       297.62          1499.87        2117.22         2607.67         4636.26  
    0.113       348.05          1996.80        2512.18         2648.38         4573.15  
    0.119       346.75          2033.09        2585.44         3431.73         5340.05  
    0.125       342.21          1936.74        2535.04         3447.63         4865.68  
    0.131       340.73          1910.35        2518.53         3426.21         4830.06  
    0.138       339.57          1921.36        2511.75         3440.16         4903.97  
    0.144       334.89          1920.14        2495.74         3447.91         4755.99  
    0.150       332.76          1903.51        2469.15         3448.14         4598.64  
    0.156       326.97          1887.46        2452.98         3450.48         4589.67  
    0.163       324.27          1910.87        2391.30         3439.25         4678.12  
    0.169       321.74          1905.53        2303.16         3419.09         4717.66  
    0.175       317.35          1919.94        2385.10         3430.74         4971.44  
    0.181       311.42          1909.16        2449.03         3460.61         5302.89  
    0.188       306.49          1891.16        2488.44         3519.11         5476.17  
    0.194       303.35          1866.83        2401.65         3470.35         5222.94  
    0.200       299.95          1870.15        2380.16         3381.52         4955.91  
    0.206       299.23          1882.43        2442.77         3233.18         4913.74  
    0.213       300.08          1893.72        2535.78         3849.21         5399.80  
    0.219       299.68          1910.99        2413.75         3663.26         5500.00  
    0.225       302.25          1929.30        2337.55         3553.21         5500.00  
    0.231       308.62          1944.81        2306.09         3533.71         5500.00  
    0.238       314.67          1987.13        2313.70         3561.63         5500.00  
    0.244       320.25          2009.50        2305.85         3560.66         5500.00  
    0.250       327.61          2033.81        2390.83         3544.72         5500.00  
    0.256       56.24          625.10        2112.33         2716.18         3871.25  
    0.263       0          336.46        2076.67         2597.24         3536.09  
    0.269       0          337.03        2072.58         2634.68         3535.61  
    0.275       0          337.97        2082.50         2682.87         3525.06  
    0.281       0          339.68        2090.12         2741.12         3538.79  
    0.288       0          341.36        2119.78         2812.79         3582.90  
    0.294       0          341.91        2220.38         2860.04         3616.70  
    0.300       0          340.92        2265.08         2885.06         3628.57  
    0.306       0          339.39        2232.64         2898.83         3636.96  
    0.312       283.42          1878.78        2848.85         3597.86         5181.71  
    0.319       342.68          2130.44        2982.09         3710.93         5500.00  
    0.325       341.58          2054.22        2987.40         3652.77         5319.28  
    0.331       341.61          2019.72        2995.71         3642.05         5412.41  
    0.338       342.92          2097.40        3005.93         3751.66         5489.62  
    0.344       341.94          2200.82        3026.74         3838.27         5500.00  
    0.350       339.60          2135.79        3052.16         3832.20         5500.00  
    0.356       336.76          2078.57        3083.06         3828.12         5500.00  
    0.363       334.08          2075.17        3104.19         3804.34         5500.00  
    0.369       334.08          2093.72        3064.39         3803.22         5500.00  
    0.375       335.05          2106.47        3054.33         3814.73         5500.00  
    0.381       337.22          2142.76        3115.03         3784.85         5500.00  
    0.388       339.00          2149.48        3108.41         3717.09         5500.00  
    0.394       339.41          2165.60        3123.40         3793.28         5238.78  
    0.400       338.86          2165.99        3138.49         3835.20         5056.98  
    0.406       341.10          2172.74        3146.79         3862.28         5126.61  
    0.413       345.43          2163.38        3118.89         3795.72         5286.24  
    0.419       348.53          2122.33        3089.89         3736.14         5331.64  
    0.425       350.86          2186.02        3093.01         3714.21         5446.23  
    0.431       350.91          2446.96        3210.96         3801.87         5494.73  
    0.438       350.38          2533.06        3228.42         4117.48         5500.00  
    0.444       351.60          2522.46        3210.68         3929.95         5500.00  
    0.450       352.78          2305.53        3073.03         3764.10         5199.19  
    0.456       354.30          2190.12        3044.54         3754.79         5122.47  
    0.463       355.77          2226.58        3040.74         3757.69         5208.23  
    0.469       356.57          2510.00        3254.75         4130.22         5453.25  
    0.475       60.98          733.94        2682.98         3437.00         4675.77  
    0.481       0          357.02        2616.78         3250.89         4487.78  
    0.488       296.75          2273.90        3032.58         3697.84         4916.34  
    0.494       356.94          2717.20        3165.94         3957.31         5078.38  
    0.500       357.89          2802.15        3328.82         3507.00         5091.28  
    0.506       61.23          779.66        2884.34         3356.86         4453.03  
    0.513       0          360.89        2730.93         3341.26         4379.48  
    0.519       0          362.79        2617.09         3346.91         4491.46  
    0.525       0          365.34        2575.79         3317.02         4529.44  
    0.531       0          368.62        2612.03         3297.76         4546.68  
    0.537       0          370.96        2613.74         3343.37         4557.80  
    0.544       0          372.50        2627.84         3366.55         4570.26  
    0.550       0          374.05        2659.74         3368.34         4543.18  
    0.556       0          375.30        2681.06         3351.99         4506.37  
    0.562       0          376.20        2693.40         3359.27         4522.60  
    0.569       0          375.27        2693.56         3389.06         4585.63  
    0.575       0          376.07        2732.45         3387.62         4706.77  
    0.581       0          376.61        2634.98         3393.98         4576.01  
    0.588       0          378.87        2543.26         3338.44         4482.80  
    0.594       0          378.06        2529.53         3341.02         4530.19  
    0.600       0          371.31        2548.52         3366.32         4629.62  
    0.606       0          357.02        2594.05         3419.78         4592.57  
    0.613       0          312.73        2584.40         3419.05         4563.77  
    0.619       0          296.28        2575.57         3450.19         4562.80  
    0.625       0          304.00        2588.71         3431.08         4535.67  
    0.631       0          276.53        2586.91         3324.97         4494.27  
    0.638       0          260.32        2484.85         3260.10         4479.50  
    0.644       0          258.15        2453.92         3314.56         4496.55  
    0.650       0          263.45        2526.71         3421.32         4561.90  
    0.656       0          273.44        2491.55         3277.06         4618.76  
    0.663       0          293.43        2370.65         3258.05         4609.89  
    0.669       0          320.80        2303.17         3118.73         4588.40  
    0.675       0          325.56        2070.36         3072.90         4538.11  
    0.681       0          323.09        1890.53         3210.47         4468.63  
    0.688       246.84          1710.07        2864.72         4238.17         5321.55  
    0.694       289.48          2136.94        2964.27         4405.17         5500.00  
    0.700       49.20          592.37        2045.97         3582.11         4577.61  
    0.706       0          272.25        1854.97         3271.06         4361.78  
    0.713       216.34          1568.60        2867.58         4162.18         5304.49  
    0.719       282.58          1723.00        3067.03         4312.76         5500.00  
    0.725       333.48          1625.59        3062.44         4296.69         5500.00  
    0.731       58.65          583.71        1949.98         3279.82         4525.87  
    0.738       291.24          1364.17        2896.36         4053.71         5299.10  
    