0.025       714.14          1379.61        2643.27         3967.90         5500.00  
    0.031       695.47          1414.40        2679.66         3996.36         5500.00  
    0.038       682.43          1455.76        2759.02         4124.17         5500.00  
    0.044       668.83          1441.51        2728.66         4258.38         5294.39  
    0.050       623.78          1390.62        2701.33         4269.30         5111.94  
    0.056       425.29          1297.82        2707.70         4213.06         4863.47  
    0.062       128.15          590.39        1437.27         3246.42         4288.12  
    0.069       0          181.05        1412.30         3209.26         4193.80  
    0.075       0          352.10        2452.76         3963.80         4351.38  
    0.081       0          344.61        2480.81         3972.38         4229.94  
    0.088       0          317.95        2519.45         3801.71         4117.33  
    0.094       0          286.62        2699.20         3598.93         4094.53  
    0.100       115.68          832.95        3078.04         3639.15         4248.76  
    0.106       226.59          1337.47        3398.80         3746.21         4354.30  
    0.113       238.27          1324.43        3477.52         3852.27         4942.54  
    0.119       230.86          1287.26        3397.24         3937.44         5216.75  
    0.125       104.22          599.88        2169.65         3570.79         4373.96  
    0.131       0          0        963.29         3200.42         3802.89  
    0.138       0          224.08        1998.84         3387.48         3964.48  
    0.144       127.71          1624.92        3222.24         3699.02         4214.06  
    0.150       257.57          2780.11        3159.20         3848.23         4302.24  
    0.156       286.18          2754.94        3436.49         3880.45         4204.72  
    0.163       306.99          2609.88        3777.38         4015.14         4129.58  
    0.169       313.35          2512.78        3466.79         3887.07         4166.50  
    0.175       315.53          2386.36        2894.47         3805.37         4260.49  
    0.181       318.87          2021.92        2606.68         3948.80         4389.88  
    0.188       322.34          1753.38        2666.11         3959.47         4433.79  
    0.194       324.36          2033.80        2659.06         4013.53         4406.01  
    0.200       324.81          2386.91        2698.82         4018.97         4405.53  
    0.206       154.83          1344.60        2550.52         3932.74         4375.90  
    0.213       0          322.67        2369.23         3943.03         4345.03  
    0.219       167.59          1370.12        2407.72         4018.08         4420.62  
    0.225       152.77          1277.21        2425.80         4026.11         4462.33  
    0.231       0          321.06        2448.99         3983.24         4304.27  
    0.238       0          322.56        2526.25         3933.90         4255.32  
    0.244       0          322.79        2551.99         3922.47         4265.46  
    0.250       0          319.03        2613.53         4005.39         4138.00  
    0.256       0          316.86        2650.00         4059.60         4069.35  
    0.263       0          316.78        2632.15         3978.31         4109.84  
    0.269       0          316.56        2665.11         3925.63         4139.25  
    0.275       0          318.46        2657.76         3959.84         4222.23  
    0.281       0          318.97        2661.64         4047.47         4600.23  
    0.288       0          318.14        2671.13         4064.62         4637.53  
    0.294       164.75          1454.38        2700.39         3995.04         4519.56  
    0.300       313.99          2626.93        2799.45         3984.41         4485.60  
    0.306       149.32          1475.72        2768.05         3950.07         4197.47  
    0.312       0          312.19        2681.74         3906.75         4057.88  
    0.319       0          308.93        2667.81         3905.49         4143.36  
    0.325       160.75          1518.04        3260.96         3989.19         4879.59  
    0.331       309.86          2639.29        3823.63         4080.23         5500.00  
    0.338       309.65          2644.58        3811.04         4020.93         4818.81  
    0.344       304.45          2629.76        3841.45         4077.97         4382.04  
    0.350       300.42          2624.21        3884.93         4186.25         5046.94  
    0.356       295.64          2666.44        3881.09         4166.01         5500.00  
    0.363       293.59          2738.00        3875.18         4131.59         5500.00  
    0.369       140.50          1473.72        3309.64         3987.72         4790.72  
    0.375       151.04          1600.77        3371.03         4091.45         4421.78  
    0.381       290.27          2731.81        3847.43         4099.00         4541.22  
    0.388       289.32          2595.62        3800.30         3988.87         4454.27  
    0.394       283.37          2485.98        3768.71         4075.28         4617.66  
    0.400       274.43          2462.47        3793.69         4088.98         4891.17  
    0.406       267.10          2477.71        3863.51         4044.65         5140.42  
    0.413       261.12          2502.90        3886.03         3976.75         5235.23  
    0.419       261.74          2565.76        3878.31         3969.49         5138.24  
    0.425       272.14          2611.62        3841.94         4046.43         5287.24  
    0.431       279.45          2637.18        3825.15         4104.05         5500.00  
    0.438       275.95          2648.56        3854.10         4121.98         5147.17  
    0.444       270.43          2650.41        3871.64         4145.04         4858.22  
    0.450       269.32          2644.38        3844.91         4117.26         5208.16  
    0.456       271.27          2599.44        3729.53         4054.81         5106.38  
    0.463       272.86          2533.58        3753.71         3987.55         4541.92  
    0.469       269.00          2458.17        3875.97         3927.93         4437.24  
    0.475       265.88          2440.81        3908.50         3952.77         4400.81  
    0.481       269.37          2540.62        3934.06         3978.61         4238.83  
    0.488       275.23          2639.77        3712.31         3966.74         4299.64  
    0.494       281.63          2652.63        3681.53         3960.93         4340.93  
    0.500       280.18          2585.51        3817.57         4021.28         4229.09  
    0.506       276.31          2443.94        3646.81         4044.20         4345.93  
    0.513       277.60          2367.14        3477.75         3991.18         4478.78  
    0.519       280.14          2406.06        3376.99         3980.52         4427.43  
    0.525       293.03          2495.22        2932.49         3997.38         4385.08  
    0.531       312.70          2299.56        2774.16         4002.00         4380.09  
    0.537       319.93          1817.91        3032.31         4012.39         4858.05  
    0.544       329.72          1464.41        3067.26         4011.10         5224.17  
    0.550       460.30          1215.78        3035.25         4012.94         5339.90  
    0.556       654.01          1216.30        3048.56         4047.09         5361.04  
    0.562       710.13          1302.18        3033.92         4022.60         4984.38  
    0.569       329.81          1066.87        2412.49         3664.79         4415.74  
    0.575       0          837.30        2009.02         3426.98         4068.33  
    0.581       273.51          909.24        2365.47         3724.65         4641.27  
    