0.025       0          292.25        1962.51         2828.13         3631.18  
    0.031       0          296.84        1946.12         2790.85         3658.30  
    0.038       0          311.73        1933.00         2721.73         3700.78  
    0.044       234.89          1499.95        2082.98         2933.70         3707.22  
    0.050       318.55          1900.87        2049.75         3150.36         3786.20  
    0.056       319.22          1875.79        2149.90         3265.37         3820.23  
    0.062       322.17          1865.47        2199.75         3320.36         3833.47  
    0.069       323.67          1870.87        2116.24         3275.64         3824.86  
    0.075       325.54          1781.53        2015.80         3196.32         3747.18  
    0.081       327.39          1733.97        2005.29         2822.26         3740.36  
    0.088       327.47          1866.51        1999.85         2649.63         3747.87  
    0.094       329.06          1970.78        2053.63         2643.24         3748.78  
    0.100       328.34          1991.97        2227.05         2817.70         3748.90  
    0.106       326.33          1988.12        2510.75         3411.19         3789.55  
    0.113       325.56          1993.20        2547.97         3613.28         3722.44  
    0.119       324.38          1995.78        2465.57         3525.98         4247.55  
    0.125       326.42          1942.31        2400.37         3475.29         4549.73  
    0.131       327.40          1903.30        2470.93         3550.35         4555.77  
    0.138       323.63          1937.35        2478.19         3459.60         4490.74  
    0.144       316.66          1976.22        2640.60         3466.96         4426.82  
    0.150       309.35          1995.77        2602.60         3901.40         4602.01  
    0.156       303.54          1962.72        2628.07         4069.16         4890.79  
    0.163       297.62          1966.49        2738.51         4003.59         4868.33  
    0.169       294.08          2038.63        2728.35         3961.85         4969.25  
    0.175       295.45          2136.19        2669.62         4102.02         4841.30  
    0.181       299.41          2210.93        2675.07         4000.83         4456.15  
    0.188       303.48          2307.99        2720.52         3726.41         4341.07  
    0.194       306.62          2394.38        2789.61         3942.72         4153.93  
    0.200       308.21          2436.57        2869.14         3970.23         4620.67  
    0.206       307.63          2468.77        2928.20         3934.06         4221.18  
    0.213       304.36          2496.24        2957.81         3930.40         5115.02  
    0.219       300.16          2538.02        2984.60         3926.13         5500.00  
    0.225       295.32          2577.58        3039.58         3929.22         5500.00  
    0.231       76.27          890.32        2723.64         3362.81         4321.08  
    0.238       0          299.58        2616.59         3217.82         3959.78  
    0.244       0          295.48        2626.54         3238.80         4039.45  
    0.250       208.08          2023.82        3102.76         3856.33         4345.75  
    0.256       72.89          886.36        2768.31         3481.67         4013.24  
    0.263       0          272.72        2559.37         3269.51         3891.18  
    0.269       193.67          1935.65        3103.23         3863.39         5085.32  
    0.275       67.84          838.45        2731.71         3503.62         4270.53  
    0.281       0          254.89        2563.33         3261.40         3847.03  
    0.288       0          261.92        2590.32         3283.44         3853.88  
    0.294       0          263.25        2609.10         3483.88         3898.73  
    0.300       0          263.57        2627.03         3479.92         4158.58  
    0.306       0          261.37        2642.86         3401.66         4308.99  
    0.312       0          262.95        2617.67         3398.23         4288.59  
    0.319       0          264.90        2614.96         3407.76         4178.00  
    0.325       0          271.19        2614.69         3379.55         4167.52  
    0.331       210.00          1991.32        3190.71         4115.98         5156.43  
    0.338       73.56          892.89        2789.47         3638.05         4554.61  
    0.344       0          301.94        2570.60         3354.65         4011.17  
    0.350       229.38          1983.72        3134.28         3724.99         5094.49  
    0.356       312.46          2585.03        3328.07         3873.42         5500.00  
    0.363       313.63          2596.40        3343.33         3920.69         5500.00  
    0.369       308.84          2620.00        3353.35         3942.76         5500.00  
    0.375       300.73          2605.41        3336.06         3927.01         5500.00  
    0.381       296.40          2578.57        3342.53         3903.19         5500.00  
    0.388       299.64          2583.62        3333.53         3885.38         5500.00  
    0.394       309.60          2603.77        3309.06         3866.58         5500.00  
    0.400       319.67          2613.35        3300.93         3892.34         5500.00  
    0.406       321.09          2588.70        3320.54         3895.79         5500.00  
    0.413       314.78          2567.70        3361.69         3886.07         5321.87  
    0.419       304.76          2560.40        3384.07         3906.08         5437.61  
    0.425       298.51          2563.09        3400.84         3939.81         5500.00  
    0.431       297.53          2562.66        3419.66         3961.61         5008.14  
    0.438       298.33          2562.17        3469.69         3979.19         4243.15  
    0.444       77.46          887.11        2809.29         3658.69         3989.32  
    0.450       0          301.06        2575.78         3650.49         4039.45  
    0.456       0          316.88        2571.77         3718.94         4071.40  
    0.463       0          327.94        2573.91         3683.55         4116.28  
    0.469       0          335.59        2611.38         3681.50         4119.46  
    0.475       0          303.66        2641.00         3677.95         4276.06  
    0.481       0          254.87        2694.47         3479.10         4439.22  
    0.488       0          218.21        2692.12         3469.82         4329.10  
    0.494       0          192.95        2684.17         3663.16         4166.67  
    0.500       0          181.35        2629.83         3757.64         3869.27  
    