0.025       0          0        1843.54         2489.95         3628.38  
    0.031       0          0        1797.30         2469.15         3647.36  
    0.038       145.02          1426.67        2320.02         3547.93         5132.09  
    0.044       235.95          1813.51        2468.68         3106.83         4986.76  
    0.050       287.80          1800.02        2449.71         2576.87         4965.07  
    0.056       307.65          1808.17        2424.72         2586.92         5398.74  
    0.062       322.15          1802.74        2416.73         2584.49         4809.17  
    0.069       336.61          1799.58        2394.84         2565.46         4445.53  
    0.075       341.16          1789.49        2390.94         2581.31         4357.54  
    0.081       338.14          1766.61        2350.51         2588.98         4405.41  
    0.088       334.32          1796.88        2334.47         2581.33         4487.79  
    0.094       331.73          1822.67        2370.99         2597.47         4579.82  
    0.100       329.44          1804.91        2390.93         2600.89         4612.12  
    0.106       322.37          1807.39        2457.42         2589.03         4504.42  
    0.113       317.59          1811.77        2498.66         2655.57         4445.14  
    0.119       315.28          1819.67        2506.22         2673.38         4413.25  
    0.125       311.34          1830.86        2497.19         2664.81         4348.99  
    0.131       309.44          1835.73        2531.98         2732.71         4378.25  
    0.138       304.08          1832.51        2562.38         2774.46         4385.81  
    0.144       294.66          1880.65        2560.52         2862.19         4351.15  
    0.150       297.46          1891.17        2576.38         3037.87         4360.15  
    0.156       301.70          1886.80        2578.30         3027.41         4384.54  
    0.163       307.81          1899.62        2571.92         3003.98         4376.72  
    0.169       315.37          1915.02        2568.29         3143.56         4319.55  
    0.175       323.15          1927.49        2589.64         3251.46         4283.92  
    0.181       327.27          1932.38        2596.82         3402.96         4277.23  
    0.188       329.05          1951.43        2594.88         3312.71         4301.31  
    0.194       331.50          1964.69        2608.68         3115.12         4366.28  
    0.200       333.76          1987.22        2615.98         3180.72         4389.98  
    0.206       334.88          2021.93        2615.85         3089.38         4376.64  
    0.213       336.44          2054.18        2616.19         3062.67         4410.95  
    0.219       337.54          2091.00        2632.51         3063.46         4485.00  
    0.225       335.85          2115.12        2647.75         3160.33         4518.67  
    0.231       337.61          2142.27        2672.48         3385.79         4542.02  
    0.238       340.82          2169.26        2696.61         3464.47         4542.73  
    0.244       343.93          2209.98        2726.81         3473.67         4562.15  
    0.250       346.16          2233.57        2743.77         3452.66         4616.85  
    0.256       343.73          2248.59        2745.10         3546.94         4746.21  
    0.263       339.91          2269.13        2751.56         3600.44         4924.42  
    0.269       335.52          2289.45        2787.73         3651.31         4952.91  
    0.275       330.34          2297.35        2826.48         3671.37         4874.85  
    0.281       325.93          2306.75        2847.14         3749.61         4829.58  
    0.288       321.58          2314.94        2865.50         3862.28         4780.10  
    0.294       318.24          2317.16        2905.42         3887.45         4870.61  
    0.300       313.23          2324.82        2950.39         4037.75         4923.14  
    0.306       304.12          2333.92        2956.09         4024.60         4903.88  
    0.312       297.16          2333.98        2918.96         3853.69         4973.09  
    0.319       295.77          2334.50        2943.96         3845.66         4995.19  
    0.325       295.91          2340.60        2972.60         3872.42         4942.38  
    0.331       294.36          2351.26        2967.98         3908.14         4961.79  
    0.338       293.34          2353.47        2964.20         3833.95         4913.95  
    0.344       294.64          2354.84        2979.25         3883.41         4878.51  
    0.350       293.66          2348.15        2981.70         3987.00         4824.10  
    0.356       294.68          2350.88        2977.98         3994.91         4822.83  
    0.363       295.27          2358.57        2996.23         4095.71         4818.26  
    0.369       292.39          2369.39        2991.25         4219.89         4775.46  
    0.375       289.73          2368.68        2989.22         4020.16         4829.64  
    0.381       290.57          2361.40        2965.44         3877.78         4955.29  
    0.388       289.04          2361.13        3002.18         3859.23         4917.74  
    0.394       288.11          2367.97        3013.40         3959.49         4947.18  
    0.400       288.28          2378.02        2999.66         3898.26         5039.09  
    0.406       287.50          2382.33        3007.30         3867.78         5023.18  
    0.413       287.67          2389.00        3001.49         3881.43         4955.02  
    0.419       289.69          2395.48        2985.12         3911.52         4877.17  
    0.425       288.86          2398.64        2975.14         3944.37         4857.30  
    0.431       287.70          2396.67        3001.80         4012.99         4822.59  
    0.438       286.21          2396.76        3031.00         3986.57         4784.90  
    0.444       285.27          2390.96        2996.95         3802.58         4827.62  
    0.450       284.25          2395.44        2997.27         4005.22         4814.45  
    0.456       283.93          2390.84        3004.44         4126.58         4690.83  
    0.463       285.32          2411.60        3019.71         4150.55         4651.75  
    0.469       287.57          2423.80        3035.19         4181.46         4649.18  
    0.475       288.81          2412.04        2966.50         3900.87         4669.37  
    0.481       292.23          2422.18        2954.13         3769.57         4616.49  
    0.488       300.01          2418.83        2908.99         3762.71         4616.78  
    0.494       310.51          2417.25        2792.31         3672.80         4614.34  
    0.500       314.14          2411.89        2882.36         4067.98         4566.00  
    0.506       306.31          2412.20        2882.29         4221.84         4547.72  
    0.513       290.42          2422.95        2789.41         4129.34         4541.59  
    0.519       283.01          2436.20        2740.31         4189.75         4533.31  
    0.525       289.48          2440.93        2654.56         4194.60         4504.62  
    0.531       288.00          2426.05        2751.76         4149.32         4554.13  
    0.537       275.23          2412.24        2733.88         4084.11         4559.59  
    0.544       235.88          2408.02        2715.06         4205.16         4464.60  
    0.550       218.87          2413.99        2916.28         3936.52         4438.79  
    0.556       263.71          2398.77        2947.68         3819.11         4473.41  
    0.562       306.39          2407.08        2872.68         3878.30         4447.66  
    