0.025       583.46          1538.85        2251.49         3769.25         5500.00  
    0.031       9.66          1535.76        1765.57         2158.16         3836.33  
    0.038       0          1512.19        1828.78         2836.97         3676.98  
    0.044       0          1505.77        1726.52         2637.40         3627.42  
    0.050       0          1488.50        1858.18         3260.87         4733.64  
    0.056       0          24.63        1516.88         1912.12         3377.18  
    0.062       0          0        1565.99         1920.91         3437.99  
    0.069       0          0        1573.62         2028.03         3303.71  
    0.075       0          0        1632.96         2191.05         3279.06  
    0.081       0          0        1654.27         2250.00         3350.00  
    0.088       0          0        1681.39         2253.67         3502.15  
    0.094       0          0        1691.35         2450.58         3682.22  
    0.100       338.40          1662.79        2984.20         3919.65         4248.75  
    0.106       385.52          1718.79        2823.01         3657.58         4453.06  
    0.113       387.36          1754.97        2690.26         3675.60         4317.79  
    0.119       378.98          1761.69        2783.15         3861.04         4166.54  
    0.125       371.33          1775.27        2836.07         3802.98         4694.26  
    0.131       383.77          1792.86        2825.27         3790.82         4616.03  
    0.138       6.36          397.26        1835.59         2821.16         3793.01  
    0.144       393.16          1821.79        2796.18         3204.81         3781.78  
    0.150       401.23          1868.43        2847.14         2880.08         3818.30  
    0.156       401.19          1905.18        2642.94         2870.37         3803.52  
    0.163       402.04          1946.44        2585.39         2879.34         3764.77  
    0.169       400.65          1962.71        2441.68         2897.47         3774.32  
    0.175       405.01          1980.96        2736.88         2887.96         3841.12  
    0.181       6.71          437.72        1998.94         2829.78         3782.10  
    0.188       405.42          1964.29        2830.07         3824.01         5471.55  
    0.194       413.47          1971.65        2718.12         3836.69         4872.37  
    0.200       413.37          1938.54        2666.32         3876.80         4700.09  
    0.206       419.14          1975.27        2751.80         4152.81         4469.94  
    0.213       422.03          1989.38        2689.17         4094.72         4526.05  
    0.219       413.88          1967.98        2717.66         4387.92         4521.44  
    0.225       406.76          1945.21        2751.98         3791.37         4502.78  
    0.231       405.03          1958.07        2763.73         3749.36         4571.67  
    0.238       407.15          2004.90        2788.82         3631.35         4745.50  
    0.244       406.08          2064.25        2883.02         3363.85         4701.49  
    0.250       400.13          2044.49        2738.14         3453.05         4293.38  
    0.256       402.35          2031.68        2529.44         3253.24         4424.06  
    0.263       400.39          2021.62        2476.04         3153.43         4605.48  
    0.269       399.65          1999.42        2748.05         3387.61         4390.79  
    0.275       398.11          1990.23        2917.04         3381.71         4422.30  
    0.281       395.34          2022.79        2408.80         3113.34         4468.98  
    0.288       394.43          1962.56        2197.78         3111.18         4621.60  
    0.294       392.46          1942.26        2199.40         3061.27         4750.98  
    0.300       390.43          2034.77        2147.10         3030.74         4223.42  
    0.306       389.79          2076.06        2168.15         3027.89         4018.03  
    0.312       390.59          2060.53        2342.32         3026.15         3973.11  
    0.319       387.01          2051.32        2334.67         3004.27         3888.41  
    0.325       385.93          2045.77        2188.17         2995.73         3842.09  
    0.331       385.13          2066.62        2078.76         2996.25         3778.02  
    0.338       385.41          2083.89        2114.06         3000.26         3732.01  
    0.344       383.79          2062.99        2320.52         3024.42         3745.47  
    0.350       387.30          2052.13        2273.34         3031.10         3768.73  
    0.356       392.73          2057.87        2160.27         3039.05         3752.54  
    0.363       395.27          2049.10        2331.47         3021.05         3744.43  
    0.369       402.69          2049.72        2507.21         3009.50         3757.77  
    0.375       422.73          2050.89        2537.38         3025.58         3772.13  
    0.381       435.75          2048.24        2613.46         3017.75         3758.23  
    0.388       442.53          2038.40        2688.25         2993.62         3736.41  
    0.394       446.33          2025.98        2668.53         2985.10         3723.16  
    0.400       442.32          2032.00        2418.06         3013.95         3735.54  
    0.406       438.84          2017.16        2447.05         3040.69         3758.07  
    0.413       434.63          1997.18        2875.32         3022.69         3800.35  
    0.419       7.19          448.12        2061.98         3010.86         3815.75  
    0.425       0          413.49        2062.96         3047.03         3677.41  
    0.431       0          399.28        2077.76         3062.86         3585.07  
    0.438       0          380.94        2025.89         2933.18         3655.78  
    0.444       0          391.55        1978.57         2831.49         3681.08  
    0.450       405.37          1970.56        2791.59         3500.47         3680.91  
    0.456       395.89          1971.82        2709.30         3029.49         3725.34  
    0.463       395.25          1995.01        2864.90         3581.60         3593.74  
    0.469       409.38          1975.06        2774.55         3483.30         3546.63  
    0.475       384.06          1978.14        2921.18         2933.55         3583.27  
    0.481       6.35          441.18        1999.87         2903.82         3604.58  
    0.488       370.86          1858.33        1988.44         3300.90         4158.17  
    0.494       387.38          1681.95        2033.63         3219.32         3810.38  
    0.500       392.48          1529.83        2042.53         3168.11         4050.16  
    0.506       412.41          1694.47        2048.75         3185.30         4241.31  
    0.513       420.05          2004.80        2031.40         3275.84         4252.78  
    0.519       420.91          1724.07        2048.95         3323.45         4509.52  
    0.525       352.55          1437.51        2068.99         3149.21         4561.78  
    0.531       355.58          1395.69        2074.91         3159.79         4815.48  
    0.537       349.01          1462.23        2044.03         3232.86         4747.91  
    0.544       394.60          1682.56        1986.22         3186.98         4504.35  
    0.550       418.22          1826.00        1935.84         3385.17         4505.73  
    0.556       344.44          1849.96        1875.08         3457.84         4648.13  
    0.562       326.32          1410.97        1943.21         3340.73         4636.46  
    0.569       296.56          994.59        1925.79         3212.15         4718.96  
    