0.025       447.89          1868.83        2929.26         3995.79         5014.22  
    0.031       421.27          1935.50        2980.90         4033.03         5389.63  
    0.038       286.13          1937.25        3077.34         3923.78         5375.06  
    0.044       242.23          1908.93        3015.40         3628.36         5207.73  
    0.050       54.60          670.01        2128.72         3338.43         5110.42  
    0.056       262.31          1518.99        2185.30         3313.49         5151.53  
    0.062       345.44          1870.85        2210.29         3506.82         5176.45  
    0.069       338.00          1862.80        2234.97         3575.33         5142.61  
    0.075       330.50          1852.84        2333.23         3545.77         5127.72  
    0.081       323.04          1822.10        2307.47         3522.54         5106.03  
    0.088       297.42          1779.95        2563.01         3581.87         5096.11  
    0.094       266.42          1741.13        2585.48         3887.12         5235.13  
    0.100       261.22          1752.29        2486.12         3872.96         5097.31  
    0.106       275.89          1805.51        2879.45         3738.13         5074.31  
    0.113       276.22          1833.49        3476.30         4122.94         4928.56  
    0.119       270.48          1850.61        3631.25         4328.19         4787.15  
    0.125       268.10          1871.71        3342.57         3926.29         4847.04  
    0.131       270.40          1896.30        2802.72         3852.79         5011.20  
    0.138       279.71          1914.09        2470.07         3728.52         5081.75  
    0.144       289.89          1917.54        2376.72         3643.96         5050.77  
    0.150       300.14          1931.72        2439.93         3657.41         5007.91  
    0.156       308.61          1921.77        2470.45         3646.40         5029.22  
    0.163       316.08          1929.31        2490.96         3607.84         5059.01  
    0.169       321.94          1958.31        2550.78         3557.74         5058.30  
    0.175       324.42          1973.43        2654.87         3545.01         5044.50  
    0.181       326.80          1969.07        2804.17         3727.01         5022.96  
    0.188       327.97          1924.65        2869.70         3841.85         5032.61  
    0.194       326.65          1908.05        2889.43         3696.93         5040.61  
    0.200       324.20          1908.73        2937.41         3651.20         5048.80  
    0.206       323.64          1897.85        2937.83         3585.30         5021.04  
    0.213       325.10          1898.67        2878.47         3539.39         5037.13  
    0.219       328.10          1906.70        2854.15         3502.46         5046.37  
    0.225       332.28          1910.42        2839.17         3470.96         5027.13  
    0.231       335.15          1913.19        2791.89         3400.77         5009.56  
    0.238       338.41          1915.50        2755.64         3343.66         5058.80  
    0.244       339.60          1948.51        2793.56         3260.61         5095.65  
    0.250       338.31          1963.79        2836.35         3227.21         5104.35  
    0.256       340.35          1967.68        2830.84         3216.24         5113.58  
    0.263       342.53          1983.87        2851.47         3223.68         5104.50  
    0.269       343.22          1990.81        2841.23         3215.92         5095.15  
    0.275       341.95          2010.58        2924.56         3217.23         5052.35  
    0.281       343.05          2012.22        2987.08         3223.67         5009.88  
    0.288       344.19          2017.19        2847.60         3229.75         5024.74  
    0.294       344.51          2053.37        2830.51         3221.38         5054.99  
    0.300       343.27          2026.50        2812.17         3234.32         5054.55  
    0.306       340.42          1933.39        2812.99         3258.49         5082.99  
    0.312       340.02          1897.26        2840.75         3269.23         5101.31  
    0.319       340.48          1890.47        2888.35         3264.60         5100.86  
    0.325       337.18          1969.10        2955.74         3223.71         5076.65  
    0.331       332.93          2029.50        2938.58         3236.98         5029.03  
    0.338       331.17          2061.66        2913.19         3252.48         5000.66  
    0.344       333.38          2073.86        2930.75         3254.57         5050.10  
    0.350       336.71          2087.79        2963.48         3255.19         5055.39  
    0.356       334.22          2076.82        2950.58         3255.02         4968.18  
    0.363       326.14          2076.92        2977.12         3245.26         4933.54  
    0.369       319.43          2069.71        2947.59         3256.84         4960.42  
    0.375       321.81          2054.23        2868.03         3272.40         4963.77  
    0.381       323.45          2042.75        2861.62         3276.11         4966.99  
    0.388       321.29          2071.92        2879.00         3273.13         4933.25  
    0.394       320.31          2093.67        2926.60         3264.71         4926.72  
    0.400       320.22          2102.17        2998.24         3255.67         4971.52  
    0.406       319.77          2093.50        3085.14         3245.65         5025.15  
    0.413       318.82          2105.94        3208.45         3254.92         5072.73  
    0.419       315.40          2081.35        3225.20         3275.00         5068.68  
    0.425       311.54          2108.19        3172.54         3317.79         5025.57  
    0.431       311.06          2076.74        3150.37         3269.03         5014.30  
    0.438       308.49          1933.16        3045.64         3269.60         5058.10  
    0.444       300.82          1920.69        2998.21         3275.82         5102.07  
    0.450       291.58          2020.09        3045.38         3269.91         5096.54  
    0.456       282.54          2097.97        3016.17         3316.35         5082.23  
    0.463       278.43          2083.41        3039.12         3330.66         5048.45  
    0.469       274.96          2061.59        3068.27         3290.34         5069.50  
    0.475       265.06          2070.63        3018.49         3249.97         5102.25  
    0.481       258.08          2046.02        2929.06         3248.71         5097.21  
    0.488       260.69          1899.80        2890.24         3301.40         5128.62  
    0.494       264.03          1936.68        2912.55         3324.48         5149.58  
    0.500       263.25          2213.58        3141.86         3387.37         5091.68  
    0.506       260.59          2269.70        3200.64         3580.57         5129.43  
    0.513       262.60          2269.76        3194.24         3758.94         5145.06  
    0.519       269.59          2348.53        3231.32         4147.67         5236.09  
    0.525       276.61          2449.06        3256.46         4594.81         5446.13  
    0.531       275.08          2414.51        3204.34         4212.24         5500.00  
    0.537       274.48          2404.99        3128.43         4160.21         5500.00  
    0.544       279.63          2439.77        3067.54         4200.67         5500.00  
    0.550       63.87          780.60        2659.90         3288.01         4465.19  
    0.556       0          308.84        2585.64         3061.75         4264.47  
    0.562       0          339.94        2547.88         3080.84         4355.95  
    0.569       0          369.08        2580.58         3096.04         4402.09  
    0.575       0          349.93        2553.14         3113.92         4396.26  
    0.581       0          311.71        2434.68         3080.54         4419.27  
    0.588       205.07          1705.05        2547.75         4051.40         5256.26  
    0.594       265.58          2180.19        2558.17         4119.66         5110.03  
    0.600       284.28          2239.47        2567.75         4050.15         5132.27  
    0.606       293.39          2467.41        2579.46         3765.47         5161.12  
    0.613       304.68          2600.80        2986.81         3478.72         5146.63  
    0.619       329.96          2649.45        2781.03         3442.43         5133.03  
    0.625       330.00          2051.46        2718.39         3671.72         5120.30  
    0.631       298.35          1828.12        2758.39         3773.69         5134.34  
    0.638       270.38          1746.83        2770.26         3830.58         5079.21  
    