0.025       0          0        1632.29         2106.61         3096.32  
    0.031       0          0        1507.71         2073.00         3068.14  
    0.038       195.65          1423.50        2062.12         2975.91         4648.36  
    0.044       234.81          1495.42        2089.48         2978.11         4640.78  
    0.050       240.48          1520.13        2090.99         3015.03         4516.21  
    0.056       228.49          1519.93        2035.98         3068.39         3916.09  
    0.062       259.65          1494.42        2014.04         2719.87         3742.37  
    0.069       330.34          1517.06        2023.91         2487.88         3629.00  
    0.075       352.79          1569.71        2037.54         2493.65         3660.30  
    0.081       309.27          1565.05        2054.56         2803.00         3660.76  
    0.088       336.34          1551.50        2056.06         2908.84         3767.22  
    0.094       346.21          1619.96        2060.69         2702.08         3762.56  
    0.100       364.55          1623.95        2162.10         3274.77         5183.16  
    0.106       16.32          426.79        1639.69         2231.74         3533.54  
    0.113       0          385.14        1723.14         2182.08         3477.13  
    0.119       360.99          1680.25        2179.88         3425.60         5409.69  
    0.125       366.07          1791.84        2224.59         3470.61         5500.00  
    0.131       337.60          1748.74        2218.98         3439.04         5500.00  
    0.138       291.88          1764.51        2223.80         3499.95         5500.00  
    0.144       304.83          1820.91        2256.89         3496.14         4961.12  
    0.150       309.08          1777.74        2279.08         3556.71         4990.83  
    0.156       274.85          1988.22        2293.35         3642.34         5063.41  
    0.163       305.31          2042.79        2391.66         3649.83         5059.38  
    0.169       320.15          2042.91        2363.24         3525.11         5480.30  
    0.175       304.84          2068.62        2206.95         3501.70         5500.00  
    0.181       226.61          2088.94        2342.00         3509.43         5500.00  
    0.188       243.47          2100.77        2756.19         3499.33         5500.00  
    0.194       244.09          2120.66        2690.46         3493.82         5500.00  
    0.200       256.65          2115.51        3008.51         3513.65         5500.00  
    0.206       251.60          2132.48        3184.31         3522.24         5500.00  
    0.213       245.45          2140.03        3213.41         3526.83         5328.07  
    0.219       234.82          2154.39        3173.70         3505.66         5282.42  
    0.225       222.93          2171.00        2999.01         3506.40         5250.18  
    0.231       225.56          2178.59        3078.00         3512.63         5248.05  
    0.238       229.28          2169.09        3153.22         3518.43         5241.70  
    0.244       219.82          2123.24        3232.23         3496.18         5202.80  
    0.250       218.37          2121.27        3220.07         3484.58         5187.51  
    0.256       216.77          2124.00        3261.39         3471.00         5178.11  
    0.263       227.91          2133.28        3382.57         3491.70         5172.56  
    0.269       223.73          2134.91        3389.98         3483.80         5163.79  
    0.275       214.40          2143.39        3413.03         3471.33         5163.79  
    0.281       207.54          2160.45        3379.41         3589.33         5131.41  
    0.288       207.08          2166.18        3358.70         3578.12         5143.10  
    0.294       153.81          2123.68        3342.33         3627.14         5160.34  
    0.300       92.83          2108.20        3324.00         3679.03         5148.48  
    0.306       119.57          2103.18        3307.47         3685.36         5135.42  
    0.312       5.40          93.94        2159.26         3323.59         3800.45  
    0.319       0          0        2098.26         3302.87         3885.54  
    0.325       64.35          2006.94        3244.41         4039.12         5038.86  
    0.331       190.64          2104.88        3297.84         3914.26         5118.47  
    0.338       239.66          2104.85        3306.71         3809.26         5155.08  
    0.344       235.23          2109.72        3318.08         3873.07         5143.72  
    0.350       245.34          2111.70        3310.63         4036.78         5094.11  
    0.356       258.64          2111.29        3289.17         4190.00         5071.30  
    0.363       257.18          2119.10        3297.56         4222.22         5069.04  
    0.369       267.87          2122.31        3314.21         4219.74         5096.79  
    0.375       275.28          2127.26        3319.86         4246.16         5072.23  
    0.381       280.85          2130.02        3330.58         4260.78         5017.26  
    0.388       289.47          2137.75        3339.22         4661.33         4978.43  
    0.394       291.15          2143.21        3324.56         4718.63         4954.80  
    0.400       290.38          2147.92        3320.35         4734.74         5041.56  
    0.406       286.46          2158.22        3324.64         5003.27         5163.21  
    0.413       279.25          2144.88        3322.04         4802.97         5010.88  
    0.419       275.45          2140.30        3346.89         4836.20         5038.91  
    0.425       277.50          2132.33        3344.57         4830.25         4953.20  
    0.431       271.43          2116.41        3346.19         4796.82         4956.68  
    0.438       282.55          2127.99        3342.95         4744.85         4979.40  
    0.444       285.08          2127.72        3340.46         4625.98         4978.58  
    0.450       285.80          2109.76        3356.67         4573.02         5001.29  
    0.456       278.42          2143.93        3350.88         4573.91         5012.43  
    0.463       238.14          2143.95        3363.88         4881.12         4911.82  
    0.469       177.37          2116.62        3387.83         4750.22         4963.90  
    0.475       72.53          2118.69        3397.68         4521.11         5003.08  
    0.481       3.03          94.65        2198.45         3465.46         4069.54  
    0.488       0          0        2126.74         3438.12         4001.72  
    0.494       175.04          2024.63        3393.44         4514.24         4964.04  
    0.500       203.15          2127.42        3470.19         4970.88         5478.07  
    0.506       142.62          2156.80        3481.51         4839.79         5500.00  
    0.513       193.30          2149.34        3488.13         4949.54         5500.00  
    0.519       169.12          2149.36        3500.79         5013.74         5500.00  
    0.525       7.50          96.02        156.41         2303.84         3602.91  
    0.531       0          808.48        2128.01         3457.54         4972.32  
    0.537       0          512.57        2253.08         3519.85         4881.68  
    0.544       0          829.81        2270.30         3520.47         4849.04  
    0.550       0          372.58        2270.39         3505.38         4868.06  
    0.556       0          15.66        101.42         2342.75         3583.16  
    0.562       0          201.80        2175.17         3572.66         4879.67  
    0.569       210.05          2170.38        3201.60         4750.93         5475.12  
    0.575       221.33          2282.85        2472.82         3571.12         5118.64  
    0.581       225.23          1901.96        2282.96         3543.40         5110.86  
    0.588       226.84          1589.71        2343.91         3659.92         5046.58  
    0.594       10.14          294.67        2358.54         3589.77         4953.51  
    0.600       209.78          1357.55        2546.07         3817.21         4937.64  
    0.606       214.29          1405.46        2517.36         3675.71         5004.75  
    0.613       212.91          1364.14        2551.82         3620.68         5028.45  
    0.619       215.94          1329.50        2499.94         3697.68         5124.65  
    0.625       232.83          1313.08        2575.20         3730.20         5078.66  
    0.631       248.31          1311.85        2595.08         3755.11         5067.31  
    0.638       282.79          1312.17        2498.50         3752.82         5143.88  
    0.644       333.66          1312.54        2498.83         3687.39         5012.20  
    0.650       342.86          1310.80        2480.23         3689.49         4947.83  
    0.656       340.53          1308.98        2553.48         3750.34         5040.35  
    0.663       361.74          1311.87        2453.12         3770.38         5021.68  
    0.669       350.50          1316.65        2445.49         3746.79         5117.85  
    0.675       329.89          1320.11        2409.19         3818.88         5483.13  
    0.681       342.98          1325.98        2381.27         3773.96         5029.15  
    0.688       318.21          1328.39        2599.96         3792.14         4950.41  
    0.694       299.48          1329.10        2488.11         3903.15         5475.33  
    