0.025       447.89          1745.07        2890.90         4077.18         4955.24  
    0.031       414.70          1841.91        2818.44         4101.97         5431.19  
    0.038       244.46          1852.44        2721.90         3993.53         5275.59  
    0.044       224.90          1827.74        2419.70         3839.37         5198.00  
    0.050       268.76          1802.50        1940.34         3754.06         5171.61  
    0.056       313.78          1856.44        1902.61         3790.81         5177.57  
    0.062       330.43          1838.16        1980.11         3685.38         5172.06  
    0.069       311.97          1811.06        2037.17         3596.76         5145.59  
    0.075       294.14          1792.50        2051.58         3584.06         5147.87  
    0.081       289.25          1760.56        2025.79         3550.57         5150.77  
    0.088       258.26          1749.56        2010.72         3663.57         5157.27  
    0.094       228.54          1713.62        2034.36         3943.73         5149.51  
    0.100       223.43          1723.59        2089.33         3933.88         5142.08  
    0.106       239.75          1788.58        2037.61         3889.77         5117.85  
    0.113       232.51          1827.39        2067.04         3905.88         5068.13  
    0.119       206.93          1847.83        2034.17         3933.94         4995.72  
    0.125       219.59          1866.94        1998.12         3916.19         4953.41  
    0.131       233.84          1881.65        2077.28         3920.94         5087.05  
    0.138       251.55          1893.60        2177.23         3801.07         5121.14  
    0.144       265.82          1895.96        2241.00         3760.14         5061.44  
    0.150       279.53          1911.81        2288.11         3830.33         5023.24  
    0.156       293.93          1902.95        2325.27         3816.20         5041.88  
    0.163       308.07          1912.75        2388.16         3744.97         5059.66  
    0.169       319.43          1948.89        2472.60         3803.13         5061.58  
    0.175       323.86          1961.64        2525.56         3816.14         5034.76  
    0.181       328.33          1947.53        2634.86         3955.21         5006.84  
    0.188       331.08          1899.71        2731.36         4075.50         5005.92  
    0.194       331.94          1891.06        2769.11         3909.81         5016.25  
    0.200       330.59          1898.81        2821.57         3873.69         5016.82  
    0.206       328.48          1892.82        2847.09         3849.54         4984.68  
    0.213       327.36          1897.96        2798.45         3789.93         5007.74  
    0.219       327.37          1906.27        2794.05         3737.64         5031.68  
    0.225       331.40          1911.64        2810.50         3710.92         5019.92  
    0.231       334.75          1921.17        2784.66         3574.11         4999.81  
    0.238       339.06          1936.61        2767.25         3453.38         5054.45  
    0.244       343.10          1969.96        2900.92         3302.55         5091.48  
    0.250       343.54          1978.89        3042.54         3158.22         5100.19  
    0.256       345.87          1982.88        2999.10         3108.29         5115.17  
    0.263       347.84          2004.16        2976.02         3129.46         5098.20  
    0.269       348.57          2009.70        2891.82         3140.13         5079.07  
    0.275       348.81          2023.94        3018.65         3141.19         5046.78  
    0.281       350.55          2021.50        3138.72         3328.45         5000.33  
    0.288       350.36          2028.57        3060.80         3181.31         5007.38  
    0.294       349.65          2055.75        3114.55         3139.24         5043.95  
    0.300       347.85          2039.63        3034.62         3158.09         5045.97  
    0.306       343.86          1964.85        2882.48         3225.82         5054.77  
    0.312       343.13          1940.01        2876.85         3247.44         5060.50  
    0.319       344.46          1920.92        2923.38         3234.75         5057.75  
    0.325       341.43          1971.02        3049.50         3146.73         5036.17  
    0.331       335.49          2014.05        2962.37         3216.73         4966.45  
    0.338       333.01          2046.86        2944.74         3249.43         5003.65  
    0.344       334.95          2041.89        2951.36         3255.16         5072.39  
    0.350       338.83          2044.76        3046.47         3247.67         5087.11  
    0.356       336.26          2059.86        3117.89         3224.63         5005.66  
    0.363       328.05          2075.68        3161.83         3183.58         4956.01  
    0.369       320.68          2082.12        3097.81         3209.88         4987.79  
    0.375       322.88          2080.13        2976.80         3261.05         4976.36  
    0.381       325.22          2080.89        2978.85         3274.55         4985.87  
    0.388       324.28          2101.89        3012.51         3279.31         4936.18  
    0.394       326.49          2109.98        3118.44         3249.82         4923.71  
    0.400       330.24          2114.02        3184.54         3284.34         4970.81  
    0.406       332.24          2101.78        3167.86         3345.44         5020.37  
    0.413       330.86          2093.38        3195.64         3472.14         5063.00  
    0.419       324.16          2066.05        3187.39         3496.91         5064.86  
    0.425       315.05          2075.18        3149.52         3577.46         5031.21  
    0.431       310.81          2055.30        3128.59         3556.00         5016.20  
    0.438       308.72          1965.40        3143.94         3348.02         5054.94  
    0.444       303.99          1942.13        3101.15         3295.84         5097.29  
    0.450       296.75          2009.33        3115.71         3375.20         5093.00  
    0.456       288.88          2061.45        3079.23         3419.96         5070.87  
    0.463       285.48          2067.80        3096.72         3428.54         5036.65  
    0.469       279.46          2068.39        3132.79         3347.41         5060.58  
    0.475       264.22          2080.95        3158.05         3210.49         5107.28  
    0.481       251.60          2065.64        3118.42         3210.10         5086.44  
    0.488       251.45          1928.98        3024.69         3313.67         5116.80  
    0.494       252.54          1943.15        3050.82         3362.80         5146.81  
    0.500       250.81          2114.82        3173.73         3702.86         5074.27  
    0.506       249.83          2208.21        3186.68         3792.91         5071.40  
    0.513       253.07          2208.99        3173.44         3924.28         5109.79  
    0.519       259.97          2196.46        3214.38         4198.39         5181.80  
    0.525       268.04          2284.93        3243.58         4479.28         5461.03  
    0.531       270.05          2280.04        3178.78         4132.07         5327.48  
    0.537       271.47          2301.44        3096.70         4178.13         5475.06  
    0.544       274.23          2286.32        3027.46         4220.52         5500.00  
    0.550       275.53          2314.99        2994.63         4180.40         5500.00  
    0.556       290.98          2373.88        3004.97         4274.94         5500.00  
    0.562       37.03          584.03        2483.10         3202.97         4501.07  
    0.569       0          350.10        2432.86         3085.29         4397.93  
    0.575       0          335.25        2422.62         3164.91         4392.54  
    0.581       0          298.75        2353.68         3163.42         4420.15  
    0.588       232.51          2011.23        2358.62         4210.41         5364.15  
    0.594       264.62          2266.48        2379.46         4263.40         5500.00  
    