0.025       0          1668.88        2201.41         2554.06         4114.03  
    0.031       0          1729.78        2113.86         2682.93         4117.40  
    0.038       0          1698.43        2361.16         3073.48         4579.44  
    0.044       286.27          1653.09        2467.96         3258.49         4720.06  
    0.050       339.22          1721.48        2407.95         3171.95         4866.48  
    0.056       337.36          1773.72        2473.54         3114.13         4868.22  
    0.062       333.80          1731.23        2494.20         2977.57         4875.91  
    0.069       331.06          1721.46        2654.54         3077.53         4855.13  
    0.075       320.95          1726.71        2662.30         3338.78         4828.68  
    0.081       314.23          1794.77        2716.93         4155.11         4788.91  
    0.088       314.50          1845.96        2718.25         3658.90         4683.94  
    0.094       316.75          1798.79        2697.14         3309.93         4754.36  
    0.100       322.35          1801.47        2714.15         3212.30         4729.79  
    0.106       326.56          1866.68        2724.29         3119.94         4712.25  
    0.113       322.63          1911.18        2686.75         3236.64         4628.89  
    0.119       319.08          1962.89        2610.21         3266.83         4622.20  
    0.125       315.95          2000.91        2661.74         3398.47         4366.47  
    0.131       311.97          2064.28        2671.50         3299.43         4231.74  
    0.138       307.41          2123.47        2713.82         3230.39         4317.11  
    0.144       308.38          2243.38        2737.78         3646.10         4262.55  
    0.150       307.80          2283.50        2748.07         3610.43         4187.72  
    0.156       309.48          2288.69        2768.93         3543.47         4298.28  
    0.163       306.80          2321.60        2808.12         3650.37         4460.06  
    0.169       302.05          2344.77        2859.32         3806.19         4392.71  
    0.175       299.44          2373.76        2930.01         4094.79         5230.49  
    0.181       297.98          2372.61        2949.82         4097.09         5488.01  
    0.188       292.86          2386.84        2887.54         4091.40         5500.00  
    0.194       15.86          404.81        2473.11         3013.19         4254.82  
    0.200       276.29          2339.01        2950.29         4198.11         5428.65  
    0.206       285.70          2421.46        2903.04         4040.68         4926.90  
    0.213       282.55          2414.25        2899.76         4072.68         5189.50  
    0.219       280.49          2420.05        2970.35         4091.88         5484.09  
    0.225       277.99          2437.69        2989.61         4109.99         5500.00  
    0.231       15.06          395.65        2457.45         3075.95         4195.34  
    0.238       0          280.53        2417.70         3027.19         4115.50  
    0.244       265.08          2300.66        2950.17         4166.95         5424.95  
    0.250       276.26          2416.38        3076.79         3932.05         4883.46  
    0.256       272.03          2423.22        2860.78         3935.06         4924.17  
    0.263       267.47          2432.42        2743.60         3975.36         4900.45  
    0.269       263.63          2439.41        2803.07         3902.82         4910.63  
    0.275       265.00          2417.82        2744.44         3916.70         4887.19  
    0.281       266.72          2405.68        2735.65         3875.63         4880.88  
    0.288       267.34          2388.75        2810.28         3870.94         4871.41  
    0.294       265.71          2414.60        2784.86         3928.69         4873.36  
    0.300       267.13          2462.33        2796.54         4025.92         4880.34  
    0.306       267.95          2487.62        2817.94         3955.68         4873.58  
    0.312       262.16          2472.97        2858.25         3868.21         4898.51  
    0.319       259.07          2499.54        2926.92         3878.66         4969.66  
    0.325       259.43          2512.65        2955.66         3911.76         4917.68  
    0.331       257.24          2496.59        2921.38         3931.66         4884.08  
    0.338       249.31          2528.46        2933.80         3962.48         4847.88  
    0.344       234.44          2518.06        2772.58         3932.08         4862.02  
    0.350       194.35          2492.78        2951.06         3917.97         4895.74  
    0.356       179.62          2463.60        3025.19         3859.93         4919.77  
    0.363       202.21          2476.05        3032.65         3812.27         4940.34  
    0.369       184.03          2521.21        3083.09         3849.08         4918.72  
    0.375       149.57          2532.99        3068.78         3730.71         4762.86  
    0.381       8.00          1620.58        2597.14         3358.24         4738.33  
    0.388       0          1458.81        2557.21         3366.61         4730.81  
    0.394       0          78.72        2487.53         2593.29         3580.22  
    0.400       196.07          2235.97        2648.43         3617.68         4659.89  
    0.406       220.19          2007.59        2710.08         3758.46         4620.11  
    0.413       133.94          1923.95        2684.13         4012.49         4660.77  
    0.419       170.22          1945.80        2676.92         4056.75         4615.86  
    0.425       9.35          105.53        1932.06         2713.41         3895.29  
    0.431       0          1525.20        2721.22         3542.72         4171.66  
    