0.025       0          1064.52        2259.09         3245.37         4412.71  
    0.031       0          881.72        2258.64         3081.91         4419.70  
    0.038       0          777.19        2340.22         3089.28         4412.78  
    0.044       0          666.53        2354.42         3014.90         4399.03  
    0.050       539.49          1493.87        2695.16         3821.86         5115.53  
    0.056       882.92          1873.05        2899.96         4244.38         5500.00  
    0.062       317.45          1115.41        2839.25         3677.85         4575.64  
    0.069       186.84          1538.46        2765.59         3795.47         4966.61  
    0.075       282.42          2023.29        2512.67         3998.31         5478.48  
    0.081       97.48          903.41        2274.64         3258.96         4545.32  
    0.088       0          289.97        2126.83         2901.10         4036.00  
    0.094       0          286.33        2069.57         3017.33         4049.58  
    0.100       0          270.01        2050.36         3060.40         4086.63  
    0.106       0          254.04        2067.38         2897.15         4115.76  
    0.113       0          240.68        2014.61         2935.68         4138.41  
    0.119       0          214.94        1960.77         3046.10         4156.67  
    0.125       0          202.88        1937.31         3160.86         4191.32  
    0.131       135.62          1343.48        2683.64         3852.99         5050.22  
    0.138       206.89          2057.00        3059.81         4214.65         5500.00  
    0.144       218.44          2191.44        3107.40         4210.36         5500.00  
    0.150       241.65          2230.02        3328.61         4206.17         5130.45  
    0.156       265.00          2216.76        3475.02         4226.01         4670.98  
    0.163       281.21          2270.11        3571.37         4235.16         5162.95  
    0.169       99.40          995.39        2790.30         3962.97         4668.79  
    0.175       0          305.70        2318.76         3787.57         4227.55  
    0.181       0          313.16        2298.28         3597.77         4247.71  
    0.188       0          316.40        2257.42         3500.37         4257.79  
    0.194       0          317.08        2277.82         3285.52         4255.69  
    0.200       0          316.83        2314.96         3634.99         4236.41  
    0.206       0          316.16        2300.91         3892.92         4228.40  
    0.213       0          314.86        2298.06         3970.89         4238.62  
    0.219       0          313.67        2320.65         3932.02         4238.64  
    0.225       202.51          1642.03        2705.57         4094.29         5060.33  
    0.231       108.01          1019.69        2548.58         4105.17         4638.71  
    0.238       0          309.38        2464.68         4130.19         4174.65  
    0.244       0          307.22        2655.99         3617.27         4206.41  
    0.250       0          304.76        2572.60         3209.28         4219.45  
    0.256       0          302.62        2374.56         3252.33         4213.76  
    0.263       0          301.36        2302.45         3227.67         4231.89  
    0.269       0          299.63        2340.44         3149.75         4252.47  
    0.275       0          297.62        2409.66         3310.45         4245.48  
    0.281       0          296.35        2420.81         3510.23         4238.39  
    0.288       0          296.54        2445.45         3334.46         4250.23  
    0.294       193.11          1283.74        2835.83         3887.48         5067.52  
    0.300       103.00          823.07        3044.67         3565.64         4672.13  
    0.306       0          295.42        2875.76         3107.62         4232.32  
    0.312       0          293.92        2784.53         3035.14         4206.70  
    0.319       0          291.14        2633.21         3019.26         4201.22  
    0.325       0          287.76        2592.34         3038.01         4213.13  
    0.331       0          288.55        2718.27         3072.49         4229.91  
    0.338       190.82          694.30        2962.85         3779.97         5060.60  
    0.344       101.78          507.51        2701.77         3457.82         4655.96  
    0.350       0          294.60        2559.72         3109.19         4242.69  
    0.356       0          297.21        2559.33         3114.03         4262.33  
    0.363       195.53          1501.77        2908.17         3931.71         5069.47  
    0.369       299.78          2135.50        3101.74         4479.79         5500.00  
    0.375       294.09          2158.82        3098.08         4450.53         5500.00  
    0.381       286.06          2227.38        3136.58         4377.09         5500.00  
    0.388       277.70          2284.02        3281.44         4280.14         5500.00  
    0.394       264.68          2295.23        3204.00         4227.34         5500.00  
    0.400       90.22          963.03        2619.77         3508.19         4692.41  
    0.406       0          252.72        2407.19         3147.67         4255.02  
    0.413       159.16          1589.75        2832.74         3871.89         5065.70  
    0.419       240.23          2290.13        3076.77         4260.42         5500.00  
    0.425       237.76          2299.58        3189.42         4259.25         5500.00  
    0.431       232.26          2323.07        3123.68         4242.23         5500.00  
    0.438       226.97          2376.52        3082.28         4214.09         5500.00  
    0.444       223.59          2411.07        3171.18         4187.16         5201.93  
    0.450       221.76          2485.07        3156.89         4203.44         5113.53  
    0.456       218.87          2742.89        3064.36         4234.36         5378.67  
    0.463       219.35          2595.10        3124.59         4225.84         5500.00  
    0.469       76.64          999.43        2679.04         3596.52         4673.39  
    0.475       0          227.45        2433.08         3326.28         4233.45  
    0.481       150.97          1633.42        2733.51         3911.48         5059.61  
    0.488       80.53          983.28        2728.29         3363.17         4676.02  
    0.494       0          245.87        2511.97         2989.13         4236.45  
    0.500       0          256.93        2247.54         3018.14         4216.21  
    0.506       0          261.93        2004.86         2996.40         4174.57  
    0.513       174.69          1249.85        2597.65         3741.49         5033.23  
    0.519       269.36          1606.86        2941.29         4000.99         5500.00  
    0.525       93.97          678.08        2019.51         3292.97         4487.84  
    0.531       0          709.73        1766.69         2906.23         4070.75  
    0.537       0          335.71        1369.28         2900.29         4208.49  
    0.544       0          652.75        1493.28         2970.96         4288.07  
    0.550       0          980.48        1878.83         3062.60         4322.23  
    0.556       0          945.22        1751.23         2981.97         4176.82  
    0.562       482.26          1269.34        2489.06         3709.44         5011.55  
    