0.025       0          297.14        1893.67         2490.82         3678.50  
    0.031       0          315.45        1913.46         2430.52         3673.44  
    0.038       285.64          1697.20        1936.25         2404.49         3682.69  
    0.044       329.65          1923.99        2239.74         2506.20         3686.16  
    0.050       341.16          1924.86        2241.58         2565.89         3699.45  
    0.056       344.52          1939.80        2247.36         2602.98         3708.74  
    0.062       346.52          1974.20        2334.35         2671.19         3693.36  
    0.069       346.75          1993.36        2398.43         2832.12         3691.21  
    0.075       343.17          1995.35        2415.75         2948.70         3706.27  
    0.081       330.08          1986.25        2418.14         3037.87         3711.85  
    0.088       298.14          1997.06        2433.04         2966.63         3730.95  
    0.094       263.85          2007.27        2441.42         2905.37         3720.33  
    0.100       265.36          2004.40        2449.99         2993.54         3725.69  
    0.106       277.63          2008.83        2455.73         3033.50         3744.42  
    0.113       288.32          2011.67        2463.40         3106.60         3739.64  
    0.119       295.26          2006.94        2472.68         3305.49         3732.86  
    0.125       290.45          1985.87        2479.12         3453.35         3736.53  
    0.131       256.51          1982.46        2491.90         3554.44         3810.42  
    0.138       121.94          2007.99        2530.14         3594.89         3924.48  
    0.144       47.80          2074.72        2582.16         3541.26         3928.96  
    0.150       225.25          2118.31        2607.98         3437.55         3849.10  
    0.156       273.24          2164.73        2652.86         3389.40         3836.52  
    0.163       288.69          2246.09        2700.69         3362.63         3853.75  
    0.169       297.34          2325.25        2763.72         3336.62         3856.45  
    0.175       299.90          2369.76        2824.97         3353.56         3864.51  
    0.181       301.68          2398.15        2868.98         3389.83         3915.37  
    0.188       303.01          2413.81        2909.24         3392.58         3995.17  
    0.194       304.04          2425.12        2929.46         3398.70         3993.38  
    0.200       305.07          2425.29        2913.38         3363.32         3980.51  
    0.206       306.09          2442.68        2923.01         3323.78         4007.65  
    0.213       305.60          2476.32        2960.29         3312.49         4029.17  
    0.219       305.19          2479.06        3022.25         3391.55         4079.10  
    0.225       303.89          2473.49        3063.04         3428.12         4075.01  
    0.231       303.15          2468.67        3091.61         3364.42         4038.62  
    0.238       303.37          2489.87        3104.17         3349.19         4039.12  
    0.244       302.26          2524.66        3112.56         3417.68         4022.04  
    0.250       299.71          2524.79        3098.79         3406.09         3983.33  
    0.256       298.71          2532.33        3087.67         3394.69         3976.48  
    0.263       297.64          2542.44        3110.52         3429.71         4014.05  
    0.269       296.00          2535.36        3119.02         3416.96         4057.65  
    0.275       295.29          2545.49        3137.66         3439.15         4056.96  
    0.281       294.29          2563.51        3169.34         3574.05         4075.96  
    0.288       292.06          2562.12        3176.38         3610.42         4073.61  
    0.294       288.92          2566.01        3152.14         3526.08         4005.88  
    0.300       287.53          2571.04        3149.00         3511.60         4063.75  
    0.306       283.58          2562.13        3157.74         3457.95         4056.20  
    0.312       280.34          2557.82        3147.00         3427.83         4045.51  
    0.319       277.03          2562.19        3148.62         3429.27         4061.19  
    0.325       275.87          2559.57        3144.03         3416.54         4077.51  
    0.331       273.19          2547.31        3160.41         3438.69         4010.33  
    0.338       268.34          2536.47        3182.74         3484.04         3966.07  
    0.344       269.05          2545.44        3172.35         3454.57         3990.97  
    0.350       271.01          2555.27        3171.35         3445.31         4016.67  
    0.356       274.87          2548.73        3186.36         3455.25         3950.46  
    0.363       274.98          2556.97        3274.38         3499.71         3897.10  
    0.369       276.60          2559.86        3296.86         3663.98         3938.32  
    0.375       302.13          2560.62        3279.86         3705.49         3990.81  
    0.381       318.85          2573.72        3412.83         3618.81         3944.36  
    0.388       319.18          2665.92        3376.60         3592.95         3918.03  
    