0.025       284.13          1866.03        2193.05         3491.73         5500.00  
    0.031       291.30          1806.64        2167.69         3560.98         4497.59  
    0.038       305.75          1766.61        2149.53         3536.01         3738.77  
    0.044       311.76          1781.68        2125.01         3361.34         3773.33  
    0.050       311.62          1771.66        2089.07         3259.77         3871.29  
    0.056       312.01          1755.54        2088.66         3269.90         3887.94  
    0.062       313.53          1748.43        2088.95         3281.57         3878.20  
    0.069       314.59          1735.93        2076.90         3263.79         3852.62  
    0.075       315.82          1736.53        2074.12         3157.94         3773.27  
    0.081       316.76          1791.12        2079.07         2804.84         3747.76  
    0.088       317.55          1830.04        2077.71         2584.25         3758.82  
    0.094       319.03          1846.78        2079.42         2640.55         3768.38  
    0.100       318.28          1855.62        2109.57         2886.31         3786.75  
    0.106       316.85          1888.07        2168.71         3205.60         3756.54  
    0.113       315.78          1926.33        2209.34         3189.23         3752.41  
    0.119       315.66          1942.87        2253.22         3321.45         3848.84  
    0.125       316.88          1912.46        2289.41         3465.32         4138.98  
    0.131       316.55          1880.49        2317.63         3520.10         4332.74  
    0.138       307.69          1885.54        2306.15         3558.09         4356.39  
    0.144       297.00          1892.71        2318.04         3741.66         4357.98  
    0.150       278.93          1882.12        2356.15         4014.13         4399.19  
    0.156       216.33          1866.90        2386.54         4142.31         4578.85  
    0.163       152.72          1896.48        2457.69         4153.56         4615.23  
    0.169       169.12          1969.77        2530.95         4168.13         4611.42  
    0.175       236.01          2059.11        2571.23         4093.57         4444.58  
    0.181       277.03          2142.72        2619.22         3683.97         4289.47  
    0.188       293.20          2236.46        2685.98         3359.91         4262.73  
    0.194       301.79          2325.09        2765.10         3387.52         4188.97  
    0.200       303.25          2385.87        2843.61         3377.86         4096.35  
    0.206       299.95          2425.42        2904.07         3363.02         4076.63  
    0.213       292.92          2453.50        2934.34         3642.33         4028.95  
    0.219       284.80          2490.66        2946.92         3894.93         4009.95  
    0.225       277.30          2524.65        2965.77         3941.59         3983.94  
    0.231       275.82          2553.58        3033.40         3899.27         3944.34  
    0.238       279.70          2570.43        3118.55         3774.25         4010.94  
    0.244       276.52          2567.09        3161.69         3620.12         4103.69  
    0.250       265.93          2537.47        3171.51         3554.35         4184.03  
    0.256       257.29          2510.35        3197.79         3618.49         4222.53  
    0.263       252.15          2484.43        3214.11         3713.14         4360.78  
    0.269       244.07          2448.68        3220.04         3739.21         4509.08  
    0.275       234.32          2471.03        3240.73         3788.94         5102.94  
    0.281       235.36          2526.67        3214.20         3832.88         5500.00  
    0.288       240.55          2543.54        3014.88         3784.30         4814.47  
    0.294       240.81          2571.52        2836.39         3723.59         4345.45  
    0.300       239.35          2604.57        2863.78         3716.87         4368.54  
    0.306       237.21          2613.37        2930.65         3719.57         4382.79  
    0.312       236.07          2593.06        3257.45         3989.93         4342.08  
    0.319       237.48          2586.76        3441.49         4024.72         5004.83  
    0.325       241.94          2587.99        3365.07         3905.74         5500.00  
    0.331       249.63          2578.98        3340.71         3902.35         5500.00  
    0.338       259.80          2569.32        3348.60         3924.67         5500.00  
    0.344       267.97          2556.24        3331.65         3864.88         5500.00  
    0.350       275.05          2535.26        3311.27         3781.71         5054.74  
    0.356       281.26          2526.55        3304.66         3773.84         4754.53  
    0.363       283.20          2534.76        3317.27         3790.87         4890.10  
    0.369       279.26          2567.70        3321.49         3783.72         4773.86  
    0.375       272.66          2573.70        3308.10         3778.93         4628.13  
    0.381       268.68          2552.31        3307.28         3770.84         4484.70  
    0.388       272.97          2545.57        3304.18         3786.99         4358.89  
    0.394       286.81          2568.37        3290.53         3800.71         4425.24  
    0.400       302.58          2587.88        3290.92         3826.83         4492.07  
    0.406       308.35          2572.35        3306.15         3839.89         4388.56  
    0.413       302.73          2545.80        3282.01         3808.45         4264.29  
    0.419       295.16          2535.98        3303.26         3819.73         4207.16  
    0.425       292.15          2544.76        3357.63         3858.30         4153.23  
    0.431       292.55          2551.41        3375.27         3865.63         4133.33  
    0.438       294.15          2551.82        3358.44         3859.23         4112.36  
    0.444       295.10          2552.74        3316.47         3870.19         4100.46  
    0.450       295.02          2557.43        3453.98         3817.61         4147.03  
    0.456       302.24          2556.84        3481.33         3815.03         4168.42  
    0.463       127.87          1238.80        2924.97         3791.48         4168.67  
    0.469       0          293.14        2601.27         3736.98         4150.41  
    0.475       0          264.29        2598.81         3683.79         4135.21  
    0.481       0          230.87        2625.62         3546.65         4186.30  
    0.488       0          205.13        2655.75         3633.02         4210.00  
    