0.025       891.54          929.56        2950.63         3560.51         4072.20  
    0.031       865.67          1466.66        2972.90         3523.91         4199.95  
    0.038       769.88          1563.51        2986.09         3466.26         4403.04  
    0.044       691.27          1190.44        2996.02         3435.88         4298.73  
    0.050       282.41          1638.94        3015.22         3450.77         4037.65  
    0.056       243.41          1775.48        2991.91         3441.10         4104.54  
    0.062       248.01          1861.77        2940.88         3354.19         4170.09  
    0.069       271.95          1474.86        2792.29         3436.32         4201.28  
    0.075       331.12          1546.91        2799.84         3424.41         4514.06  
    0.081       352.54          1649.81        2797.60         3377.83         4191.90  
    0.088       354.54          1761.21        2783.55         3333.62         4419.69  
    0.094       349.75          1740.36        2783.71         3357.68         3939.37  
    0.100       348.37          1746.08        2834.83         3297.15         3908.27  
    0.106       346.44          1741.28        2868.25         3512.19         3938.50  
    0.113       348.78          1707.93        2880.29         3459.56         4316.59  
    0.119       338.84          1706.80        2836.75         3464.95         4129.71  
    0.125       301.29          1709.79        2833.13         3488.46         4316.79  
    0.131       268.85          1687.28        2855.82         3458.34         4424.92  
    0.138       259.13          1800.42        2805.89         3457.66         4439.80  
    0.144       252.34          2014.50        2752.38         3451.42         4529.63  
    0.150       251.72          1848.72        2833.33         3453.00         4494.01  
    0.156       266.69          1960.36        2868.93         3476.52         4524.14  
    0.163       266.50          2062.26        2860.08         3559.98         4604.88  
    0.169       302.14          2208.97        2955.46         3838.67         4393.10  
    0.175       2.95          378.65        2249.52         2963.69         4062.61  
    0.181       0          395.08        2191.93         3011.27         4194.78  
    0.188       0          415.06        2275.82         3011.54         4256.08  
    0.194       0          419.46        2296.70         3037.76         4139.23  
    0.200       0          420.40        2476.97         3055.83         4195.22  
    0.206       0          428.97        2473.72         3069.70         4263.95  
    0.213       0          434.40        2429.73         2986.64         4193.55  
    0.219       0          436.55        2455.34         2946.20         4355.97  
    0.225       0          436.90        2417.78         2945.91         4459.69  
    0.231       0          431.40        2397.06         2998.01         4390.69  
    0.238       0          428.57        2397.72         3058.08         4377.69  
    0.244       0          426.25        2470.56         2985.43         4372.16  
    0.250       0          418.77        2416.12         2931.32         4301.76  
    0.256       0          401.96        2430.22         3025.01         3937.03  
    0.263       0          390.14        2440.75         3061.23         4038.13  
    0.269       0          396.12        2440.18         3109.34         4241.32  
    0.275       0          411.78        2430.73         3150.73         4516.76  
    0.281       0          419.69        2438.83         3167.69         4593.52  
    0.288       0          420.47        2444.23         3140.66         4430.44  
    0.294       0          427.73        2503.54         3122.71         4211.73  
    0.300       0          439.40        2491.68         3093.51         4246.19  
    0.306       0          441.77        2517.34         3167.22         4153.96  
    0.312       0          436.52        2512.96         3230.36         3983.22  
    0.319       0          435.99        2481.42         3248.25         4001.88  
    0.325       0          434.47        2471.13         3183.00         4078.82  
    0.331       0          435.08        2435.30         3175.16         3908.73  
    0.338       0          433.49        2421.95         3155.40         3802.73  
    0.344       0          433.39        2413.30         3157.32         3847.09  
    0.350       0          428.68        2405.81         3146.05         4094.66  
    0.356       0          426.58        2392.89         3103.59         4178.43  
    0.363       0          427.50        2386.49         3073.33         3886.20  
    0.369       0          424.32        2395.20         3096.33         3849.80  
    0.375       0          421.47        2431.44         3082.45         3776.66  
    0.381       0          419.46        2606.84         3043.11         3715.57  
    0.388       0          412.42        2629.28         3016.95         3568.05  
    0.394       0          404.94        2547.84         2955.33         3608.64  
    0.400       0          401.73        2734.41         2912.41         3847.18  
    0.406       0          400.64        2794.17         3005.46         4015.58  
    0.413       0          400.28        2757.66         3017.06         4070.61  
    0.419       0          394.92        2712.51         2974.78         4085.40  
    0.425       0          385.71        2690.80         3021.31         4357.83  
    0.431       0          375.38        2652.75         3028.20         4213.46  
    0.438       0          376.87        2536.83         3020.09         4040.85  
    0.444       0          368.83        2455.81         3033.02         3794.43  
    0.450       0          353.64        2423.12         3008.95         3816.43  
    0.456       0          342.78        2469.93         3040.83         3885.35  
    0.463       0          348.00        2646.63         3196.80         3929.20  
    0.469       0          349.77        2705.13         3184.67         3940.50  
    0.475       0          334.34        2598.22         2952.55         3736.34  
    0.481       309.19          2379.79        2918.38         3767.14         5482.78  
    0.488       322.65          2416.04        2911.40         3791.78         5500.00  
    0.494       324.61          2372.33        2967.35         3812.86         5500.00  
    0.500       321.63          2402.46        3032.67         3808.23         5500.00  
    0.506       322.54          2427.45        2990.27         3790.29         4460.34  
    0.513       333.25          2267.21        2932.65         3693.53         4789.88  
    0.519       353.56          2597.77        2838.22         3781.68         5420.04  
    0.525       339.46          2538.55        3255.72         3906.28         5499.28  
    0.531       340.41          2378.12        3060.49         3830.66         5138.80  
    0.537       358.12          2345.52        3080.77         3782.38         4854.26  
    0.544       356.69          2435.57        3110.27         3815.45         5108.28  
    0.550       353.42          2514.94        3290.49         3842.69         5496.21  
    0.556       342.40          2563.95        3349.61         3927.57         5500.00  
    