0.025       0          0        1785.19         1942.71         3265.18  
    0.031       29.79          1174.85        2097.57         2841.73         4553.06  
    0.038       127.80          1940.42        2347.90         3410.21         5348.31  
    0.044       193.22          1928.46        2109.23         3296.11         5294.48  
    0.050       80.20          911.29        1936.05         2730.25         5009.14  
    0.056       0          280.53        1897.74         2343.31         4864.32  
    0.062       0          321.95        1873.43         2302.53         4859.64  
    0.069       196.28          1272.87        2083.54         3126.87         4983.32  
    0.075       328.24          1876.62        2157.30         3633.07         5134.44  
    0.081       323.90          1846.78        2126.05         3442.98         5173.61  
    0.088       309.64          1813.30        2102.03         3322.61         5186.71  
    0.094       283.11          1765.61        2123.68         3487.08         5194.45  
    0.100       258.91          1709.86        2219.86         4210.02         5378.76  
    0.106       256.76          1697.64        2210.06         4572.67         5500.00  
    0.113       264.19          1732.88        2138.46         4382.62         5265.90  
    0.119       259.44          1779.01        2112.63         4218.93         5083.50  
    0.125       254.71          1802.02        2116.99         4487.16         5078.16  
    0.131       262.36          1821.62        2180.31         4811.65         5336.31  
    0.138       277.61          1867.03        2237.52         4917.18         5500.00  
    0.144       289.12          1943.94        2296.49         4958.31         5500.00  
    0.150       292.57          1997.53        2396.99         4971.02         5500.00  
    0.156       292.94          2009.42        2500.01         4943.29         5500.00  
    0.163       292.92          2010.37        2578.01         4902.54         5500.00  
    0.169       293.04          2008.16        2639.21         4890.77         5500.00  
    0.175       293.31          2007.17        2679.67         4896.05         5500.00  
    0.181       293.52          2024.48        2695.80         4893.69         5500.00  
    0.188       291.04          2032.43        2715.81         4854.25         5500.00  
    0.194       285.21          2017.34        2746.03         4809.93         5500.00  
    0.200       279.89          2008.20        2781.00         4803.98         5500.00  
    0.206       275.55          2000.78        2828.15         4805.23         5374.54  
    0.213       272.28          1988.31        2890.82         4800.89         5334.04  
    0.219       269.92          1989.91        2952.93         4820.42         5445.12  
    0.225       267.82          1988.77        2989.23         4837.74         5500.00  
    0.231       265.45          1970.34        3019.53         4818.86         5500.00  
    0.238       264.16          1983.02        3022.61         4852.67         5500.00  
    0.244       265.79          2084.85        3022.69         4873.63         5500.00  
    0.250       269.57          2168.39        3060.25         4836.84         5500.00  
    0.256       269.44          2174.31        3037.98         4831.64         5500.00  
    0.263       268.41          2192.21        3008.65         4851.94         5500.00  
    0.269       268.68          2161.23        3015.02         4876.93         5500.00  
    0.275       270.44          2115.69        3018.98         4852.15         5345.57  
    0.281       272.72          2106.45        3032.34         4813.23         5225.79  
    0.288       274.89          2123.63        3044.70         4797.90         5221.62  
    0.294       276.23          2122.32        3038.63         4758.05         5230.86  
    0.300       275.01          2117.68        3035.58         4737.56         5222.59  
    0.306       273.01          2148.92        3032.43         4793.43         5211.39  
    0.312       271.90          2197.07        3032.13         4862.18         5384.55  
    0.319       271.46          2197.68        3042.60         4841.46         5414.90  
    0.325       270.60          2194.01        3037.94         4829.29         5331.46  
    0.331       269.39          2191.03        3040.77         4812.78         5253.54  
    0.338       266.92          2180.43        3045.34         4745.93         5206.30  
    0.344       264.90          2156.27        3038.05         4690.52         5206.81  
    0.350       262.64          2162.43        3022.38         4643.58         5219.62  
    0.356       259.97          2185.47        3012.51         4620.81         5216.72  
    0.363       255.50          2176.65        3013.14         4632.54         5193.96  
    0.369       250.22          2153.57        2998.47         4638.74         5176.91  
    0.375       246.59          2173.27        2990.78         4611.22         5167.61  
    0.381       246.21          2202.45        3017.82         4596.25         5160.96  
    0.388       246.65          2224.05        3037.78         4618.11         5243.14  
    0.394       246.14          2191.12        3044.74         4636.72         5231.13  
    0.400       246.41          2158.36        3036.64         4643.30         5177.91  
    0.406       246.30          2146.17        3034.71         4647.76         5177.26  
    0.413       241.23          2155.56        3052.81         4679.37         5177.49  
    0.419       231.66          2138.28        3024.96         4667.93         5194.81  
    0.425       220.44          2162.80        2992.70         4614.15         5222.93  
    0.431       213.17          2221.13        2999.40         4576.88         5272.94  
    0.438       209.70          2246.88        3053.82         4638.01         5420.39  
    0.444       82.67          1018.28        2618.56         3784.47         5071.03  
    0.450       0          213.37        2468.17         3067.33         4717.86  
    0.456       0          226.07        2828.83         2995.89         4631.27  
    0.463       0          232.39        3022.52         3059.91         4609.85  
    0.469       135.62          1178.94        3042.29         3595.46         4840.79  
    0.475       221.11          2174.72        3103.01         3829.96         4999.15  
    0.481       218.73          2562.71        3145.52         3882.45         4909.13  
    0.488       227.55          2558.50        3087.44         3874.80         4865.90  
    0.494       247.15          2275.27        3075.10         3750.74         4888.11  
    0.500       258.75          1853.83        3139.51         3915.16         4861.57  
    0.506       103.22          1335.32        3131.03         3789.35         4865.32  
    0.513       0          1191.30        2991.44         3347.99         4731.01  
    0.519       0          1243.70        2873.05         3190.82         4631.32  
    0.525       0          493.49        1863.52         3093.17         3786.87  
    