0.025       0          371.64        1914.22         3262.29         4220.97  
    0.031       0          373.84        1824.95         3242.47         4130.04  
    0.038       0          366.47        1860.68         3307.74         4186.28  
    0.044       168.50          1105.82        2292.24         3567.87         5009.69  
    0.050       110.54          831.50        2192.01         3322.95         4488.01  
    0.056       0          354.81        1877.00         2989.27         3927.79  
    0.062       0          373.78        1819.69         2844.93         3953.75  
    0.069       0          369.93        1844.65         2747.75         3894.32  
    0.075       0          332.88        1858.38         2708.10         3814.00  
    0.081       0          274.94        1820.24         2712.33         3817.38  
    0.088       0          253.06        1789.71         2840.32         3789.72  
    0.094       0          263.47        1802.80         2848.91         3747.47  
    0.100       177.86          1200.47        2368.48         3364.04         4705.95  
    0.106       302.38          1795.62        2724.71         3727.36         4935.10  
    0.113       312.72          1811.18        2737.12         3678.06         4736.85  
    0.119       316.49          1863.09        2752.98         3673.92         4782.05  
    0.125       331.11          1904.68        2731.19         3720.88         4932.01  
    0.131       354.23          1938.46        2720.01         3741.48         4910.99  
    0.138       368.64          1958.24        2733.53         3742.35         4534.06  
    0.144       375.63          2045.35        2771.54         3776.13         4319.14  
    0.150       378.15          2155.91        2722.77         3820.82         4151.93  
    0.156       381.50          2187.81        2676.10         3809.70         4043.63  
    0.163       384.39          2137.04        2586.75         3748.48         3989.71  
    0.169       384.04          2117.62        2560.72         3760.39         3928.78  
    0.175       384.03          2150.74        2641.89         3840.42         3907.45  
    0.181       384.93          2177.25        2712.25         3884.75         3949.73  
    0.188       385.35          2195.80        2744.20         3824.78         4081.62  
    0.194       384.96          2210.41        2763.00         3755.36         4178.63  
    0.200       382.90          2218.52        2772.76         3733.79         4077.80  
    0.206       382.90          2226.11        2773.40         3726.19         3951.27  
    0.213       382.87          2234.66        2765.54         3677.57         3962.63  
    0.219       382.01          2241.17        2764.06         3632.16         3957.98  
    0.225       383.68          2250.12        2788.80         3621.60         3954.32  
    0.231       386.09          2257.53        2805.42         3609.00         3965.34  
    0.238       386.45          2263.64        2813.12         3613.94         3962.76  
    0.244       385.73          2274.97        2859.93         3687.01         4062.77  
    0.250       384.97          2277.00        2891.23         3750.73         4107.33  
    0.256       384.49          2280.95        2891.27         3759.77         4035.46  
    0.263       380.86          2288.66        2910.23         3795.57         3953.20  
    0.269       376.52          2284.54        2905.68         3764.18         3939.09  
    0.275       375.12          2277.31        2886.01         3684.87         3983.67  
    0.281       374.26          2273.68        2880.66         3651.97         3991.47  
    0.288       374.67          2274.11        2891.77         3683.66         3969.55  
    0.294       376.68          2275.88        2899.72         3709.50         3989.57  
    0.300       375.95          2274.50        2905.48         3722.38         3987.98  
    0.306       375.12          2275.26        2922.17         3762.96         3995.40  
    0.312       376.95          2273.16        2933.02         3789.53         4050.76  
    0.319       378.81          2271.27        2927.12         3775.16         4061.64  
    0.325       381.35          2268.96        2921.36         3755.98         4069.54  
    0.331       384.64          2263.69        2917.60         3740.92         4061.18  
    0.338       386.65          2256.56        2915.98         3727.17         4035.08  
    0.344       387.03          2247.39        2911.04         3704.62         4022.95  
    0.350       386.38          2245.10        2906.49         3680.21         4004.85  
    0.356       387.17          2242.62        2914.15         3687.32         3978.60  
    0.363       388.47          2245.16        2926.11         3700.83         4022.32  
    0.369       389.26          2261.02        2931.23         3720.63         4071.97  
    0.375       391.33          2285.07        2950.92         3766.58         4238.65  
    0.381       389.51          2293.54        2966.96         3776.57         4342.42  
    0.388       383.60          2279.93        2941.74         3730.11         4185.28  
    0.394       378.20          2259.95        2906.12         3670.02         4052.86  
    0.400       375.98          2254.31        2926.77         3722.11         4093.36  
    0.406       372.20          2261.46        2962.84         3787.41         4500.17  
    0.413       367.93          2262.00        2967.76         3805.62         4805.58  
    0.419       365.27          2259.53        2978.19         3812.81         4519.60  
    0.425       361.32          2283.91        3138.47         3804.99         4063.58  
    0.431       350.93          2295.37        3100.69         3747.78         3950.82  
    0.438       336.35          2272.79        2993.08         3723.80         4017.21  
    0.444       327.19          2279.87        2979.79         3718.46         4030.82  
    0.450       323.17          2307.59        3019.86         3718.78         4052.46  
    0.456       322.12          2340.18        3062.86         3749.02         4074.10  
    0.463       323.53          2409.01        3065.50         3787.99         4935.90  
    0.469       325.85          2473.66        3165.33         3850.82         5500.00  
    0.475       327.51          2496.51        3162.05         3910.41         4870.25  
    0.481       321.74          2508.20        3202.35         3893.90         4141.82  
    0.488       311.81          2495.34        3067.50         3693.92         3945.93  
    0.494       307.01          2457.38        3158.87         3539.04         3960.39  
    0.500       121.37          1138.26        2805.94         3329.09         3938.82  
    0.506       0          268.89        2547.35         3148.65         3898.37  
    0.513       0          243.88        2602.62         3136.97         3842.68  
    0.519       0          249.94        2638.25         3112.58         3787.45  
    0.525       0          256.66        2611.12         3032.64         3756.37  
    0.531       0          268.82        2467.35         2961.42         3803.74  
    0.537       166.15          1415.89        2693.04         3426.88         4842.44  
    0.544       109.00          992.44        2518.72         3259.06         4518.04  
    0.550       138.79          1410.54        2642.91         3558.94         4855.81  
    0.556       213.23          2240.48        2876.05         3951.86         5500.00  
    