0.025       744.94          1950.33        2703.57         3852.41         5500.00  
    0.031       169.93          1121.21        2137.43         3327.05         4526.16  
    0.038       482.60          1724.85        2913.25         3924.20         5212.20  
    0.044       142.63          1651.32        2247.29         3400.19         4607.43  
    0.050       0          1491.37        2114.06         3177.97         4383.32  
    0.056       0          335.89        1634.61         2513.58         3609.07  
    0.062       0          181.62        1465.43         2273.50         3190.74  
    0.069       0          707.25        1476.35         2290.86         3295.60  
    0.075       0          575.55        1476.29         2299.11         3449.66  
    0.081       0          1111.42        1586.32         2327.90         3432.79  
    0.088       0          1357.48        1802.35         2346.18         3549.76  
    0.094       0          1451.21        1588.96         2354.44         3644.10  
    0.100       0          1190.25        1665.34         2410.32         3676.59  
    0.106       0          1437.93        1577.41         2389.02         3672.66  
    0.113       0          1434.66        1961.04         2429.65         3654.16  
    0.119       0          320.45        1572.76         2212.25         2728.02  
    0.125       0          0        1433.33         2150.82         2463.36  
    0.131       0          0        1430.10         2110.23         2497.90  
    0.138       251.71          1320.64        2078.91         2424.50         3377.01  
    0.144       362.03          1661.78        2402.34         2548.04         3618.55  
    0.150       381.09          1625.59        2427.17         2656.34         3603.22  
    0.156       386.64          1686.98        2404.10         2574.85         3606.11  
    0.163       390.11          1828.74        2415.50         2508.06         3596.07  
    0.169       389.73          1909.36        2401.77         2561.58         3599.35  
    0.175       386.63          1935.88        2401.41         2674.50         3597.77  
    0.181       384.00          1967.17        2405.27         2887.71         3602.21  
    0.188       381.74          1950.59        2403.18         3162.61         3595.49  
    0.194       375.07          1962.10        2399.66         3449.34         3607.31  
    0.200       366.32          1994.20        2417.67         3505.56         4149.78  
    0.206       347.55          2032.06        2457.63         3513.21         4683.04  
    0.213       321.76          2049.56        2531.72         3528.06         4882.38  
    0.219       300.14          2055.68        2648.83         3542.76         4591.64  
    0.225       288.30          2065.01        2753.43         3560.21         4159.29  
    0.231       283.24          2075.24        2820.15         3570.59         4170.10  
    0.238       280.36          2078.88        2872.93         3580.72         4350.37  
    0.244       280.92          2077.49        2912.29         3560.60         4674.64  
    0.250       279.28          2106.71        2946.71         3567.00         5330.64  
    0.256       279.40          2128.32        2962.56         3562.16         5500.00  
    0.263       278.61          2110.80        2992.14         3566.69         5500.00  
    0.269       278.24          2094.59        3016.89         3598.09         5500.00  
    0.275       279.83          2095.31        3029.31         3605.49         5500.00  
    0.281       280.70          2096.09        3017.95         3561.92         5500.00  
    0.288       282.97          2104.57        3042.09         3568.81         5500.00  
    0.294       283.74          2113.23        3078.06         3592.63         5500.00  
    0.300       285.54          2113.62        3070.20         3600.29         5500.00  
    0.306       286.81          2096.35        3058.88         3598.88         5500.00  
    0.312       288.43          2092.86        3057.65         3563.47         5500.00  
    0.319       291.36          2106.48        3060.14         3538.10         5399.32  
    0.325       295.32          2114.51        3045.16         3538.15         5315.81  
    0.331       296.81          2119.75        3015.28         3537.55         5292.36  
    0.338       300.74          2118.51        3039.79         3557.91         5295.40  
    0.344       301.58          2100.37        3065.71         3573.99         5354.68  
    0.350       296.15          2084.47        3064.17         3573.59         5346.98  
    0.356       286.45          2081.77        3061.70         3535.36         5306.57  
    0.363       278.45          2083.93        3060.13         3482.03         5301.63  
    0.369       258.34          2094.48        3086.68         3514.82         5300.02  
    0.375       284.80          2101.61        3112.34         3552.03         5308.34  
    0.381       309.18          2108.64        3109.42         3562.28         5282.30  
    0.388       316.59          2113.30        3110.54         3566.68         5262.31  
    0.394       313.73          2125.95        3089.14         3553.63         5275.78  
    0.400       310.44          2133.20        3047.98         3508.63         5272.21  
    0.406       305.24          2132.26        3007.02         3497.93         5288.34  
    0.413       302.21          2119.81        3000.02         3460.81         5282.16  
    0.419       296.39          2086.78        3024.90         3495.55         5268.08  
    0.425       288.08          2069.39        3029.16         3528.72         5307.16  
    0.431       282.28          2075.08        3021.16         3547.50         5458.86  
    0.438       281.99          2083.91        3020.83         3571.46         5500.00  
    0.444       276.70          2087.94        3027.09         3588.21         5453.52  
    0.450       272.20          2094.74        3025.07         3589.39         5486.26  
    0.456       283.89          2104.32        3016.74         3553.28         5363.64  
    0.463       290.99          2112.03        3010.82         3564.66         5297.66  
    0.469       287.38          2129.81        3041.39         3587.24         5360.28  
    0.475       279.73          2144.84        3045.96         3594.23         5472.86  
    0.481       252.58          2144.80        3096.01         3612.86         5500.00  
    0.488       227.86          2143.02        3128.07         3632.03         5500.00  
    0.494       258.11          2143.94        3098.86         3654.27         5500.00  
    0.500       295.13          2144.80        3051.79         3711.14         5500.00  
    0.506       306.19          2150.99        3062.89         3726.20         5500.00  
    0.513       297.13          2168.63        3079.64         3685.48         5500.00  
    0.519       281.25          2192.65        3073.40         3669.63         5392.74  
    0.525       268.94          2202.92        3196.28         3677.07         5346.95  
    0.531       299.12          2205.55        3563.56         4006.42         5464.14  
    0.537       285.46          2243.49        3109.71         3783.50         5087.52  
    0.544       275.26          2247.55        2633.20         3703.81         4495.61  
    0.550       267.82          2251.25        2322.45         3712.47         4296.32  
    0.556       255.32          1927.18        2313.00         3717.67         4319.55  
    0.562       57.53          606.88        2380.95         3737.19         4191.03  
    0.569       0          241.00        2336.39         3246.86         3858.88  
    0.575       0          227.14        2244.10         2909.94         3769.11  
    0.581       165.92          1780.88        2579.24         3535.92         5104.89  
    0.588       213.17          2274.47        2630.91         3746.42         5500.00  
    0.594       210.07          2232.18        2853.46         3771.67         5500.00  
    0.600       208.47          2211.44        2869.83         3796.46         5500.00  
    0.606       206.71          2175.77        2658.83         3803.07         4916.37  
    0.613       208.69          2218.25        2484.28         3793.75         4813.15  
    