0.025       0          337.84        1894.95         3058.68         3880.57  
    0.031       0          367.86        1816.70         2925.42         3976.22  
    0.038       0          372.24        1806.61         2783.63         3926.99  
    0.044       0          362.13        1841.20         2700.71         3851.51  
    0.050       0          299.15        1824.39         2641.66         3777.61  
    0.056       0          253.57        1774.00         2597.63         3802.32  
    0.062       229.63          1645.03        2249.52         3607.78         5333.65  
    0.069       25.00          429.18        1866.01         2719.05         3912.58  
    0.075       280.31          1670.81        2547.24         3679.87         4198.55  
    0.081       310.86          1783.36        2556.62         3795.41         4220.66  
    0.088       290.95          1823.59        2579.63         3720.59         4407.38  
    0.094       192.69          1861.10        2600.40         3748.59         4327.63  
    0.100       311.34          1883.66        2547.39         3782.52         4292.95  
    0.106       379.44          1904.68        2520.65         3740.87         4115.52  
    0.113       394.15          1910.52        2545.46         3704.62         4066.09  
    0.119       398.08          1980.00        2601.34         3698.81         4055.06  
    0.125       398.53          2071.96        2550.25         3702.92         4034.34  
    0.131       401.28          2104.31        2520.37         3680.01         4014.21  
    0.138       402.30          2058.13        2453.44         3676.65         4011.23  
    0.144       401.69          2071.48        2475.14         3677.94         3992.56  
    0.150       402.88          2106.23        2518.59         3648.83         3992.47  
    0.156       404.10          2132.29        2560.57         3621.95         3950.97  
    0.163       405.55          2160.44        2591.34         3609.20         3976.75  
    0.169       408.03          2182.26        2631.73         3595.94         3992.16  
    0.175       410.90          2193.33        2656.40         3553.86         3897.26  
    0.181       415.85          2207.53        2679.19         3552.95         3910.40  
    0.188       415.81          2225.98        2706.19         3577.97         3959.24  
    0.194       418.18          2232.88        2713.59         3558.49         3930.44  
    0.200       422.91          2241.51        2733.39         3552.84         3949.34  
    0.206       423.46          2250.11        2761.94         3568.57         3954.51  
    0.213       423.48          2255.32        2767.96         3569.14         3941.21  
    0.219       422.56          2255.63        2770.20         3579.24         3908.96  
    0.225       422.22          2252.54        2777.53         3582.91         3934.45  
    0.231       420.19          2265.28        2788.41         3589.82         3962.42  
    0.238       414.53          2267.48        2790.64         3593.72         3934.94  
    0.244       413.07          2263.96        2809.63         3608.51         3955.17  
    0.250       412.69          2264.81        2830.78         3616.70         3989.83  
    0.256       409.51          2264.59        2846.78         3623.67         3971.81  
    0.263       409.58          2264.20        2855.74         3631.45         3957.54  
    0.269       411.43          2263.96        2851.09         3638.87         3987.80  
    0.275       408.19          2259.36        2846.82         3633.97         3962.18  
    0.281       406.39          2256.33        2845.33         3642.60         3955.48  
    0.288       408.06          2250.44        2846.30         3657.42         3970.20  
    0.294       409.33          2254.89        2857.63         3650.86         3980.95  
    0.300       413.15          2250.16        2857.34         3636.87         3978.50  
    0.306       417.51          2244.84        2853.60         3613.53         3972.57  
    0.312       419.88          2237.74        2855.05         3600.02         3960.23  
    0.319       421.23          2232.88        2865.71         3594.95         3968.35  
    0.325       421.90          2235.22        2865.33         3574.30         3953.44  
    0.331       420.68          2227.08        2864.28         3549.46         3921.51  
    0.338       417.59          2232.07        2873.76         3564.57         3948.42  
    0.344       418.38          2245.53        2859.53         3557.39         3945.44  
    0.350       418.62          2267.10        2860.23         3567.38         3917.84  
    0.356       414.13          2268.47        2856.48         3588.30         3924.75  
    0.363       408.96          2255.34        2842.00         3588.41         3965.22  
    0.369       405.18          2242.95        2843.48         3560.34         3974.74  
    0.375       403.46          2242.30        2850.36         3545.84         3897.92  
    0.381       397.39          2250.25        2892.81         3594.46         3862.20  
    0.388       392.89          2238.75        2853.96         3646.01         3900.29  
    0.394       388.07          2208.27        2767.94         3645.20         4018.03  
    0.400       380.88          2217.95        2776.76         3641.15         4003.60  
    0.406       369.46          2249.26        2905.45         3657.72         4001.92  
    0.413       355.07          2234.73        2941.66         3671.74         4012.71  
    0.419       349.69          2269.72        2948.85         3662.94         4000.34  
    0.425       347.39          2279.30        2961.15         3650.98         4000.99  
    0.431       347.98          2291.85        2918.28         3644.00         3960.30  
    0.438       350.16          2339.44        2975.43         3734.46         4043.22  
    0.444       350.01          2367.77        3025.30         3778.07         4046.22  
    0.450       347.19          2360.48        2957.17         3738.29         4052.76  
    0.456       336.98          2348.05        2922.41         3688.52         4028.62  
    0.463       328.84          2313.70        2927.69         3713.02         4040.91  
    0.469       324.03          2330.52        2866.81         3704.76         4035.58  
    0.475       298.21          2342.68        2886.50         3722.16         4029.05  
    0.481       262.36          2352.62        2957.35         3809.10         4148.63  
    0.488       244.08          2392.52        3043.62         3799.69         5158.43  
    0.494       23.81          481.48        2440.77         3152.93         3932.42  
    0.500       0          270.29        2359.70         3172.76         3811.82  
    0.506       0          292.94        2326.88         3076.79         3841.61  
    0.513       252.28          2103.07        2938.02         3714.36         5337.46  
    0.519       27.47          431.10        2391.88         3053.43         4021.54  
    