0.025       257.42          1932.85        2482.58         2979.89         4648.88  
    0.031       295.82          1900.77        2435.75         2644.84         4816.57  
    0.038       316.49          1858.51        2391.56         2538.90         5074.86  
    0.044       320.54          1840.41        2344.68         2534.88         4305.29  
    0.050       318.29          1828.17        2322.64         2529.24         3832.92  
    0.056       311.03          1826.75        2354.81         2530.32         3843.17  
    0.062       307.27          1835.32        2421.73         2552.46         4105.71  
    0.069       316.06          1832.77        2419.02         2571.31         4283.87  
    0.075       321.41          1832.25        2400.82         2576.60         4306.17  
    0.081       320.39          1845.78        2432.77         2574.74         4232.99  
    0.088       322.06          1853.39        2484.61         2569.60         4343.14  
    0.094       325.55          1863.22        2505.28         2598.80         4322.94  
    0.100       328.27          1874.30        2517.14         2642.27         4127.86  
    0.106       331.66          1886.94        2527.37         2656.58         4096.59  
    0.113       333.97          1913.57        2537.11         2659.74         4035.43  
    0.119       335.97          1938.79        2540.54         2732.93         3918.87  
    0.125       339.15          1959.31        2543.87         2762.50         3783.31  
    0.131       344.15          1988.34        2544.30         3049.65         3761.08  
    0.138       349.80          2020.78        2548.83         3376.48         3895.20  
    0.144       355.20          2052.48        2569.82         3510.13         4235.78  
    0.150       357.47          2076.66        2586.38         3547.18         4760.84  
    0.156       357.64          2096.46        2592.69         3543.33         5178.60  
    0.163       356.41          2118.94        2592.54         3540.22         5105.54  
    0.169       351.92          2153.82        2593.61         3512.48         4791.95  
    0.175       343.65          2184.65        2599.88         3503.11         4772.44  
    0.181       337.71          2216.85        2636.84         3549.27         4900.50  
    0.188       332.97          2249.62        2681.69         3640.14         4826.63  
    0.194       330.97          2270.69        2717.56         3653.98         4831.19  
    0.200       331.79          2288.47        2743.50         3636.92         4891.50  
    0.206       329.02          2299.41        2750.26         3628.45         4833.13  
    0.213       325.80          2313.61        2784.08         3644.73         4793.59  
    0.219       321.19          2331.54        2801.03         3671.69         4782.47  
    0.225       319.50          2354.41        2780.30         3661.67         4821.43  
    0.231       319.43          2369.75        2782.54         3664.13         4866.19  
    0.238       317.71          2379.50        2855.74         3664.14         4906.13  
    0.244       312.31          2386.17        2912.26         3685.72         4904.83  
    0.250       306.33          2391.14        2953.60         3693.89         4885.18  
    0.256       305.32          2394.73        2944.22         3681.06         4876.36  
    0.263       302.35          2396.14        2841.37         3658.84         4849.03  
    0.269       298.90          2394.71        2782.39         3653.42         4818.34  
    0.275       295.05          2396.23        2840.85         3645.38         4889.68  
    0.281       291.61          2393.98        2848.53         3651.35         4893.86  
    0.288       288.44          2396.11        2848.52         3644.72         4813.52  
    0.294       284.27          2401.82        2888.08         3647.92         4778.43  
    0.300       282.54          2417.65        3020.02         3653.56         4809.69  
    0.306       281.96          2438.90        3146.14         3660.91         4836.56  
    0.312       277.66          2448.68        3189.13         3628.36         4816.20  
    0.319       272.44          2474.08        3304.94         3630.35         4790.73  
    0.325       272.00          2463.35        3259.47         3665.52         4779.08  
    0.331       281.15          2429.20        3135.52         3666.53         4789.38  
    0.338       289.58          2432.03        3177.92         3746.33         4793.45  
    0.344       291.45          2438.12        3226.99         3750.76         4751.86  
    0.350       291.88          2443.46        3264.61         3781.27         4732.24  
    0.356       293.22          2450.99        3253.23         3887.02         4757.17  
    0.363       295.06          2456.53        3194.68         3841.99         4863.54  
    0.369       295.85          2462.82        3190.35         3945.57         4880.04  
    0.375       295.78          2465.26        3214.32         3979.24         4812.79  
    0.381       295.12          2460.00        3211.14         3834.21         4796.98  
    0.388       295.15          2455.18        3184.48         3715.86         4895.55  
    0.394       295.39          2464.85        3202.34         3690.13         4927.45  
    0.400       295.99          2459.93        3193.26         3833.72         4847.54  
    0.406       295.78          2443.24        3163.69         3903.00         4775.25  
    0.413       294.87          2455.28        3086.95         3831.32         4659.80  
    0.419       294.90          2446.47        2905.97         3778.34         4596.01  
    0.425       293.88          2382.07        2724.15         3649.73         4581.73  
    0.431       288.85          2369.82        2675.07         3548.57         4588.68  
    0.438       282.98          2418.51        2726.01         3534.78         4598.09  
    0.444       287.38          2439.53        2815.46         3598.68         4543.05  
    0.450       296.41          2459.94        2858.92         3391.61         4438.72  
    0.456       288.75          2386.13        2599.11         3610.06         4519.73  
    0.463       240.97          2207.47        2567.84         3634.87         4684.04  
    0.469       136.25          2234.30        2479.23         3502.43         4674.97  
    