0.025       683.44          2041.16        2978.97         4364.64         5500.00  
    0.031       843.93          2017.05        2883.23         3960.33         5500.00  
    0.038       67.09          1028.97        2163.90         3004.47         4537.39  
    0.044       641.17          1910.40        2906.72         3640.89         4811.81  
    0.050       329.85          1898.05        2917.34         3677.56         4759.59  
    0.056       23.38          147.86        2154.08         2973.50         4589.86  
    0.062       0          194.34        2152.29         2939.73         4512.57  
    0.069       0          228.22        2281.14         2951.74         4503.91  
    0.075       0          244.61        2365.24         2940.99         4319.43  
    0.081       0          307.82        2187.49         2924.55         4086.73  
    0.088       0          332.18        1999.51         2951.17         4004.83  
    0.094       0          317.00        1854.96         2988.17         3998.58  
    0.100       0          324.55        1869.63         2997.28         3963.98  
    0.106       0          324.49        2032.00         3044.99         3907.06  
    0.113       0          311.04        2366.80         3194.43         3771.43  
    0.119       0          297.56        2077.13         3278.59         3804.83  
    0.125       278.98          1750.71        3205.31         3754.70         5367.68  
    0.131       293.93          1859.69        3299.69         3762.48         5500.00  
    0.138       284.20          1878.43        3323.92         3823.35         5500.00  
    0.144       290.19          2032.60        3308.40         3822.42         5500.00  
    0.150       298.82          2200.35        3344.42         3799.17         5500.00  
    0.156       302.06          2201.14        3302.15         3817.04         5500.00  
    0.163       310.77          2256.91        3281.27         3877.59         4777.88  
    0.169       317.66          2314.23        2901.02         3935.91         4145.48  
    0.175       318.63          2149.97        2706.14         3947.07         4406.88  
    0.181       318.22          2208.51        2662.19         3977.38         4613.24  
    0.188       316.73          2151.45        2677.33         3933.28         4663.16  
    0.194       316.21          2166.34        2690.93         3974.75         4609.17  
    0.200       314.72          2256.21        2717.73         3998.16         4609.50  
    0.206       313.06          2276.95        2733.01         3947.60         4654.48  
    0.213       311.84          2144.95        2748.60         3900.60         4690.89  
    0.219       310.93          2241.59        2720.28         3945.72         4695.17  
    0.225       309.87          2286.46        2714.62         4034.50         4732.97  
    0.231       308.33          2153.83        2728.73         4019.53         4737.93  
    0.238       307.48          2214.16        2710.63         3976.48         4804.86  
    0.244       306.23          2481.87        2772.72         4032.61         5446.06  
    0.250       304.83          2154.59        2793.29         4018.09         5500.00  
    0.256       303.50          1985.16        2749.98         3921.67         4829.98  
    0.263       301.12          2153.81        2746.51         3950.46         4809.20  
    0.269       299.69          2282.97        2731.53         4020.69         4862.85  
    0.275       298.53          2466.01        2697.20         4054.02         4984.57  
    0.281       299.51          2303.00        2683.53         4011.30         4861.26  
    0.288       300.17          2029.89        2697.08         4038.46         4777.49  
    0.294       299.72          2066.97        2650.84         3984.26         4962.08  
    0.300       298.43          2092.43        2652.79         3969.02         4982.26  
    0.306       300.54          2147.98        2702.08         4024.02         4711.98  
    0.312       300.45          2037.50        2766.03         3911.87         4663.02  
    0.319       298.61          2109.42        2733.48         3885.20         4717.77  
    0.325       298.76          2160.07        2788.90         3943.51         4680.27  
    0.331       296.69          2273.68        2782.23         3966.03         4864.75  
    0.338       298.28          2103.84        2743.23         3901.64         4879.67  
    0.344       297.19          2144.69        2743.93         3933.34         4880.85  
    0.350       299.90          2236.56        2711.00         3970.43         5024.93  
    0.356       300.54          2543.31        2885.90         3968.11         5463.79  
    0.363       299.99          2502.11        3285.10         4021.13         5500.00  
    0.369       301.10          2277.68        2915.54         4043.62         4996.57  
    0.375       303.99          2303.23        2839.55         4025.70         5169.87  
    0.381       308.32          2187.78        2841.46         3996.84         4999.28  
    0.388       310.12          2135.61        2891.98         3991.31         4890.70  
    0.394       313.30          2232.49        3090.45         4012.60         5082.79  
    0.400       316.64          2243.10        3148.57         3999.00         4877.05  
    0.406       318.55          2268.49        3202.51         3974.20         4688.53  
    0.413       313.66          2314.80        3245.53         3956.32         4853.25  
    0.419       301.55          2592.25        2924.10         3945.83         4794.98  
    0.425       23.51          478.81        2758.10         3914.18         4671.06  
    0.431       263.21          1659.64        2791.21         3974.35         4823.01  
    0.438       286.91          2130.98        2816.88         3962.24         5002.64  
    0.444       292.41          2313.00        2901.47         3895.49         5462.19  
    0.450       22.91          457.35        2367.50         3807.83         4441.46  
    0.456       0          298.23        2342.43         3820.86         4271.17  
    0.463       0          295.89        2304.92         3839.56         4531.45  
    0.469       0          308.64        2253.66         3840.96         4620.45  
    0.475       0          275.14        2269.90         3807.01         4657.24  
    0.481       0          247.69        2280.01         3806.85         4597.09  
    0.488       222.11          2136.91        3780.68         4597.92         5428.95  
    0.494       240.44          2411.63        3287.50         4025.50         4806.91  
    0.500       245.87          2806.28        2927.78         3926.07         4743.95  
    0.506       246.42          2314.23        2857.80         3920.68         4840.22  
    0.513       251.25          2224.81        2908.75         4055.62         4906.47  
    0.519       259.82          2194.20        2859.25         4009.25         4893.76  
    0.525       260.35          2011.38        2825.75         3934.34         4991.86  
    0.531       260.82          2238.11        2895.21         4259.38         4642.80  
    0.537       258.96          2115.58        2818.21         3998.62         4745.53  
    0.544       255.35          2031.38        2946.86         3987.70         4725.00  
    0.550       265.10          1982.43        2959.92         4338.08         4512.81  
    0.556       252.45          1946.97        2951.76         4229.44         5421.38  
    0.562       235.19          1964.79        2944.84         4182.35         5500.00  
    0.569       18.29          379.89        2140.75         3049.75         4346.68  
    