0.025       0          693.13        1922.53         3151.96         5392.76  
    0.031       0          726.11        1923.10         3169.74         5363.10  
    0.038       90.03          1469.41        2646.94         3215.06         5375.12  
    0.044       170.41          1948.18        3136.43         3994.62         5367.98  
    0.050       73.08          911.75        2418.21         3707.85         5212.14  
    0.056       0          280.59        1976.68         3095.20         5041.09  
    0.062       0          331.09        1973.42         2753.31         4920.50  
    0.069       0          356.12        1950.10         2622.91         4846.41  
    0.075       0          368.36        1935.47         2815.12         4947.98  
    0.081       204.27          365.47        1930.59         3074.83         5110.04  
    0.088       342.80          1137.08        1925.14         3340.31         5165.74  
    0.094       334.67          1624.86        1881.08         3426.44         5171.44  
    0.100       310.09          1715.65        1887.87         3495.77         5172.79  
    0.106       118.40          872.86        1791.44         3213.31         4853.19  
    0.113       0          280.59        1718.73         3189.35         4638.17  
    0.119       0          288.37        1753.63         3935.96         4823.23  
    0.125       0          286.88        1798.22         3988.02         4985.58  
    0.131       169.45          1219.78        2076.57         4162.58         5031.53  
    0.138       287.50          1847.77        2413.96         4660.11         5319.73  
    0.144       300.59          1902.79        2563.36         4887.95         5500.00  
    0.150       310.59          1978.59        2688.33         4624.18         5217.20  
    0.156       312.38          2025.92        2782.56         4278.06         5042.01  
    0.163       310.72          2044.28        2802.57         4604.03         5049.91  
    0.169       309.04          2056.10        2819.64         4942.63         5321.86  
    0.175       307.51          2061.12        2839.94         4839.31         5214.74  
    0.181       306.40          2061.37        2852.73         4876.61         5036.42  
    0.188       305.77          2075.96        2872.47         5033.05         5318.59  
    0.194       304.18          2102.83        2913.22         4963.65         5500.00  
    0.200       120.20          1018.83        2441.39         3741.59         5085.51  
    0.206       0          297.72        2100.93         3043.85         4830.28  
    0.213       0          294.88        2073.88         3108.33         4849.39  
    0.219       0          293.36        2112.10         3131.47         4847.47  
    0.225       0          293.20        2264.66         3160.31         4857.62  
    0.231       0          292.20        2347.40         3179.26         4889.05  
    0.238       0          291.57        2421.93         3204.58         4865.25  
    0.244       0          292.42        2564.62         3235.11         4883.78  
    0.250       0          293.33        2640.87         3242.13         4898.09  
    0.256       0          294.74        2631.21         3265.94         4844.32  
    0.263       0          294.46        2652.23         3265.32         4831.50  
    0.269       0          294.23        2683.86         3242.75         4849.51  
    0.275       0          293.94        2702.50         3228.01         4877.09  
    0.281       0          294.69        2769.62         3193.89         4881.27  
    0.288       0          296.05        2782.41         3177.18         4867.31  
    0.294       0          297.14        2782.80         3189.52         4867.19  
    0.300       0          298.06        2846.72         3162.34         4846.46  
    0.306       0          297.49        2886.45         3132.45         4823.20  
    0.312       0          296.09        2848.31         3144.56         4836.71  
    0.319       0          295.64        2804.14         3167.76         4838.90  
    0.325       0          295.38        2761.96         3188.86         4812.17  
    0.331       0          294.56        2742.68         3198.73         4807.67  
    0.338       0          293.57        2767.23         3202.05         4823.85  
    0.344       0          291.31        2833.03         3183.57         4842.40  
    0.350       0          289.44        2880.85         3135.74         4857.26  
    0.356       0          288.28        2963.03         3086.93         4847.73  
    0.363       0          287.88        2946.10         3090.77         4831.51  
    0.369       0          286.77        2847.71         3116.38         4844.32  
    0.375       0          285.39        2794.79         3104.85         4857.43  
    0.381       0          285.52        2813.84         3094.19         4820.13  
    0.388       0          288.54        2854.15         3147.18         4776.69  
    0.394       0          291.84        2864.71         3211.00         4741.07  
    0.400       0          291.50        2871.37         3221.58         4731.28  
    0.406       0          291.91        2923.10         3218.53         4755.56  
    0.413       0          292.46        2967.53         3189.56         4790.12  
    0.419       0          288.90        2888.49         3207.48         4820.91  
    0.425       0          279.91        2785.27         3171.42         4823.79  
    0.431       0          266.34        2654.87         3102.52         4770.39  
    0.438       0          256.17        2565.41         3094.96         4714.69  
    0.444       0          251.52        2524.52         3134.99         4720.43  
    0.450       0          255.37        2587.95         3197.11         4784.50  
    0.456       0          268.78        2761.91         3145.12         4756.24  
    0.463       0          295.99        2923.55         3140.38         4638.54  
    0.469       0          298.64        3005.54         3279.74         4618.88  
    0.475       147.99          913.88        3031.38         3585.40         4819.66  
    0.481       235.08          1551.24        3058.76         3682.30         4960.77  
    0.488       224.58          2031.17        3089.20         3664.14         4888.91  
    0.494       232.19          2164.73        3065.76         3712.37         4838.60  
    0.500       258.23          1943.68        3057.58         3676.51         4861.33  
    0.506       276.23          1673.80        3125.48         3773.69         4871.14  
    0.513       110.86          621.67        1950.95         3402.50         4068.58  
    0.519       0          758.97        2219.20         3158.30         4225.79  
    0.525       0          1260.02        2889.53         3203.48         4676.58  
    