0.025       558.59          1929.47        3187.34         4395.93         4872.09  
    0.031       527.77          1902.61        3692.70         4378.79         4923.60  
    0.038       491.71          2065.90        4167.29         4320.77         4908.51  
    0.044       359.13          2232.82        4281.47         4490.77         4889.35  
    0.050       271.42          2276.80        4119.04         4375.80         4873.39  
    0.056       253.61          2261.34        4147.37         4231.00         4828.75  
    0.062       260.59          2247.62        4147.48         4218.89         4829.63  
    0.069       272.34          2240.46        3999.22         4287.33         4830.12  
    0.075       281.63          2238.16        3942.56         4283.11         4800.95  
    0.081       284.23          2253.33        3927.26         4294.34         4793.86  
    0.088       281.08          2251.71        3915.68         4279.25         4765.02  
    0.094       278.51          2245.72        3887.43         4251.40         4702.13  
    0.100       276.54          2240.36        3886.86         4259.94         4721.82  
    0.106       277.37          2242.80        3869.40         4276.11         4749.26  
    0.113       277.07          2247.34        3865.54         4262.77         4754.74  
    0.119       283.67          2245.02        3882.09         4235.25         4751.26  
    0.125       287.36          2244.93        3868.03         4236.54         4767.67  
    0.131       282.76          2240.22        3868.89         4228.66         4765.00  
    0.138       275.52          2236.12        3892.11         4208.50         4735.24  
    0.144       276.38          2235.19        3938.04         4192.78         4717.34  
    0.150       276.41          2230.30        3914.83         4211.10         4740.18  
    0.156       280.20          2229.00        3906.44         4227.28         4800.87  
    0.163       281.61          2227.38        3894.46         4225.05         4828.83  
    0.169       283.97          2230.79        3865.90         4224.60         4789.75  
    0.175       282.40          2239.63        3908.35         4208.85         4751.96  
    0.181       288.56          2231.18        3889.87         4188.75         4750.86  
    0.188       297.51          2221.87        3865.22         4170.04         4732.41  
    0.194       301.49          2220.45        3852.01         4136.46         4702.17  
    0.200       304.30          2226.97        3843.70         4163.65         4742.55  
    0.206       313.54          2257.41        3924.38         4116.42         4779.38  
    0.213       318.84          2277.64        4005.16         4218.64         4755.28  
    0.219       316.48          2279.56        4012.90         4283.53         4819.05  
    0.225       316.44          2268.71        3961.42         4288.31         4900.68  
    0.231       310.69          2258.55        3956.41         4289.54         5029.21  
    0.238       296.60          2253.20        3998.84         4297.44         4846.42  
    0.244       285.18          2248.63        4005.50         4263.87         4750.62  
    0.250       290.56          2235.83        4028.33         4250.09         4674.72  
    0.256       295.80          2221.77        4052.50         4220.01         4628.03  
    0.263       292.70          2200.79        3987.05         4249.12         4787.47  
    0.269       291.03          2190.17        3950.50         4305.33         5177.38  
    0.275       296.98          2192.43        3926.99         4283.69         5115.26  
    0.281       298.38          2201.27        3923.44         4212.40         4920.40  
    0.288       296.95          2207.09        3919.46         4172.52         4854.06  
    0.294       297.27          2207.82        3934.31         4174.64         4807.34  
    0.300       299.08          2211.00        3932.74         4169.83         4874.67  
    0.306       300.03          2220.75        3930.74         4152.31         4944.28  
    0.312       302.41          2217.07        4004.46         4119.38         4984.79  
    0.319       304.29          2202.89        3992.34         4145.49         4989.07  
    0.325       296.46          2205.37        3914.19         4221.85         4966.87  
    0.331       293.02          2209.17        3912.46         4262.70         4958.00  
    0.338       297.09          2206.05        3955.99         4254.08         4919.24  
    0.344       300.12          2207.24        3973.82         4207.33         4843.49  
    0.350       300.25          2214.33        3972.43         4208.88         4844.11  
    0.356       303.63          2215.57        4063.92         4153.10         4878.84  
    0.363       303.71          2219.63        4104.79         4157.49         4847.46  
    0.369       306.25          2225.44        3992.79         4185.13         4887.03  
    0.375       306.46          2228.76        3936.88         4201.32         4931.44  
    0.381       308.86          2232.94        3984.55         4168.34         4917.47  
    0.388       307.98          2238.66        4002.46         4159.27         4930.50  
    0.394       305.90          2246.74        3951.83         4172.17         4971.57  
    0.400       305.22          2257.17        3925.61         4186.27         5042.21  
    0.406       303.99          2269.39        3940.65         4232.96         5148.08  
    0.413       295.19          2281.98        3945.67         4244.48         5075.15  
    0.419       287.78          2271.05        3988.77         4193.96         4886.79  
    0.425       282.00          2241.32        3973.02         4205.61         4895.49  
    0.431       266.49          2235.84        3941.52         4251.43         4961.65  
    0.438       253.47          2247.29        3927.05         4259.02         4973.68  
    0.444       243.65          2253.48        3957.26         4232.80         5084.97  
    0.450       240.23          2229.03        3960.25         4176.94         5061.19  
    0.456       240.54          2227.42        3972.00         4189.04         4845.72  
    0.463       239.95          2251.23        3971.38         4315.98         4656.36  
    0.469       239.06          2250.16        4037.40         4151.32         4571.14  
    0.475       239.10          2244.85        4066.83         4201.50         4490.19  
    0.481       237.79          2273.56        4002.88         4411.90         4635.94  
    0.488       238.07          2295.99        4011.28         4508.16         4767.77  
    0.494       244.66          2297.33        4007.21         4442.28         4880.21  
    0.500       265.09          2313.10        3983.30         4317.90         4896.47  
    0.506       277.65          2319.83        4006.24         4277.38         4769.62  
    0.513       279.81          2276.45        3971.51         4332.26         4738.12  
    0.519       292.47          2212.66        3782.73         4469.29         4782.50  
    0.525       293.31          2193.43        3746.69         4440.34         4735.89  
    0.531       273.09          2154.62        3775.28         4148.38         4661.16  
    