0.025       360.42          2543.81        2914.11         4168.49         4585.45  
    0.031       288.64          2535.72        3038.99         4131.03         4607.64  
    0.038       280.02          2524.98        3146.80         4072.58         4508.33  
    0.044       287.61          2534.97        3111.33         4043.10         4407.49  
    0.050       286.73          2562.63        3087.35         4026.17         4395.62  
    0.056       292.34          2572.50        3325.90         3906.07         4362.24  
    0.062       300.50          2567.48        3505.41         3945.46         4469.05  
    0.069       294.76          2557.25        3445.68         3909.48         4532.37  
    0.075       297.02          2576.68        3157.89         3923.77         4698.11  
    0.081       297.00          2577.39        3166.78         3889.02         4768.99  
    0.088       289.08          2573.57        3161.21         3869.46         4829.86  
    0.094       288.76          2558.93        3164.66         3859.91         4856.71  
    0.100       293.92          2567.72        3268.42         3840.79         4818.75  
    0.106       299.09          2598.34        3308.29         3789.45         4791.00  
    0.113       300.33          2615.91        3246.81         3849.90         4785.73  
    0.119       303.27          2613.86        3196.64         3867.68         4807.30  
    0.125       307.51          2610.73        3319.06         3929.50         4813.42  
    0.131       304.41          2619.06        3411.63         3837.38         4861.70  
    0.138       301.76          2610.50        3501.02         3871.78         4811.52  
    0.144       299.69          2609.99        3456.99         3984.83         4852.04  
    0.150       299.95          2599.77        3444.60         3996.05         4877.03  
    0.156       300.97          2582.98        3379.85         3896.15         4881.01  
    0.163       293.65          2563.59        3394.16         3845.95         4808.20  
    0.169       287.80          2582.96        3511.86         3910.12         4729.62  
    0.175       280.95          2586.12        3476.31         3910.71         4775.16  
    0.181       276.95          2594.67        3408.26         3904.81         4781.88  
    0.188       276.23          2599.92        3389.70         3853.78         4786.51  
    0.194       266.89          2613.40        3458.59         3873.90         4726.07  
    0.200       259.81          2597.68        3421.68         3890.37         4700.98  
    0.206       257.54          2599.31        3406.22         3905.35         4726.70  
    0.213       261.70          2591.78        3302.56         3860.84         4833.69  
    0.219       263.83          2587.41        3253.63         3827.92         4949.27  
    0.225       261.29          2595.23        3290.86         3872.29         4961.54  
    0.231       261.87          2595.88        3268.12         3895.37         4856.34  
    0.238       264.69          2601.85        3170.50         3962.86         4723.46  
    0.244       273.12          2594.08        3143.72         3980.23         4904.68  
    0.250       275.30          2590.80        3197.67         4079.40         4958.45  
    0.256       279.51          2603.45        3135.43         4129.08         5002.33  
    0.263       273.17          2581.49        3247.73         4097.33         4961.07  
    0.269       279.94          2592.10        3509.23         4056.94         4899.33  
    0.275       261.70          2582.24        3133.85         4084.67         4945.37  
    0.281       267.68          2599.05        3240.60         4049.03         4757.60  
    