0.025       361.00          1823.13        3200.59         3701.88         5500.00  
    0.031       268.74          2355.55        3208.81         3706.40         5500.00  
    0.038       224.33          2666.81        3200.89         3704.35         5011.68  
    0.044       235.98          2572.81        3175.12         3692.70         4109.88  
    0.050       248.48          2616.18        3159.78         3705.74         3798.97  
    0.056       249.44          2598.13        3156.59         3692.89         3836.77  
    0.062       243.82          2589.95        3168.88         3670.66         3919.59  
    0.069       240.24          2668.08        3179.56         3664.33         4989.91  
    0.075       240.97          2736.52        3190.31         3663.40         5500.00  
    0.081       79.68          1071.18        3004.92         3383.23         4282.46  
    0.088       0          237.52        2799.82         3228.86         3693.96  
    0.094       156.89          1828.45        3046.48         3517.45         4906.22  
    0.100       234.03          2614.40        3197.52         3648.69         5500.00  
    0.106       77.16          1020.80        2819.06         3350.62         4260.43  
    0.113       161.19          1853.02        3024.24         3518.48         4890.28  
    0.119       236.56          2582.72        3205.29         3669.73         5500.00  
    0.125       222.94          2504.65        3196.59         3671.54         5500.00  
    0.131       220.08          2525.29        3199.02         3689.14         5500.00  
    0.138       244.29          2586.65        3204.79         3688.28         5500.00  
    0.144       239.59          2553.11        3198.71         3696.64         5500.00  
    0.150       234.42          2538.41        3194.36         3696.38         5500.00  
    0.156       244.50          2602.31        3221.64         3711.44         5500.00  
    0.163       234.81          2571.95        3224.48         3738.71         5500.00  
    0.169       233.29          2514.46        3211.68         3728.64         5500.00  
    0.175       242.65          2508.69        3205.73         3716.04         5500.00  
    0.181       236.07          2582.57        3225.97         3725.11         5500.00  
    0.188       226.79          2593.78        3239.59         3751.97         5500.00  
    0.194       222.86          2504.64        3223.19         3745.16         4918.82  
    0.200       191.39          2526.99        3213.75         3734.16         5214.13  
    0.206       190.41          2586.45        3212.73         3738.42         5500.00  
    0.213       198.77          2621.00        3210.55         3737.61         5348.95  
    0.219       171.87          2641.19        3210.63         3735.19         5425.70  
    0.225       208.02          2683.55        3217.16         3736.01         5500.00  
    0.231       255.09          2709.12        3220.57         3729.28         5194.90  
    0.238       269.63          2708.34        3224.20         3724.80         5349.93  
    0.244       260.66          2720.77        3214.98         3732.82         5112.14  
    0.250       248.93          2752.50        3200.18         3729.14         5309.22  
    0.256       81.02          972.44        2946.27         3385.08         4318.46  
    0.263       143.60          1890.24        3101.85         3575.41         4918.82  
    0.269       232.72          2791.36        3235.94         3754.05         5500.00  
    0.275       238.08          2829.94        3196.16         3740.83         4916.70  
    0.281       257.05          2840.38        3183.46         3733.60         4424.33  
    0.288       270.39          2804.67        3175.57         3736.41         4174.04  
    0.294       265.79          2824.22        3199.77         3749.51         4196.86  
    0.300       253.23          2883.22        3226.38         3757.40         4184.01  
    0.306       256.38          2936.87        3195.67         3755.57         3973.57  
    0.312       269.01          2878.74        3152.13         3749.77         3807.93  
    0.319       279.38          2821.23        3137.44         3746.29         3820.71  
    0.325       281.61          2707.84        3131.18         3705.60         3886.45  
    0.331       280.75          2628.46        3122.00         3666.62         3903.29  
    0.338       285.07          2613.18        3108.82         3663.93         3908.79  
    0.344       299.29          2591.03        3099.02         3708.38         3921.73  
    0.350       320.78          2514.29        3080.19         3655.47         3881.60  
    0.356       332.67          2059.67        3053.06         3556.03         3898.01  
    0.363       342.77          1918.65        3003.37         3632.94         3857.67  
    0.369       114.32          891.86        3000.08         3726.01         3886.31  
    0.375       239.36          1474.13        2989.92         3707.17         3934.32  
    0.381       320.76          2044.62        2979.83         3686.70         4049.81  
    0.388       274.60          2042.64        2994.11         3731.65         4153.91  
    0.394       206.29          879.13        2982.76         3776.43         4145.09  
    0.400       59.19          291.97        2972.90         3544.60         3890.09  
    0.406       0          234.86        2590.25         3270.32         3872.86  
    0.413       0          489.80        2315.98         3112.32         3857.52  
    