0.025       0          1617.97        2327.99         2834.40         4120.05  
    0.031       0          1586.79        2399.27         2867.74         4113.56  
    0.038       0          1637.68        2452.60         2870.22         4214.62  
    0.044       181.90          1918.09        2743.17         3347.90         5120.29  
    0.050       80.34          814.93        2533.96         3090.44         4596.51  
    0.056       0          274.41        2406.63         2904.12         4230.90  
    0.062       0          273.99        2420.43         2913.34         4083.46  
    0.069       0          304.29        2430.52         2916.96         3774.34  
    0.075       0          346.75        2444.06         2919.77         3925.32  
    0.081       0          374.05        2431.45         2903.35         4142.42  
    0.088       0          382.61        2413.18         2904.19         4240.63  
    0.094       0          373.85        2408.78         2920.78         4068.61  
    0.100       0          366.09        2406.64         2927.75         3796.33  
    0.106       0          364.08        2408.37         2904.32         3877.17  
    0.113       0          370.57        2418.40         2889.02         3987.84  
    0.119       0          377.58        2446.86         2899.15         3998.86  
    0.125       0          377.75        2486.92         2901.12         3992.66  
    0.131       0          370.54        2499.72         2900.91         3784.23  
    0.138       0          360.70        2489.91         2912.25         3465.77  
    0.144       0          352.34        2473.46         2925.87         3285.74  
    0.150       0          348.99        2458.55         2942.57         3268.53  
    0.156       0          349.47        2449.86         2955.47         3274.20  
    0.163       0          343.36        2444.04         2980.37         3332.54  
    0.169       0          341.91        2435.51         2988.91         3367.93  
    0.175       0          345.79        2431.64         2984.62         3319.29  
    0.181       242.13          1797.11        2826.52         3179.11         4824.81  
    0.188       106.94          992.96        2606.78         3099.45         4206.64  
    0.194       0          357.78        2432.18         3022.44         3808.72  
    0.200       250.93          1799.99        2871.01         3166.79         5005.33  
    0.206       369.48          2442.61        3049.90         3124.62         5500.00  
    0.213       379.04          2428.21        2844.76         3172.70         5500.00  
    0.219       383.33          2417.46        2645.65         3236.57         5500.00  
    0.225       382.47          2405.23        2516.42         3205.67         5500.00  
    0.231       379.88          2314.12        2489.94         3173.18         5500.00  
    0.238       374.33          2232.41        2493.35         3166.60         5500.00  
    0.244       366.02          2226.22        2486.54         3168.21         5399.66  
    0.250       358.40          2236.84        2475.07         3161.83         5321.93  
    0.256       352.21          2177.74        2480.20         3154.83         5274.07  
    0.263       346.34          2113.79        2491.49         3158.64         5271.82  
    0.269       341.27          2155.53        2485.72         3158.90         5270.40  
    0.275       336.06          2187.82        2469.82         3150.54         5241.06  
    0.281       333.73          2211.05        2457.76         3139.67         5221.29  
    0.288       338.39          2232.46        2460.09         3134.69         5232.76  
    0.294       343.47          2146.26        2473.82         3130.54         5243.57  
    0.300       346.17          2095.58        2472.89         3124.39         5251.71  
    0.306       347.38          2132.17        2454.47         3120.75         5273.01  
    0.312       348.54          2151.53        2446.13         3107.99         5233.56  
    0.319       347.02          2120.43        2451.00         3088.93         5211.80  
    0.325       345.07          2213.72        2448.03         3072.67         5411.61  
    0.331       345.95          2238.40        2431.39         3056.25         5443.84  
    0.338       348.02          2346.81        2496.86         3042.23         5304.20  
    0.344       354.32          2380.49        2517.78         3038.13         5220.66  
    0.350       365.50          2260.51        2407.49         3056.33         5208.30  
    0.356       376.09          2157.56        2356.20         3084.77         5185.98  
    0.363       378.87          2204.91        2383.58         3079.16         5166.28  
    0.369       372.75          2209.34        2391.84         3036.90         5182.25  
    0.375       363.90          2155.87        2377.92         2990.76         5405.38  
    0.381       346.59          2285.19        2419.69         2989.30         5500.00  
    0.388       325.31          2353.87        2417.25         2994.77         5500.00  
    0.394       342.15          2370.05        2602.58         3000.97         5500.00  
    0.400       107.98          981.33        2452.64         2999.12         3929.53  
    0.406       0          364.48        2342.15         2985.95         3709.27  
    0.413       227.12          1738.06        2803.52         3048.23         5015.45  
    0.419       100.31          948.01        2565.08         3066.27         5022.66  
    0.425       0          323.86        2349.58         3081.30         4499.77  
    0.431       0          280.21        2311.40         3068.92         4484.28  
    