0.025       0          1228.87        1736.46         2517.39         4059.43  
    0.031       329.45          1639.37        2281.81         3875.66         4746.51  
    0.038       400.98          1659.52        2391.81         4267.41         4751.12  
    0.044       221.80          1640.88        2405.34         4164.10         5379.45  
    0.050       29.41          1646.07        2303.89         2972.13         4344.11  
    0.056       0          1600.98        2345.61         2840.30         4110.39  
    0.062       0          1599.54        2420.25         2868.91         4126.26  
    0.069       0          1682.79        2516.59         2856.62         4261.05  
    0.075       244.53          1901.89        2829.86         3530.81         5310.23  
    0.081       45.28          538.38        2468.14         2995.13         4385.89  
    0.088       0          275.35        2471.59         2920.58         4283.08  
    0.094       0          284.08        2505.95         2925.03         3984.94  
    0.100       0          329.20        2553.83         2940.61         3835.71  
    0.106       0          360.52        2512.56         2929.85         4072.96  
    0.113       0          382.14        2476.47         2912.22         4234.08  
    0.119       0          383.95        2490.60         2959.72         4404.46  
    0.125       0          375.43        2514.03         2990.94         4026.90  
    0.131       0          367.46        2504.08         2997.95         3830.42  
    0.138       0          366.73        2505.07         2945.73         4026.70  
    0.144       0          375.91        2529.25         2945.00         4071.58  
    0.150       0          384.65        2615.40         2973.09         4230.61  
    0.156       0          382.86        2681.70         2966.27         4256.17  
    0.163       0          373.94        2682.22         2970.30         3993.31  
    0.169       0          365.17        2650.09         2979.62         3631.17  
    0.175       0          360.96        2594.68         2978.51         3496.77  
    0.181       0          366.21        2546.18         2979.71         3519.63  
    0.188       0          367.88        2522.49         2985.43         3554.61  
    0.194       0          361.59        2500.49         2993.23         3829.18  
    0.200       0          362.94        2501.32         3007.49         3811.71  
    0.206       0          364.41        2526.83         3046.60         3616.88  
    0.213       0          365.46        2511.72         3057.88         3852.34  
    0.219       0          369.05        2490.84         3070.36         4140.55  
    0.225       0          371.11        2494.36         3083.18         4314.63  
    0.231       0          373.26        2504.36         3136.00         4471.52  
    0.238       0          381.95        2510.01         3105.46         4158.00  
    0.244       0          385.58        2470.78         3133.82         3846.24  
    0.250       0          386.09        2459.33         3163.71         3506.39  
    0.256       0          383.39        2492.23         3165.49         3465.61  
    0.263       320.83          1601.34        2509.20         3170.23         5182.55  
    0.269       374.12          1847.13        2519.53         3176.90         5330.46  
    0.275       365.88          1919.75        2529.52         3178.11         5243.32  
    0.281       360.22          1971.05        2525.14         3160.42         5268.45  
    0.288       357.11          1685.38        2506.62         3159.50         5288.64  
    0.294       353.17          1515.87        2499.14         3181.84         5369.32  
    0.300       347.54          1676.90        2489.35         3180.64         5481.84  
    0.306       341.99          1769.53        2478.60         3173.80         5347.26  
    0.312       341.18          1529.00        2473.88         3162.11         5471.72  
    0.319       53.31          523.89        2490.34         3154.09         5500.00  
    0.325       0          347.58        2504.56         3149.70         4858.55  
    0.331       0          345.54        2486.13         3155.60         4312.32  
    0.338       287.95          1522.73        2463.65         3166.38         5302.08  
    0.344       340.57          1725.45        2458.37         3154.10         5424.67  
    0.350       336.04          1634.15        2464.17         3122.16         5486.05  
    0.356       52.37          533.69        2459.94         3112.86         4389.01  
    0.363       0          333.61        2444.73         3112.07         4169.90  
    0.369       284.94          2095.50        2571.58         3145.59         5291.80  
    0.375       350.11          1988.78        2424.44         3141.49         5277.79  
    0.381       367.03          1235.33        2378.06         3138.36         5197.96  
    0.388       377.35          1852.60        2389.91         3167.65         5161.21  
    0.394       377.70          2284.89        2400.76         3139.70         5152.39  
    0.400       368.43          2255.73        2407.79         3065.53         5263.88  
    0.406       57.30          649.74        2401.53         3009.64         4385.86  
    0.413       0          329.19        2385.10         3018.45         4091.93  
    0.419       276.28          2083.58        2472.73         3021.77         5276.32  
    0.425       350.30          2458.69        2695.34         3034.03         5500.00  
    0.431       55.39          694.54        2422.52         2985.40         3964.30  
    0.438       292.85          2066.98        2920.96         3551.42         5215.64  
    0.444       324.95          2333.66        2578.69         3250.36         5193.16  
    0.450       50.13          644.42        2433.54         3197.07         5108.26  
    0.456       0          301.81        2366.51         3157.72         4538.14  
    0.463       0          263.54        2327.84         3130.63         4714.54  
    0.469       220.29          2049.37        2501.86         3394.50         4847.53  
    0.475       262.83          2524.46        2870.97         3557.98         4786.68  
    0.481       308.28          2521.86        2677.33         3714.60         4847.82  
    0.488       49.47          696.27        2476.35         3347.81         4619.07  
    0.494       0          584.53        2448.58         3351.39         4500.81  
    0.500       0          738.46        2475.95         3355.87         4470.76  
    0.506       381.17          2194.46        3306.62         3499.46         4590.37  
    0.513       425.53          2459.82        3218.54         3564.83         4619.13  
    0.519       65.72          1214.45        2638.57         3502.54         4510.68  
    