0.025       0          346.25        2219.13         3150.77         5247.44  
    0.031       179.05          1644.74        2855.15         3417.38         5208.43  
    0.038       249.66          2201.72        3126.98         3588.84         5191.19  
    0.044       261.61          2195.15        3040.23         3605.76         5203.46  
    0.050       278.78          2180.80        3028.46         3645.40         5215.25  
    0.056       291.73          2159.10        3086.20         3689.91         5221.07  
    0.062       295.94          2170.35        3118.75         3674.75         5203.49  
    0.069       290.18          2183.12        3131.12         3654.02         5200.52  
    0.075       291.64          2189.39        3144.32         3654.29         5197.39  
    0.081       296.38          2185.48        3142.92         3630.29         5196.99  
    0.088       295.41          2185.20        3132.91         3613.53         5409.20  
    0.094       293.34          2179.57        3107.24         3558.95         5294.14  
    0.100       292.78          2158.30        3120.82         3540.69         5252.02  
    0.106       292.18          2149.02        3126.47         3547.44         5281.02  
    0.113       291.64          2152.03        3123.66         3551.89         5221.06  
    0.119       292.12          2150.12        3119.99         3542.54         5204.16  
    0.125       292.10          2150.70        3132.13         3518.76         5210.15  
    0.131       289.04          2144.40        3148.60         3510.57         5211.71  
    0.138       284.96          2139.83        3144.30         3507.30         5208.41  
    0.144       286.72          2154.90        3148.10         3527.04         5198.97  
    0.150       290.73          2164.40        3152.18         3540.26         5176.46  
    0.156       290.66          2157.86        3148.55         3513.16         5167.69  
    0.163       286.91          2142.71        3137.43         3483.81         5158.68  
    0.169       277.98          2138.89        3136.15         3472.28         5129.65  
    0.175       276.46          2152.65        3142.33         3461.11         5135.45  
    0.181       247.85          2159.82        3146.55         3452.91         5143.20  
    0.188       143.86          2168.83        3150.46         3460.88         5136.80  
    0.194       31.43          652.71        2483.43         3247.33         3972.12  
    0.200       0          0        2187.83         3158.97         3464.43  
    0.206       108.83          1525.38        2872.12         3362.27         4665.57  
    0.213       185.52          2160.82        3134.53         3442.75         5205.50  
    0.219       210.01          2133.74        3105.87         3433.96         5200.89  
    0.225       220.46          2121.81        3094.10         3429.42         5194.50  
    0.231       241.90          2113.94        3096.62         3429.26         5187.53  
    0.238       265.41          2111.91        3100.19         3417.58         5174.11  
    0.244       285.17          2112.38        3095.31         3399.53         5153.66  
    0.250       289.50          2114.71        3102.94         3403.15         5137.96  
    0.256       282.76          2120.37        3113.81         3427.69         5125.66  
    0.263       270.64          2122.39        3119.52         3436.08         5136.14  
    0.269       266.81          2125.33        3132.90         3441.64         5129.02  
    0.275       278.16          2126.13        3139.74         3448.90         5097.96  
    0.281       257.02          2136.17        3146.15         3473.58         5108.23  
    0.288       251.72          2146.10        3145.56         3484.95         5136.68  
    0.294       261.57          2151.08        3117.11         3468.04         5141.95  
    0.300       261.13          2156.02        3093.72         3435.47         5119.73  
    0.306       259.90          2178.88        3098.45         3418.97         5110.36  
    0.312       250.30          2204.94        3128.69         3474.80         5135.57  
    0.319       236.52          2193.21        3121.52         3523.67         5139.53  
    0.325       235.12          2177.04        3094.35         3564.94         5128.50  
    0.331       267.39          2200.68        3079.68         3620.11         5132.21  
    0.338       297.84          2246.37        3076.52         3673.57         5119.12  
    0.344       301.29          2237.66        3072.78         3687.39         5094.31  
    0.350       290.52          2200.32        3070.42         3725.59         5100.67  
    0.356       291.59          2195.79        3076.18         3764.54         5134.67  
    0.363       324.04          2197.08        3050.43         3777.05         5176.96  
    0.369       331.97          2224.80        2982.47         3771.87         5159.72  
    0.375       308.23          2248.10        2917.57         3773.29         5155.45  
    0.381       274.44          2269.90        2965.61         3772.24         5175.05  
    0.388       248.18          2252.02        3005.52         3745.62         5198.84  
    0.394       236.45          2262.33        3154.75         3702.93         5411.71  
    0.400       232.44          2352.22        2898.65         3596.46         5365.07  
    0.406       227.96          2359.60        2737.06         3475.88         5167.71  
    0.413       219.91          2260.14        2786.41         3555.59         5382.17  
    0.419       65.24          821.59        2500.68         3216.90         4273.90  
    0.425       0          221.40        2312.41         3045.13         3835.39  
    0.431       0          224.19        2317.34         2992.57         3828.76  
    0.438       0          226.75        2384.70         2883.51         3810.65  
    0.444       159.99          1639.71        2650.92         3428.09         4992.56  
    