0.025       336.59          2522.58        2895.18         3850.49         5154.38  
    0.031       283.69          2518.78        2915.36         4023.21         5180.39  
    0.038       264.84          2524.78        2758.06         4164.51         5200.76  
    0.044       253.49          2534.14        2731.87         4294.69         5232.27  
    0.050       248.60          2515.89        3054.21         4297.97         5235.08  
    0.056       255.37          2516.11        3240.57         4269.27         5213.24  
    0.062       257.58          2502.35        3185.67         4252.27         5188.41  
    0.069       258.39          2479.30        3297.91         4185.84         5170.31  
    0.075       258.97          2480.96        3454.75         4132.31         5187.11  
    0.081       257.73          2519.19        3458.51         4143.55         5199.12  
    0.088       256.52          2520.36        3441.65         4124.39         5187.53  
    0.094       257.67          2505.49        3413.38         4125.88         5148.63  
    0.100       258.65          2466.87        3447.33         4132.20         5104.80  
    0.106       258.27          2457.59        3442.80         4082.69         5116.85  
    0.113       257.00          2461.38        3313.61         4047.33         5131.70  
    0.119       256.03          2467.54        3282.54         4031.85         5132.09  
    0.125       256.89          2476.63        3343.69         4011.37         5109.87  
    0.131       257.95          2501.92        3375.81         4025.57         5093.97  
    0.138       258.79          2509.60        3381.19         4062.28         5089.53  
    0.144       260.18          2510.02        3386.61         4089.77         5079.02  
    0.150       260.35          2513.47        3390.00         4075.23         5064.51  
    0.156       261.38          2511.29        3401.62         4047.04         5042.44  
    0.163       263.66          2512.78        3340.81         4055.43         5024.12  
    0.169       268.43          2488.49        3285.05         3989.95         5044.98  
    0.175       270.59          2465.87        3267.95         3945.96         5075.60  
    0.181       267.95          2470.94        3250.26         3964.26         5073.63  
    0.188       268.29          2469.31        3273.23         3974.20         5068.37  
    0.194       270.86          2459.95        3262.14         3995.19         5053.52  
    0.200       270.25          2451.04        3235.64         3972.85         5036.28  
    0.206       271.16          2451.16        3220.40         3972.73         5029.52  
    0.213       274.03          2450.26        3204.20         3999.69         5019.48  
    0.219       274.90          2457.21        3219.32         3988.49         5009.50  
    0.225       275.06          2464.30        3184.10         3959.90         4986.76  
    0.231       273.92          2466.63        3125.70         3935.29         5022.36  
    0.238       278.01          2469.94        3150.34         3927.29         5170.59  
    0.244       280.58          2475.72        3208.86         3947.67         5028.57  
    0.250       280.26          2483.82        3122.26         3906.71         4979.22  
    0.256       276.06          2498.12        3209.48         3879.29         4983.52  
    0.263       275.94          2509.02        3487.85         3820.58         4952.27  
    0.269       273.49          2504.92        3382.78         3764.39         4938.93  
    0.275       282.77          2475.43        3216.23         3777.09         4957.80  
    0.281       277.48          2449.03        3274.28         3910.55         4952.12  
    0.288       282.54          2449.62        3247.80         3995.34         4942.58  
    0.294       287.10          2466.37        3149.77         3917.27         4946.25  
    0.300       286.42          2456.33        3150.90         3915.34         4865.02  
    0.306       296.53          2448.83        3215.15         3916.10         4878.38  
    0.312       303.44          2451.49        3231.14         3883.04         4881.19  
    0.319       307.80          2449.79        3208.30         3815.15         4869.98  
    0.325       180.79          2469.49        3363.65         3634.75         4823.23  
    0.331       26.66          427.99        2632.63         3578.64         3987.42  
    0.338       0          501.99        2479.00         3551.52         4532.20  
    0.344       0          1088.61        2490.83         3544.53         4691.93  
    0.350       0          1332.02        2498.38         3536.57         4691.69  
    0.356       0          235.63        1717.08         2683.15         3814.78  
    0.363       0          0        1571.57         2513.56         3689.22  
    0.369       0          0        1617.09         2539.88         3701.32  
    0.375       160.18          1470.56        2256.42         3604.63         4521.12  
    0.381       33.51          307.66        1641.36         2499.36         4013.30  
    0.388       0          0        1419.46         2299.96         3888.98  
    0.394       0          0        1385.77         2283.79         3850.16  
    0.400       0          1133.11        2009.80         3896.12         4743.79  
    0.406       0          237.06        1474.11         2511.68         4059.99  
    0.413       0          0        1345.92         2170.14         3822.82  
    0.419       0          0        1395.76         2184.02         3841.68  
    0.425       42.10          1160.16        2144.80         3682.03         4349.58  
    0.431       8.81          242.72        1522.58         2456.76         3940.68  
    0.438       328.11          1324.24        1995.46         3677.31         4338.56  
    0.444       456.54          1621.00        2188.68         4239.37         4318.69  
    0.450       280.03          1516.19        2151.23         3908.65         4507.24  
    0.456       341.09          1480.21        2124.97         3828.94         4665.77  
    