0.025       275.26          2382.96        3156.70         3757.52         4293.39  
    0.031       274.63          2383.87        3190.18         3789.31         4512.76  
    0.038       273.47          2389.16        3198.61         3772.08         4528.00  
    0.044       270.08          2409.70        3216.75         3736.74         4777.36  
    0.050       266.20          2426.13        3239.24         3750.80         4806.21  
    0.056       260.84          2412.68        3265.02         3773.84         4712.41  
    0.062       259.57          2417.16        3248.85         3796.10         4923.68  
    0.069       263.71          2403.34        3242.46         3783.04         5445.31  
    0.075       263.62          2377.96        3226.84         3765.29         4987.40  
    0.081       258.74          2367.99        3214.91         3786.57         4865.43  
    0.088       258.62          2368.26        3199.95         3739.49         5242.93  
    0.094       259.66          2376.14        3227.66         3680.43         4707.23  
    0.100       262.26          2387.54        3185.39         3664.94         4536.31  
    0.106       265.28          2371.02        3196.87         3669.96         4577.31  
    0.113       270.43          2373.65        3191.08         3730.29         4897.03  
    0.119       274.47          2369.25        3176.60         3763.80         4608.51  
    0.125       276.88          2355.58        3151.86         3769.66         4205.06  
    0.131       278.92          2331.25        3161.06         3759.62         4074.81  
    0.138       278.96          2343.87        3187.82         3716.61         4332.50  
    0.144       278.53          2336.90        3201.59         3681.66         4604.38  
    0.150       281.03          2331.56        3194.88         3705.97         4267.42  
    0.156       278.79          2339.11        3191.22         3726.97         4156.72  
    0.163       274.67          2342.92        3193.27         3710.13         4164.36  
    0.169       270.37          2348.42        3191.76         3707.37         4047.67  
    0.175       269.45          2348.75        3194.39         3714.89         4041.33  
    0.181       265.83          2354.14        3195.53         3742.03         3951.66  
    0.188       262.85          2334.38        3232.74         3764.43         3878.74  
    0.194       259.15          2337.70        3271.42         3781.88         4230.32  
    