0.025       0          686.83        2194.48         3140.75         4423.84  
    0.031       0          720.49        2023.00         3044.55         4466.74  
    0.038       0          689.81        2164.82         3194.51         4573.23  
    0.044       0          681.98        2225.83         3407.22         4606.21  
    0.050       0          567.38        2312.34         3536.11         4387.46  
    0.056       0          106.58        749.60         2709.73         3775.92  
    0.062       211.36          495.63        2173.69         3304.52         4988.12  
    0.069       52.09          348.17        2812.90         3469.27         5464.55  
    0.075       0          55.71        794.43         3082.54         3916.01  
    0.081       0          243.16        2402.20         3419.71         4903.31  
    0.088       0          59.93        809.65         2991.09         3875.20  
    0.094       232.96          1497.49        2201.04         3363.76         4770.52  
    0.100       289.26          2165.01        2625.96         3488.71         5057.08  
    0.106       288.74          2124.82        2787.18         3468.93         5056.35  
    0.113       290.43          2118.96        2908.64         3486.16         5039.47  
    0.119       291.06          2149.13        2939.05         3478.01         5045.08  
    0.125       291.53          2195.15        2979.16         3492.62         5068.74  
    0.131       292.13          2199.11        2975.15         3515.70         5173.17  
    0.138       293.46          2199.65        2988.80         3511.83         5229.26  
    0.144       293.82          2223.62        2994.78         3529.63         5204.69  
    0.150       295.23          2278.80        2983.26         3550.25         5086.15  
    0.156       295.76          2305.97        2959.95         3537.97         4944.86  
    0.163       295.31          2228.45        2969.97         3537.39         4920.08  
    0.169       294.28          2189.58        2998.19         3554.90         4946.52  
    0.175       293.16          2196.18        3000.42         3562.18         4894.36  
    0.181       289.44          2225.25        3007.96         3567.29         4862.77  
    0.188       285.80          2264.27        3014.57         3491.63         4758.54  
    0.194       285.32          2314.80        2984.98         3377.50         4735.84  
    0.200       287.19          2254.85        2967.78         3439.79         4751.60  
    0.206       288.44          2232.49        2968.03         3468.17         4763.88  
    0.213       289.44          2263.14        2978.08         3432.40         4798.69  
    0.219       290.38          2304.30        2894.38         3375.54         4854.95  
    0.225       289.82          2291.30        2851.68         3365.76         4882.22  
    0.231       288.12          2315.59        2906.18         3331.45         4821.44  
    0.238       288.08          2318.57        2940.90         3264.09         4784.68  
    0.244       289.55          2360.79        2952.83         3261.71         4807.70  
    0.250       288.06          2435.69        2927.14         3249.12         4799.67  
    0.256       286.64          2507.39        2846.51         3253.39         4729.80  
    0.263       286.67          2482.97        3022.77         3201.00         4717.76  
    0.269       284.13          2370.47        3141.59         3266.42         4791.35  
    0.275       283.62          2354.87        3162.83         3270.86         4832.38  
    0.281       285.65          2383.12        3159.23         3230.60         4786.84  
    0.288       285.24          2371.92        3171.57         3228.34         4784.99  
    0.294       284.10          2429.88        3113.43         3202.73         4822.58  
    0.300       284.83          2529.69        3172.57         3203.79         4689.58  
    0.306       287.07          2490.48        3201.63         3805.35         4800.58  
    0.312       286.29          2401.05        3184.95         3348.55         4836.44  
    0.319       284.98          2426.46        3013.11         3186.30         4733.64  
    0.325       286.25          2516.65        2775.18         3188.96         4672.96  
    0.331       287.34          2479.20        2992.95         3168.10         4601.79  
    0.338       287.86          2419.61        3088.14         3186.20         4634.55  
    0.344       287.25          2463.31        3144.80         3210.58         4646.82  
    0.350       288.96          2493.07        3122.55         3191.28         4683.87  
    0.356       289.27          2490.38        3099.75         3188.59         4686.32  
    0.363       287.18          2473.40        3100.98         3196.34         4689.90  
    0.369       56.68          717.54        2577.96         3196.86         4598.21  
    0.375       0          285.49        2442.26         3182.92         4504.84  
    0.381       0          286.99        2451.34         3144.53         4513.22  
    0.388       229.43          2040.27        2997.21         4329.96         5306.14  
    0.394       283.43          2499.39        3142.27         4568.36         5500.00  
    0.400       285.22          2560.44        3126.99         4528.02         5500.00  
    0.406       287.47          2550.80        3117.50         4529.13         5500.00  
    0.413       286.80          2452.57        3113.94         4562.75         5500.00  
    0.419       56.66          712.32        2637.24         3411.88         4764.94  
    0.425       0          288.10        2484.59         3104.46         4590.76  
    0.431       0          286.23        2467.35         3108.31         4586.55  
    0.438       229.72          2031.77        2987.02         4258.73         5319.09  
    0.444       56.62          715.37        2586.98         3387.52         4712.18  
    0.450       0          285.22        2501.68         3149.96         4547.57  
    0.456       0          283.52        2492.70         3160.65         4547.04  
    0.463       0          284.39        2511.31         3199.68         4523.29  
    0.469       0          285.93        2501.96         3243.52         4529.06  
    0.475       229.60          2085.23        3039.27         4309.68         5308.56  
    0.481       285.28          2474.02        3123.02         4574.11         4929.71  
    0.488       284.10          2461.25        3116.08         4537.49         4605.65  
    0.494       283.78          2417.13        3080.24         4447.91         4557.22  
    0.500       284.78          2482.58        3065.92         4449.84         4572.22  
    0.506       287.23          2626.06        3129.44         4539.11         5317.32  
    0.513       56.90          756.61        2846.05         3504.86         4734.64  
    0.519       0          290.14        2762.49         3249.14         4467.71  
    0.525       0          290.27        2825.42         3359.93         4441.74  
    0.531       0          284.92        2837.70         3896.98         4547.52  
    0.537       0          264.48        2822.29         3617.18         4614.38  
    0.544       0          253.55        2798.02         3305.40         4616.79  
    0.550       0          228.97        2612.79         3243.60         4656.42  
    0.556       0          230.43        2545.38         3245.78         4659.55  
    0.562       0          240.42        2569.48         3234.15         4661.35  
    0.569       0          273.34        2650.13         3185.42         4603.83  
    0.575       0          293.11        2633.82         3275.14         4602.97  
    0.581       0          368.43        2523.49         3227.88         4515.25  
    0.588       0          600.99        2490.63         3214.33         4346.49  
    0.594       0          755.29        2543.48         3202.95         4282.09  
    0.600       0          800.56        2526.44         3280.89         4327.27  
    0.606       0          737.21        2482.11         3332.47         4431.13  
    0.613       0          627.50        2468.11         3253.35         4494.74  
    0.619       0          645.87        2527.24         3275.00         4637.71  
    0.625       0          456.07        2413.18         3195.23         4537.15  
    0.631       0          658.46        2369.06         3164.68         4402.03  
    0.638       0          789.43        2368.77         3183.37         4365.86  
    0.644       0          824.50        2385.94         3267.11         4324.72  
    0.650       0          819.28        2393.96         3397.19         4307.13  
    