0.025       362.88          1982.84        2272.41         3766.99         4626.19  
    0.031       320.87          1915.29        2330.82         3679.54         4580.63  
    0.038       309.99          1988.22        2539.08         3597.66         4421.19  
    0.044       299.44          2227.43        3178.37         3533.35         3839.75  
    0.050       284.85          2331.03        3021.33         3444.17         3795.13  
    0.056       286.40          2330.06        3027.66         3484.03         3809.31  
    0.062       286.22          2412.95        3075.91         3468.16         3743.75  
    0.069       288.22          2401.29        2915.98         3536.66         3774.89  
    0.075       294.34          2455.40        2696.39         3576.38         3812.88  
    0.081       294.98          2431.00        2892.45         3492.81         3824.67  
    0.088       295.41          2421.70        3161.08         3535.06         3811.31  
    0.094       293.90          2404.33        3197.29         3644.11         3979.61  
    0.100       294.14          2398.78        3214.34         3715.84         4082.33  
    0.106       295.22          2380.98        3232.32         3706.93         4026.39  
    0.113       299.11          2365.05        3153.99         3624.88         3958.61  
    0.119       299.98          2369.69        3163.42         3591.06         3976.17  
    0.125       299.31          2379.03        3183.34         3608.65         3982.28  
    0.131       299.64          2373.99        3171.56         3621.21         3974.77  
    0.138       300.47          2355.35        3160.42         3606.92         3943.98  
    0.144       299.79          2354.23        3147.63         3580.46         3865.18  
    0.150       300.37          2342.88        3137.55         3565.39         3854.00  
    0.156       300.56          2325.84        3134.77         3564.05         3925.72  
    0.163       300.65          2326.11        3115.81         3553.30         3887.01  
    0.169       300.62          2329.82        3108.78         3539.49         3876.54  
    0.175       299.26          2331.63        3098.04         3530.53         3864.88  
    0.181       298.85          2324.27        3091.42         3528.42         3851.04  
    0.188       299.68          2324.38        3086.10         3525.91         3841.12  
    0.194       300.36          2332.07        3075.22         3530.82         3851.18  
    0.200       300.19          2344.31        3078.60         3539.59         3849.40  
    0.206       300.61          2346.25        3075.15         3535.58         3845.88  
    0.213       301.01          2341.10        3080.93         3536.22         3805.74  
    0.219       300.39          2353.75        3130.64         3607.04         3802.47  
    0.225       299.37          2360.84        3166.21         3633.72         3962.15  
    0.231       299.15          2351.62        3170.80         3628.68         3962.75  
    0.238       299.45          2352.65        3164.73         3632.74         3874.76  
    0.244       297.74          2354.60        3091.63         3564.54         3860.77  
    0.250       296.90          2368.91        3067.76         3540.08         3856.10  
    0.256       300.92          2363.60        3058.47         3564.21         3892.43  
    0.263       306.78          2350.94        3050.32         3575.03         3875.55  
    0.269       307.06          2345.42        3068.09         3586.14         3894.05  
    0.275       306.20          2359.15        3053.69         3576.57         3942.19  
    0.281       302.33          2368.43        3067.41         3589.35         3895.01  
    0.288       306.30          2380.46        3063.98         3577.79         3893.10  
    0.294       302.50          2389.33        3058.89         3570.54         3877.63  
    0.300       296.83          2394.81        3071.82         3479.71         3787.15  
    0.306       292.33          2375.57        3115.86         3469.74         3765.81  
    0.312       286.91          2382.55        3074.04         3553.33         3882.40  
    0.319       286.22          2399.62        3078.39         3560.22         3941.61  
    0.325       287.19          2400.97        3121.02         3619.33         3954.25  
    0.331       287.04          2389.32        3083.75         3623.55         3995.46  
    0.338       288.78          2372.71        3015.01         3620.27         3977.97  
    0.344       287.62          2404.00        3078.40         3584.79         3873.95  
    0.350       287.86          2416.35        3156.20         3723.80         3826.60  
    0.356       283.90          2413.49        3154.78         3702.14         4001.81  
    0.363       288.93          2426.64        3131.35         3605.74         4062.06  
    0.369       288.44          2444.16        3172.57         3605.08         3946.09  
    0.375       280.00          2473.80        3012.29         3604.36         3881.54  
    0.381       270.45          2472.67        2644.19         3594.50         3882.55  
    0.388       270.71          1953.25        2956.28         3680.71         3907.56  
    0.394       46.91          535.04        2807.30         3431.92         3912.61  
    0.400       169.99          2040.71        3208.90         3768.52         5225.36  
    0.406       163.16          2106.88        3199.73         3848.42         4794.09  
    0.413       163.89          1983.39        3089.14         3864.24         4537.98  
    0.419       180.67          2083.18        3221.92         4000.29         4626.35  
    0.425       172.86          2110.11        3020.57         3703.04         4040.92  
    0.431       158.40          1897.98        2714.91         3610.08         4296.37  
    0.438       153.04          1836.33        2697.85         3596.69         4369.72  
    0.444       160.01          1957.57        3160.03         3382.08         4296.05  
    0.450       139.98          2104.78        3245.14         4086.30         4269.28  
    0.456       23.44          368.54        2436.62         3390.35         4063.80  
    