0.025       424.74          1511.50        2967.44         3998.27         5213.18  
    0.031       368.57          1535.37        2971.67         4008.84         5121.22  
    0.038       314.12          1569.33        2963.93         3922.42         4904.61  
    0.044       327.09          1549.91        2955.48         3833.65         4784.17  
    0.050       155.89          692.18        2125.00         3384.06         4164.49  
    0.056       0          762.72        2229.42         3174.89         4094.24  
    0.062       0          1498.21        2296.51         3197.28         4182.13  
    0.069       0          1376.39        2033.19         3160.23         4015.30  
    0.075       0          547.40        1841.24         2843.34         3769.02  
    0.081       124.92          959.66        2292.88         3161.13         4268.13  
    0.088       249.51          1781.13        2957.66         3728.39         4851.11  
    0.094       285.19          1893.93        2975.32         3776.65         4788.82  
    0.100       301.13          2093.63        3109.54         3618.95         4627.70  
    0.106       395.66          1679.34        3024.34         3483.00         4516.08  
    0.113       215.26          999.66        2558.67         3437.89         4471.40  
    0.119       0          799.12        2195.78         3322.52         4427.31  
    0.125       0          783.20        2105.46         3235.12         4327.68  
    0.131       0          752.23        2175.84         3241.61         4275.18  
    0.138       0          770.46        2370.88         3220.72         4190.22  
    0.144       0          780.63        2379.37         3182.76         4082.80  
    0.150       0          724.42        2199.77         3167.60         4067.17  
    0.156       0          640.60        2226.22         3215.13         4052.17  
    0.163       0          336.06        2336.96         3243.94         3922.27  
    0.169       0          171.09        2374.81         3203.57         3862.17  
    0.175       0          244.38        2410.40         3201.10         3987.86  
    0.181       0          264.12        2388.04         3342.84         4011.77  
    0.188       131.04          1295.11        2834.20         3690.39         4803.49  
    0.194       248.90          2161.83        3215.38         3783.52         5430.96  
    0.200       250.82          2145.83        3191.38         3636.28         5159.71  
    0.206       242.46          1992.47        3209.55         3446.77         4835.39  
    0.213       254.49          2150.91        3222.71         3724.57         5142.80  
    0.219       257.67          2423.66        3089.11         3639.65         4937.48  
    0.225       236.06          2454.83        3104.77         3268.21         4296.64  
    0.231       102.03          1239.08        2733.84         3192.75         3957.24  
    0.238       0          221.39        2330.47         3159.31         3749.56  
    0.244       0          197.87        2343.87         3165.43         3712.37  
    0.250       0          376.14        2406.19         3134.42         3718.06  
    0.256       0          634.50        2367.27         3101.53         3724.24  
    0.263       0          623.71        2295.56         3100.80         3720.34  
    0.269       0          368.47        2313.40         3134.52         3723.39  
    0.275       0          232.53        2371.19         3173.00         3736.85  
    0.281       0          258.05        2404.68         3189.11         3737.65  
    0.288       0          268.03        2409.56         3189.27         3733.52  
    0.294       0          266.83        2417.20         3187.21         3717.09  
    0.300       0          267.54        2426.84         3199.13         3693.04  
    0.306       0          248.77        2440.11         3214.22         3685.36  
    0.312       0          236.86        2430.75         3216.81         3688.09  
    0.319       0          258.09        2406.40         3215.46         3676.74  
    0.325       151.74          1425.62        2836.25         3447.28         4666.94  
    0.331       284.01          2378.81        3180.41         3625.10         5500.00  
    0.338       282.51          2369.30        3168.47         3611.41         5251.75  
    0.344       261.83          2366.67        3183.18         3604.09         5293.41  
    0.350       246.65          2366.45        3180.50         3596.97         5116.29  
    0.356       245.30          2371.33        3177.96         3598.92         4540.80  
    0.363       241.08          2390.16        3193.02         3611.71         4541.65  
    0.369       224.77          2408.29        3216.14         3625.78         4825.05  
    0.375       223.04          2415.88        3233.98         3625.17         5233.24  
    0.381       237.80          2431.03        3224.43         3633.81         5500.00  
    0.388       256.55          2449.72        3229.71         3666.14         5124.21  
    0.394       264.33          2445.45        3245.56         3702.88         4879.12  
    0.400       262.11          2425.04        3231.12         3721.41         4804.92  
    0.406       264.65          2407.60        3202.62         3742.98         4484.66  
    0.413       272.69          2390.86        3175.78         3728.71         4348.35  
    0.419       279.49          2378.99        3168.65         3697.67         4416.68  
    0.425       276.15          2415.72        3167.60         3701.05         5021.26  
    0.431       268.81          2476.07        3186.27         3748.42         5500.00  
    0.438       269.63          2504.43        3220.18         3494.85         4729.63  
    0.444       123.79          1286.53        2816.59         3231.95         4035.24  
    0.450       0          275.31        2452.81         3204.88         3854.99  
    0.456       149.80          1452.05        2858.93         3396.87         4701.49  
    0.463       275.06          2430.50        3205.04         3634.25         5500.00  
    0.469       278.62          2439.52        3173.38         3692.80         5500.00  
    0.475       283.74          2458.64        3142.20         3719.78         4859.34  
    0.481       281.74          2501.85        3170.98         3898.89         4241.20  
    0.488       287.15          2506.29        3208.89         4035.72         4539.95  
    0.494       297.25          2499.68        3206.75         3909.70         4857.33  
    0.500       298.02          2542.98        3170.72         3817.37         4661.00  
    0.506       292.19          2618.94        3198.29         3817.51         4275.12  
    0.513       282.82          2656.48        3230.52         3643.60         4113.71  
    0.519       277.55          2651.38        3215.69         3475.60         4140.03  
    0.525       125.82          1346.67        2948.04         3337.54         4114.86  
    0.531       119.04          1411.56        2879.83         3534.20         4857.81  
    0.537       205.33          2222.69        3055.58         3788.62         5152.67  
    0.544       191.06          2107.31        3114.42         3914.64         4964.58  
    0.550       189.42          2075.58        3114.04         3993.08         5007.78  
    0.556       184.74          1988.21        2953.42         3751.67         4780.31  
    0.562       221.91          1915.55        2776.16         3543.44         4602.24  
    0.569       272.19          1899.76        2748.22         3562.61         4503.19  
    0.575       281.41          1924.28        2835.71         3744.18         4499.67  
    0.581       280.22          1964.41        2921.67         3955.75         4581.25  
    0.588       127.93          1055.86        2444.97         3471.16         4381.00  
    0.594       136.67          1126.54        2509.51         3702.12         4907.98  
    0.600       277.39          1837.91        2886.12         4194.53         5500.00  
    0.606       273.89          1836.68        2841.49         4070.08         5500.00  
    0.613       200.76          1756.58        2806.35         3995.20         5294.31  
    0.619       216.21          1703.75        2842.93         3973.39         4966.07  
    0.625       256.73          1831.34        2923.63         4023.07         4766.86  
    0.631       222.50          2022.52        2882.65         3824.12         4681.16  
    0.638       211.62          2132.36        2944.19         3984.63         5117.24  
    0.644       100.68          1094.84        2522.74         3587.54         4773.49  
    0.650       96.52          1208.92        2604.87         3559.87         4895.43  
    0.656       242.25          1944.64        2924.41         3792.04         5157.71  
    0.663       305.05          1863.43        2778.92         3711.57         4840.10  
    0.669       284.14          1836.79        2786.95         3862.58         4807.99  
    0.675       282.79          1772.54        2826.15         3957.17         4836.48  
    0.681       305.89          1813.87        2833.07         3997.34         5210.92  
    0.688       140.79          995.84        2370.63         3495.28         4784.51  
    0.694       129.29          1104.04        2429.85         3638.85         4437.66  
    0.700       273.48          1777.96        2824.40         4135.46         5111.43  
    0.706       277.25          1746.53        2842.88         4136.26         5500.00  
    