0.025       0          313.38        2441.15         3211.89         4091.18  
    0.031       0          294.96        2469.61         3208.42         4004.34  
    0.038       185.50          1689.02        2965.95         3228.24         3983.97  
    0.044       281.97          2398.75        3221.51         3334.08         3981.30  
    0.050       286.13          2369.30        3201.10         3476.09         3944.58  
    0.056       286.35          2351.86        3153.25         3669.23         3947.20  
    0.062       281.36          2352.26        3113.82         3768.39         3964.56  
    0.069       276.63          2367.78        3109.76         3786.12         3947.98  
    0.075       283.07          2368.29        3125.64         3764.85         3961.28  
    0.081       286.51          2365.04        3136.93         3775.97         3971.60  
    0.088       280.98          2379.94        3124.73         3783.08         3960.83  
    0.094       279.81          2387.51        3105.41         3724.56         3944.99  
    0.100       282.73          2385.94        3110.81         3752.23         3934.94  
    0.106       284.72          2382.34        3111.14         3778.93         3928.01  
    0.113       285.37          2378.23        3102.66         3778.64         3942.04  
    0.119       284.72          2375.16        3098.79         3789.67         3962.61  
    0.125       281.10          2377.09        3103.30         3819.29         3991.47  
    0.131       279.46          2382.95        3120.48         3836.94         4057.71  
    0.138       278.81          2391.32        3134.80         3840.47         4127.46  
    0.144       279.01          2398.32        3136.81         3842.62         4169.49  
    0.150       279.84          2397.25        3136.33         3844.37         4230.51  
    0.156       278.61          2401.43        3143.80         3838.23         4324.01  
    0.163       277.20          2408.53        3145.39         3833.05         4298.44  
    0.169       277.48          2403.92        3139.87         3824.25         4277.28  
    0.175       277.41          2397.54        3139.34         3818.81         4289.42  
    0.181       277.79          2392.73        3143.23         3822.33         4306.28  
    0.188       278.37          2391.29        3142.71         3827.12         4289.27  
    0.194       277.30          2394.18        3138.94         3817.64         4224.83  
    0.200       276.45          2397.69        3135.58         3819.35         4256.20  
    0.206       276.79          2400.50        3120.69         3826.02         4180.47  
    0.213       276.88          2406.78        3121.74         3829.15         4225.09  
    0.219       276.09          2405.44        3131.46         3836.14         4309.12  
    0.225       275.57          2398.71        3137.78         3843.72         4309.07  
    0.231       276.99          2395.52        3136.79         3845.55         4280.51  
    0.238       278.37          2399.02        3112.21         3849.90         4090.54  
    0.244       280.09          2402.22        3077.27         3755.61         3973.66  
    0.250       281.85          2404.29        3069.63         3691.82         3963.63  
    0.256       282.02          2401.26        3078.51         3717.24         3993.87  
    0.263       280.96          2394.62        3077.70         3711.23         3988.71  
    0.269       280.48          2397.86        3073.67         3732.00         3955.95  
    0.275       280.69          2404.62        3076.88         3781.34         3935.22  
    0.281       281.37          2405.59        3085.25         3793.29         4018.02  
    0.288       281.47          2402.37        3091.01         3789.27         4051.77  
    0.294       280.58          2397.54        3085.38         3783.27         3971.46  
    0.300       280.14          2391.15        3059.97         3774.45         3842.32  
    0.306       280.93          2388.22        3040.66         3702.19         3817.46  
    0.312       281.11          2391.67        3033.82         3600.90         3830.03  
    0.319       281.57          2394.38        3023.56         3482.87         3812.49  
    0.325       282.06          2389.69        3021.14         3443.60         3800.76  
    0.331       281.53          2391.34        3028.17         3535.78         3803.99  
    0.338       281.12          2391.87        3017.98         3589.40         3796.86  
    0.344       280.14          2390.16        3023.48         3643.44         3781.65  
    0.350       278.01          2385.50        3054.55         3669.14         3815.04  
    0.356       278.08          2382.46        3070.05         3653.15         3846.05  
    0.363       278.65          2370.54        3065.72         3674.31         3848.89  
    0.369       278.37          2361.42        3059.68         3679.48         3840.30  
    0.375       277.44          2365.87        3045.30         3646.04         3848.73  
    0.381       275.27          2377.05        3030.46         3592.32         3858.62  
    0.388       274.15          2374.04        2997.64         3591.19         3867.47  
    0.394       274.24          2367.63        2969.81         3633.54         3884.12  
    0.400       274.96          2376.03        2958.32         3617.15         3854.46  
    0.406       275.75          2381.17        2954.40         3537.76         3828.53  
    0.413       275.15          2379.86        2979.04         3417.86         3807.33  
    0.419       273.45          2380.89        3035.22         3311.77         3798.91  
    0.425       272.34          2374.72        3072.70         3237.35         3803.47  
    0.431       270.86          2366.63        3058.13         3357.00         3789.96  
    0.438       269.29          2370.69        3086.83         3635.76         3774.02  
    0.444       268.41          2361.71        3106.18         3761.10         3905.27  
    0.450       268.02          2317.53        3042.80         3792.76         3871.39  
    0.456       268.02          2319.97        3022.99         3699.88         3832.21  
    0.463       267.50          2342.16        3033.11         3693.99         3832.13  
    0.469       268.01          2347.91        3021.83         3726.64         3800.88  
    0.475       268.54          2365.56        3017.19         3678.14         3783.62  
    0.481       269.49          2398.60        3026.75         3552.73         3773.48  
    0.488       270.73          2431.92        3039.99         3401.82         3764.49  
    0.494       270.24          2440.73        3039.04         3271.35         3775.89  
    0.500       270.23          2430.66        3013.56         3333.36         3776.26  
    0.506       272.42          2417.07        3005.71         3640.14         3779.12  
    0.513       93.25          1005.24        2653.33         3294.23         3794.39  
    0.519       0          282.07        2504.37         3053.91         3816.04  
    0.525       0          288.79        2496.38         3062.19         3814.45  
    0.531       0          272.52        2528.92         3056.22         3820.90  
    0.537       0          270.23        2553.22         3050.62         3865.43  
    0.544       0          260.07        2548.98         3098.07         3889.57  
    0.550       0          276.95        2557.65         3207.79         3880.33  
    