0.025       0          282.59        2514.18         3245.39         3986.05  
    0.031       0          282.10        2482.62         3250.55         3987.73  
    0.038       0          285.27        2450.44         3235.10         3956.55  
    0.044       0          287.72        2424.87         3218.60         3925.47  
    0.050       146.31          1371.65        2806.70         3596.75         4104.73  
    0.056       279.37          2386.18        3191.66         3913.73         4434.80  
    0.062       282.43          2421.09        3231.60         3907.51         4470.13  
    0.069       289.06          2412.36        3248.31         3838.93         4144.76  
    0.075       286.51          2384.80        3244.10         3662.75         3939.34  
    0.081       282.80          2382.90        3230.82         3519.31         3915.38  
    0.088       284.91          2377.87        3193.83         3635.60         3882.99  
    0.094       287.79          2376.54        3169.32         3803.58         3871.46  
    0.100       288.88          2373.38        3146.62         3733.45         3882.64  
    0.106       288.88          2369.38        3124.36         3694.52         3893.32  
    0.113       286.55          2376.82        3128.22         3799.70         3914.45  
    0.119       284.34          2390.55        3145.04         3862.51         4011.16  
    0.125       283.77          2402.37        3155.70         3857.36         4157.21  
    0.131       283.81          2413.82        3158.88         3857.98         4230.51  
    0.138       285.94          2411.72        3156.19         3864.26         4238.39  
    0.144       286.54          2403.68        3148.71         3863.49         4236.48  
    0.150       284.40          2406.89        3143.87         3859.92         4178.96  
    0.156       284.29          2409.69        3141.49         3861.26         4089.51  
    0.163       284.71          2404.05        3135.08         3854.39         4061.72  
    0.169       284.02          2398.42        3130.88         3850.51         4066.78  
    0.175       284.33          2396.87        3134.90         3858.45         4050.01  
    0.181       284.57          2398.22        3135.27         3868.95         3960.93  
    0.188       283.50          2399.20        3132.30         3865.18         3957.14  
    0.194       282.40          2401.02        3126.75         3857.07         3974.09  
    0.200       281.47          2408.09        3128.72         3853.50         3969.30  
    0.206       280.16          2410.51        3141.59         3853.55         4100.44  
    0.213       279.38          2402.58        3150.45         3863.74         4159.63  
    0.219       280.86          2396.78        3155.74         3866.18         4185.52  
    0.225       282.91          2400.37        3156.16         3865.21         4090.74  
    0.231       284.55          2402.29        3134.32         3691.83         3931.33  
    0.238       286.55          2399.59        3112.19         3474.23         3910.38  
    0.244       287.70          2400.24        3111.26         3527.06         3901.28  
    0.250       286.66          2397.05        3105.86         3611.04         3892.76  
    0.256       285.61          2394.43        3102.67         3621.27         3880.83  
    0.263       286.51          2399.76        3110.69         3706.00         3846.70  
    0.269       287.91          2403.71        3119.77         3793.80         3854.30  
    0.275       288.12          2401.36        3129.87         3811.75         3917.96  
    0.281       286.62          2396.16        3136.34         3796.95         3912.97  
    0.288       284.82          2391.22        3127.90         3778.56         3832.57  
    0.294       284.99          2385.62        3096.82         3663.95         3803.74  
    0.300       285.95          2384.73        3081.08         3496.20         3818.21  
    0.306       287.23          2392.02        3134.69         3313.02         3809.45  
    0.312       288.70          2393.19        3176.66         3207.67         3794.15  
    0.319       288.61          2392.05        3147.97         3398.13         3787.14  
    0.325       287.80          2396.24        3107.83         3672.06         3777.85  
    0.331       287.03          2396.34        3086.30         3759.59         3866.72  
    0.338       284.35          2390.87        3095.85         3773.98         3948.00  
    0.344       283.43          2387.46        3115.72         3804.05         3899.15  
    0.350       284.84          2382.80        3108.93         3810.85         3940.38  
    0.356       284.63          2374.48        3094.77         3801.12         4013.05  
    0.363       283.68          2373.40        3088.52         3807.28         3910.93  
    0.369       281.17          2384.10        3090.95         3682.92         3824.90  
    0.375       278.12          2382.92        3070.34         3545.86         3837.55  
    0.381       277.14          2369.06        3019.75         3575.52         3845.55  
    0.388       278.49          2371.56        3026.05         3534.85         3832.64  
    0.394       280.73          2385.50        3074.78         3386.48         3815.39  
    0.400       282.08          2393.30        3087.17         3245.01         3806.64  
    0.406       281.10          2397.65        3079.16         3460.41         3795.07  
    0.413       134.61          1299.86        2718.86         3392.11         3791.80  
    0.419       0          279.01        2385.96         3084.30         3786.79  
    0.425       0          276.77        2383.78         3113.73         3775.34  
    0.431       0          275.07        2378.18         3184.49         3783.98  
    0.438       0          273.82        2365.66         3164.38         3830.18  
    0.444       141.72          1387.24        2738.41         3377.75         3863.40  
    0.450       272.15          2400.26        3089.59         3620.52         3854.94  
    0.456       271.99          2382.69        3056.16         3616.42         3829.32  
    0.463       272.88          2424.12        3039.45         3496.65         3813.48  
    0.469       273.81          2525.27        3081.04         3278.00         3808.32  
    0.475       275.84          2598.39        2990.38         3170.25         3804.38  
    0.481       133.29          1399.19        2696.34         3128.29         3814.74  
    0.488       0          275.94        2503.95         3086.78         3815.20  
    0.494       0          277.07        2474.86         3097.62         3808.52  
    0.500       0          280.52        2488.49         3134.27         3825.93  
    0.506       0          288.01        2534.35         3169.42         3863.23  
    0.513       0          300.32        2551.17         3154.81         3869.94  
    0.519       0          293.87        2576.32         3128.15         3854.48  
    0.525       0          281.43        2607.09         3132.32         3884.75  
    0.531       0          276.89        2607.97         3193.77         3916.07  
    0.537       0          275.05        2598.11         3378.63         3884.46  
    0.544       0          299.63        2576.49         3377.03         3866.94  
    0.550       0          320.15        2523.39         3488.48         3841.31  
    0.556       0          303.47        2456.20         3627.39         4132.62  
    0.562       0          277.42        2420.69         3548.40         4256.46  
    0.569       115.39          1095.24        2502.21         3698.56         4503.04  
    