0.025       363.75          1612.97        2181.63         3217.04         4885.87  
    0.031       356.17          2056.78        2244.82         3333.95         4962.45  
    0.038       72.37          750.35        2181.40         3174.36         3961.44  
    0.044       300.37          1773.37        2229.43         3150.81         3835.55  
    0.050       392.04          2133.48        2413.21         3176.23         3858.72  
    0.056       397.14          2158.55        2686.87         3139.67         3833.26  
    0.062       394.66          2173.83        3006.20         3622.34         3769.93  
    0.069       401.40          2140.71        2851.11         3265.31         3853.96  
    0.075       402.50          2149.10        2958.19         3123.09         3864.76  
    0.081       403.89          2168.16        3068.61         3189.92         3860.43  
    0.088       404.56          2135.43        2848.75         3196.48         3919.60  
    0.094       410.99          2148.54        3014.36         3233.74         3901.00  
    0.100       405.31          2156.31        2876.71         3203.36         3915.30  
    0.106       394.84          2095.97        2339.28         3158.05         3919.02  
    0.113       397.92          2117.16        2832.45         3197.94         4101.00  
    0.119       401.28          2111.54        3002.74         3445.22         4143.22  
    0.125       390.95          2129.10        3069.85         3264.59         4089.50  
    0.131       381.70          2134.83        2994.20         3384.62         4057.25  
    0.138       374.21          2135.26        2977.46         3536.08         4040.03  
    0.144       367.67          2149.05        2929.28         3349.42         4021.23  
    0.150       367.21          2157.00        2449.55         3437.42         4144.62  
    0.156       367.06          2097.98        2368.44         3511.11         4165.25  
    0.163       366.95          2027.34        2489.52         3518.36         4191.23  
    0.169       367.88          1939.98        2501.60         3582.86         4268.12  
    0.175       367.47          1926.58        2457.55         3599.17         4301.95  
    0.181       370.54          1992.60        2526.58         3559.65         4285.01  
    0.188       373.27          2024.31        2655.20         3454.33         4231.16  
    0.194       374.31          2041.07        2630.61         3483.49         4187.44  
    0.200       374.29          2058.68        2624.23         3555.80         4220.84  
    0.206       374.15          2069.70        2722.24         3588.90         4220.18  
    0.213       374.11          2026.09        2881.54         3673.61         4218.77  
    0.219       374.04          2015.75        2861.38         3651.90         4220.49  
    0.225       373.89          2045.30        2686.94         3640.62         4227.63  
    0.231       372.97          2033.69        2551.31         3646.49         4254.88  
    0.238       372.60          2041.34        2617.59         3599.07         4209.23  
    0.244       372.11          2049.06        2646.06         3513.35         4226.79  
    0.250       371.21          2055.31        2580.37         3426.15         4255.41  
    0.256       370.01          2058.94        2526.61         3475.24         4203.61  
    0.263       367.42          2059.58        2351.79         3329.19         4158.04  
    0.269       364.54          2139.61        2198.34         3371.32         4202.10  
    0.275       361.51          2167.46        2227.59         3350.20         4254.37  
    0.281       360.72          2169.09        2232.01         3408.37         4266.02  
    0.288       358.37          2159.11        2179.18         3610.00         4168.30  
    0.294       356.50          2149.57        2207.23         3396.19         4068.21  
    0.300       358.42          2100.67        2165.06         3192.47         4162.83  
    0.306       367.33          2099.35        2150.00         3178.31         4200.81  
    0.312       374.00          1997.44        2209.55         3221.11         4241.38  
    0.319       379.10          1974.68        2232.63         3247.41         4147.08  
    0.325       390.84          2096.70        2172.75         3205.54         4037.72  
    0.331       400.75          2121.69        2317.04         3188.66         3953.35  
    0.338       408.25          2125.21        2634.21         3197.08         3860.62  
    0.344       411.00          2095.66        2851.63         3336.67         3911.20  
    0.350       408.31          2073.11        2917.23         3396.59         4041.00  
    0.356       405.73          2067.36        2954.80         3415.93         4125.81  
    0.363       412.57          2072.53        2953.76         3476.17         4156.63  
    0.369       421.00          2090.12        2939.93         3498.19         4199.70  
    0.375       418.75          2096.22        2942.43         3520.22         4289.50  
    0.381       410.83          2061.58        2968.86         3556.31         4249.52  
    0.388       408.14          2045.97        2994.20         3523.28         4150.33  
    0.394       404.20          2083.25        2742.19         3457.65         4228.59  
    0.400       402.00          2054.26        2769.42         3465.42         4253.28  
    0.406       384.68          2009.50        2922.19         3489.83         4252.81  
    0.413       385.82          1971.84        2976.70         3546.39         4277.35  
    0.419       387.62          2014.70        2910.49         3470.71         4268.74  
    0.425       397.01          2054.83        2943.58         3531.00         4267.38  
    0.431       405.04          2087.65        2997.34         3630.30         4212.54  
    0.438       402.95          2061.85        2917.40         3552.58         4295.25  
    0.444       407.61          2071.24        2952.66         3583.36         4322.70  
    0.450       410.10          2092.15        3022.77         3694.56         4246.75  
    0.456       396.06          2021.31        2915.49         3610.35         4169.41  
    0.463       392.89          1999.27        2890.54         3587.34         4224.17  
    0.469       388.61          2036.84        2933.84         3594.04         4172.24  
    0.475       379.97          2031.72        2971.84         3584.93         4252.45  
    0.481       391.16          2068.55        3009.84         3644.09         4250.88  
    0.488       379.05          2072.15        2955.73         3631.10         4085.00  
    0.494       368.54          2047.68        2802.31         3421.60         4146.87  
    0.500       399.65          2066.34        2856.03         3457.56         4182.27  
    0.506       411.55          2090.11        2937.47         3555.69         4176.93  
    0.513       407.40          2079.60        2719.11         3477.93         4073.93  
    0.519       270.11          2080.69        2296.36         3497.59         4131.60  
    0.525       295.17          1935.35        2312.04         3522.00         4197.07  
    0.531       331.46          1858.46        2379.46         3655.46         4297.31  
    0.537       357.29          1846.36        2621.46         3605.32         4299.49  
    0.544       365.48          1853.31        2980.48         3591.63         4161.06  
    