0.025       546.42          1581.19        2364.29         3812.64         5500.00  
    0.031       544.57          1582.10        2671.41         3913.37         5500.00  
    0.038       547.41          1577.72        2643.16         3985.96         5500.00  
    0.044       543.93          1582.62        2319.43         3815.50         5206.99  
    0.050       374.88          1594.13        2278.54         3703.77         5087.42  
    0.056       324.64          1965.92        2190.41         3651.83         4981.49  
    0.062       320.90          2134.77        2427.49         3740.73         4916.83  
    0.069       318.76          2181.39        2268.04         3802.29         4794.23  
    0.075       322.56          2195.88        2344.64         3826.21         4804.74  
    0.081       323.28          2204.76        2346.57         3829.18         4786.86  
    0.088       319.47          2201.56        2458.42         3816.33         4918.35  
    0.094       317.15          2195.38        2690.82         3820.05         5230.42  
    0.100       314.44          2193.36        2953.61         3859.48         4817.14  
    0.106       310.47          2206.81        3023.85         3864.46         4618.56  
    0.113       303.96          2227.71        2728.32         3853.73         4656.03  
    0.119       299.44          2221.60        2823.63         3796.52         4462.66  
    0.125       295.61          2210.25        2803.15         3826.83         4453.39  
    0.131       294.81          2235.69        2679.79         3820.91         4738.96  
    0.138       294.73          2246.00        2574.44         3810.76         4730.47  
    0.144       296.08          2258.99        2522.03         3804.06         4601.67  
    0.150       297.46          2244.21        2581.67         3807.40         4651.92  
    0.156       297.05          2241.67        2765.99         3826.21         4604.42  
    0.163       294.55          2251.02        2895.34         3842.75         4553.96  
    0.169       291.92          2255.84        2791.06         3841.08         4529.63  
    0.175       291.07          2258.88        2647.64         3804.98         4527.90  
    0.181       290.27          2255.13        2610.57         3756.93         4588.32  
    0.188       289.35          2259.96        2668.54         3809.93         4680.79  
    0.194       291.31          2276.10        2735.20         3775.91         4724.42  
    0.200       293.06          2270.87        2709.43         3714.19         4663.82  
    0.206       292.34          2286.70        2669.11         3766.77         4591.55  
    0.213       289.91          2276.72        2662.04         3789.18         4566.39  
    0.219       289.27          2276.84        2636.30         3790.04         4560.35  
    0.225       289.47          2277.66        2688.71         3788.04         4560.42  
    0.231       289.71          2287.84        2678.27         3743.99         4562.80  
    0.238       290.94          2266.13        2518.06         3722.89         4562.40  
    0.244       291.26          2265.57        2500.31         3722.94         4585.66  
    0.250       290.27          2279.42        2487.66         3709.03         4625.89  
    0.256       288.96          2281.19        2479.96         3676.64         4763.25  
    0.263       289.86          2287.88        2553.52         3712.77         4816.09  
    0.269       291.03          2298.46        2523.54         3755.76         4694.87  
    0.275       292.76          2300.13        2508.26         3776.09         4734.65  
    0.281       295.05          2293.04        2535.97         3742.19         4758.47  
    0.288       295.84          2289.91        2450.02         3731.57         4743.78  
    0.294       295.45          2283.23        2408.06         3671.39         4702.33  
    0.300       296.48          2287.51        2434.42         3665.09         4709.32  
    0.306       297.61          2290.56        2449.32         3626.01         4658.56  
    0.312       296.31          2288.71        2480.86         3608.46         4688.68  
    0.319       295.57          2278.74        2452.30         3654.99         4685.03  
    0.325       293.79          2270.80        2455.82         3686.37         4724.28  
    0.331       291.68          2273.87        2468.73         3735.96         4843.86  
    0.338       292.89          2272.67        2479.09         3736.82         4842.79  
    0.344       293.16          2310.78        2393.48         3728.62         4777.52  
    0.350       291.40          2353.14        2383.18         3746.45         4742.84  
    0.356       289.90          2350.95        2471.56         3770.64         4750.64  
    0.363       290.09          2338.77        2554.49         3731.29         4844.09  
    0.369       288.20          2337.39        2567.02         3713.53         4878.04  
    0.375       286.52          2325.80        2524.64         3713.33         4753.19  
    0.381       287.64          2330.34        2436.23         3707.13         4710.27  
    0.388       286.67          2328.52        2418.55         3648.44         4692.56  
    0.394       285.93          2327.15        2450.71         3593.33         4728.08  
    0.400       286.12          2330.18        2482.77         3593.91         4780.49  
    0.406       284.18          2330.01        2384.57         3557.84         4766.40  
    0.413       282.06          2321.85        2332.37         3610.36         4791.39  
    0.419       279.64          2322.10        2425.25         3672.13         4823.89  
    0.425       278.30          2316.54        2505.22         3686.53         4806.22  
    0.431       278.77          2319.69        2475.62         3634.39         4707.94  
    0.438       282.89          2330.54        2421.27         3549.03         4662.82  
    0.444       281.56          2270.85        2353.76         3580.76         4662.91  
    0.450       283.14          2077.56        2356.51         3564.30         4679.54  
    0.456       280.62          1953.20        2372.85         3579.13         4670.35  
    0.463       275.22          1947.22        2382.48         3559.92         4671.84  
    0.469       280.36          1972.23        2338.54         3492.63         4627.28  
    0.475       287.61          1920.36        2318.34         3509.03         4622.66  
    0.481       291.33          1837.57        2342.20         3578.96         4653.84  
    0.488       293.96          1852.00        2374.23         3583.75         4727.06  
    0.494       308.14          1759.42        2389.31         3418.03         4809.19  
    0.500       313.38          1601.22        2424.13         3279.94         4865.15  
    0.506       337.58          1822.96        2436.80         3281.85         5060.98  
    0.513       328.60          2019.54        2441.35         3430.73         5458.13  
    0.519       266.27          1689.06        2457.79         3528.75         5500.00  
    0.525       230.45          1617.78        2475.26         3696.20         5190.95  
    0.531       239.88          1603.46        2486.87         3722.17         5177.37  
    0.537       277.27          1607.56        2619.76         3751.04         4991.72  
    