0.025       0          267.15        2888.67         3131.05         4882.49  
    0.031       0          270.93        2815.85         3133.01         4887.36  
    0.038       170.24          1641.57        2991.00         3231.41         4921.42  
    0.044       284.66          2466.50        3137.70         3357.07         4956.27  
    0.050       288.89          2392.59        3126.19         3362.33         4985.30  
    0.056       291.67          2349.41        3101.05         3331.12         5000.06  
    0.062       295.48          2356.54        3115.43         3327.71         5000.32  
    0.069       296.50          2379.36        3137.60         3345.21         4970.58  
    0.075       297.04          2377.63        3151.03         3320.50         4886.90  
    0.081       296.52          2380.89        3153.95         3376.63         4802.86  
    0.088       293.92          2391.45        3159.98         3426.56         4835.67  
    0.094       292.63          2396.05        3175.78         3392.42         4912.30  
    0.100       292.91          2395.17        3178.83         3349.44         4937.39  
    0.106       292.65          2404.90        3172.88         3382.50         4839.32  
    0.113       291.78          2388.84        3141.05         3396.22         4769.00  
    0.119       291.14          2354.16        3119.48         3333.37         4854.04  
    0.125       289.94          2350.06        3135.44         3352.42         5021.41  
    0.131       288.56          2349.83        3143.12         3378.70         5165.72  
    0.138       286.08          2342.37        3118.54         3425.95         5236.93  
    0.144       284.06          2357.46        3096.18         3615.19         5205.54  
    0.150       282.85          2372.41        3088.88         3685.06         5162.66  
    0.156       281.67          2356.93        3092.61         3528.62         5221.73  
    0.163       282.35          2347.66        3104.29         3565.97         5236.40  
    0.169       283.66          2353.59        3105.24         3508.10         5241.25  
    0.175       285.04          2366.06        3105.83         3344.51         5299.74  
    0.181       284.99          2391.11        3112.27         3655.28         5266.07  
    0.188       283.35          2390.01        3135.20         4289.66         5392.85  
    0.194       282.65          2374.35        3167.55         4540.64         5500.00  
    0.200       282.97          2374.30        3152.90         4562.93         5500.00  
    0.206       281.55          2380.27        3125.40         4607.39         5500.00  
    0.213       281.26          2388.03        3111.44         4587.93         5500.00  
    0.219       281.47          2399.80        3111.05         4549.83         5500.00  
    0.225       281.37          2381.78        3118.79         4555.26         5500.00  
    0.231       280.70          2333.54        3137.67         4559.71         5500.00  
    0.238       278.86          2317.44        3126.27         4577.21         5500.00  
    0.244       276.81          2335.05        3110.12         4559.57         5500.00  
    0.250       275.82          2316.68        3106.65         4511.45         5500.00  
    0.256       276.80          2299.24        3113.46         4503.30         5500.00  
    0.263       277.24          2338.51        3112.83         4571.14         5500.00  
    0.269       108.50          1092.79        2672.50         3696.93         4936.32  
    0.275       0          275.13        2410.29         3117.36         4574.96  
    0.281       0          276.05        2387.26         3137.45         4595.50  
    0.288       168.92          1513.58        2830.72         4030.59         5150.73  
    0.294       108.73          1073.71        2643.56         3723.17         4900.68  
    0.300       0          275.87        2333.80         3146.15         4505.04  
    0.306       0          278.06        2345.82         3166.33         4514.28  
    0.312       0          283.54        2376.17         3186.48         4536.61  
    0.319       0          286.33        2421.63         3159.86         4523.60  
    0.325       0          287.76        2471.06         3117.02         4497.63  
    0.331       0          289.12        2501.90         3089.17         4536.09  
    0.338       0          292.42        2513.49         3085.57         4563.46  
    0.344       0          295.50        2535.63         3085.77         4562.80  
    0.350       0          295.36        2537.03         3111.86         4552.53  
    0.356       0          291.61        2553.34         3134.31         4519.43  
    0.363       0          291.75        2585.96         3144.60         4456.64  
    0.369       0          289.11        2587.34         3180.89         4449.98  
    0.375       0          269.08        2511.08         3187.85         4510.60  
    0.381       0          248.39        2480.42         3185.57         4583.58  
    