0.025       386.66          1883.22        2812.48         3562.75         5500.00  
    0.031       346.99          2106.14        2869.10         3629.76         5500.00  
    0.038       305.85          2178.39        2902.98         3671.51         5500.00  
    0.044       282.42          2154.75        2913.04         3656.07         5500.00  
    0.050       274.81          2152.30        2900.50         3689.41         5500.00  
    0.056       271.40          2124.83        2906.21         3721.72         5500.00  
    0.062       267.98          2063.36        2935.16         3701.03         5500.00  
    0.069       264.06          2085.98        2958.93         3671.81         5474.65  
    0.075       261.87          2179.19        2981.89         3679.72         5397.67  
    0.081       258.77          2187.59        2964.02         3686.12         5328.77  
    0.088       256.25          2178.81        2982.58         3647.68         5315.85  
    0.094       257.04          2193.12        3037.18         3643.59         5361.86  
    0.100       255.06          2205.13        3047.18         3629.26         5440.09  
    0.106       253.03          2223.79        3091.69         3536.56         5489.44  
    0.113       253.65          2228.50        3122.63         3623.83         5500.00  
    0.119       252.33          2254.01        3106.71         3691.35         5500.00  
    0.125       249.77          2265.42        3122.95         3488.72         5500.00  
    0.131       247.66          2254.70        3140.27         3403.62         5500.00  
    0.138       246.90          2247.61        3148.93         3424.41         5500.00  
    0.144       247.78          2255.42        3159.13         3380.35         5500.00  
    0.150       247.27          2281.03        3149.70         3538.31         5500.00  
    0.156       246.59          2292.75        3139.72         3708.93         5500.00  
    0.163       246.86          2254.04        3133.56         3593.62         5500.00  
    0.169       246.70          2292.29        3128.88         3522.49         5500.00  
    0.175       247.15          2323.69        3130.16         3518.40         5500.00  
    0.181       248.14          2316.26        3133.81         3503.94         5500.00  
    0.188       249.62          2308.08        3130.32         3516.23         5500.00  
    0.194       249.74          2307.09        3123.41         3501.24         5500.00  
    0.200       250.11          2331.46        3125.53         3493.71         5500.00  
    0.206       251.82          2356.89        3132.29         3506.17         5500.00  
    0.213       252.18          2365.74        3134.73         3513.53         5500.00  
    0.219       251.63          2359.94        3134.57         3515.73         5500.00  
    0.225       252.80          2366.22        3133.50         3529.56         5500.00  
    0.231       254.48          2384.21        3129.94         3528.76         5500.00  
    0.238       257.45          2398.24        3122.72         3512.40         5500.00  
    0.244       259.19          2396.35        3121.15         3515.38         5500.00  
    0.250       260.54          2375.06        3119.03         3516.36         5500.00  
    0.256       260.12          2348.99        3110.23         3515.69         5500.00  
    0.263       263.27          2371.65        3101.34         3507.50         5500.00  
    0.269       265.45          2381.60        3093.92         3512.56         5500.00  
    0.275       264.23          2376.97        3084.57         3543.20         5500.00  
    0.281       265.26          2370.73        3082.18         3553.17         5421.71  
    0.288       263.96          2332.17        3079.03         3558.42         5459.89  
    0.294       261.26          2301.88        3074.91         3574.18         5500.00  
    0.300       263.16          2300.85        3073.37         3585.78         5500.00  
    0.306       268.99          2351.15        3074.70         3576.60         5500.00  
    0.312       268.81          2366.32        3071.97         3569.65         5395.47  
    0.319       265.74          2348.45        3070.21         3570.45         5446.44  
    0.325       264.16          2313.80        3067.75         3582.10         5500.00  
    0.331       262.49          2302.22        3066.14         3582.80         5500.00  
    0.338       263.38          2332.43        3065.25         3584.35         5500.00  
    0.344       265.78          2378.50        3065.51         3585.64         5500.00  
    0.350       269.66          2394.33        3065.05         3570.44         5500.00  
    0.356       268.20          2379.11        3064.69         3577.07         5500.00  
    0.363       267.79          2383.58        3063.50         3585.89         5500.00  
    0.369       268.96          2404.29        3053.27         3572.84         5500.00  
    0.375       268.12          2411.63        3042.88         3571.95         5500.00  
    0.381       268.90          2399.59        3048.29         3592.47         5500.00  
    0.388       268.55          2402.99        3056.11         3609.88         5500.00  
    0.394       268.82          2433.77        3057.37         3606.09         5500.00  
    0.400       272.44          2456.46        3061.55         3603.10         5500.00  
    0.406       273.85          2466.19        3059.70         3612.57         5500.00  
    0.413       274.45          2461.11        3047.30         3612.74         5500.00  
    0.419       276.26          2431.10        3036.34         3613.42         5500.00  
    0.425       279.95          2397.01        3018.06         3602.98         5500.00  
    0.431       284.20          2393.08        2990.34         3605.97         5500.00  
    0.438       286.05          2350.24        2964.11         3638.96         5500.00  
    0.444       287.18          2245.93        2930.54         3685.16         5500.00  
    0.450       287.34          2217.77        2946.12         3703.83         5500.00  
    0.456       285.57          2327.37        2951.19         3694.25         5500.00  
    0.463       286.42          2413.03        2946.94         3692.23         5500.00  
    0.469       275.00          2403.19        2918.83         3704.89         5500.00  
    0.475       247.46          2359.60        2894.46         3698.98         5500.00  
    0.481       80.14          950.02        2782.44         3114.05         4341.82  
    0.488       148.60          1617.02        2896.39         3379.08         4330.63  
    0.494       205.49          2247.22        3096.95         3708.76         5204.90  
    0.500       173.06          2151.56        3014.53         3642.72         5500.00  
    0.506       174.31          2051.90        2996.29         3594.03         5500.00  
    0.513       217.96          1956.49        3189.55         3571.96         5500.00  
    