0.025       365.87          2422.38        3452.17         3508.11         5500.00  
    0.031       327.17          2402.08        3350.91         3683.12         5500.00  
    0.038       287.19          2376.92        3317.05         3856.90         5500.00  
    0.044       261.00          2380.30        3355.59         4059.58         5500.00  
    0.050       243.52          2375.35        3367.41         3795.07         4756.95  
    0.056       230.36          2361.60        3375.92         3671.85         4499.65  
    0.062       228.27          2344.71        3414.40         3672.08         5282.44  
    0.069       229.45          2338.40        3370.98         3682.16         5246.49  
    0.075       230.65          2340.25        3428.02         3674.79         5180.62  
    0.081       230.88          2330.21        3435.99         3659.84         5072.51  
    0.088       231.84          2326.35        3436.27         3647.43         5153.19  
    0.094       233.02          2323.24        3397.21         3667.34         5432.14  
    0.100       233.93          2328.73        3351.49         3663.71         5277.75  
    0.106       233.37          2333.49        3356.41         3646.34         5363.47  
    0.113       229.94          2337.02        3361.68         3662.30         5479.30  
    0.119       227.84          2342.87        3333.53         3680.91         5500.00  
    0.125       227.07          2347.84        3272.88         3621.49         5500.00  
    0.131       225.52          2349.78        3141.56         3612.44         5242.10  
    0.138       224.55          2346.85        3102.42         3679.70         5221.76  
    0.144       223.35          2335.59        3187.63         3676.85         5373.69  
    0.150       221.10          2320.25        3227.26         3624.89         5481.02  
    0.156       219.08          2313.79        3237.31         3582.85         5500.00  
    0.163       217.68          2308.23        3246.03         3579.89         5285.16  
    0.169       217.87          2300.62        3259.96         3591.90         5441.41  
    0.175       218.65          2279.22        3255.05         3596.38         5500.00  
    0.181       218.41          2260.60        3171.24         3522.12         5220.37  
    0.188       218.11          2258.52        3149.08         3495.79         5223.83  
    0.194       218.43          2257.34        3192.16         3506.96         5445.48  
    0.200       220.23          2258.64        3171.39         3508.16         5343.50  
    0.206       223.27          2254.12        3162.12         3492.24         5457.32  
    0.213       224.48          2246.65        3195.68         3485.05         5500.00  
    0.219       223.05          2246.30        3120.53         3469.47         5500.00  
    0.225       219.92          2259.51        3125.57         3484.37         5500.00  
    0.231       214.08          2339.02        3145.58         3528.27         5500.00  
    0.238       210.47          2328.34        3156.27         3557.20         5500.00  
    0.244       207.37          2297.72        3190.45         3570.45         5500.00  
    0.250       205.27          2297.79        3326.42         3460.69         5500.00  
    0.256       206.09          2299.87        3213.72         3629.70         5500.00  
    0.263       207.99          2277.28        3160.83         3631.71         5500.00  
    0.269       209.39          2284.62        3125.18         3551.16         5500.00  
    0.275       208.78          2287.94        3147.08         3539.67         5500.00  
    0.281       208.99          2289.32        3184.20         3548.75         5500.00  
    0.288       209.10          2288.29        3201.63         3571.44         5500.00  
    0.294       208.61          2265.86        3197.41         3583.22         5500.00  
    0.300       207.43          2244.02        3164.20         3547.57         5500.00  
    0.306       205.23          2252.72        3116.60         3510.15         5500.00  
    0.312       202.67          2264.31        3141.19         3482.30         5500.00  
    0.319       200.23          2266.22        2995.44         3488.44         5068.30  
    0.325       196.43          2261.14        3058.07         3536.26         5065.89  
    0.331       198.43          2257.91        3138.78         3567.06         5008.66  
    0.338       208.56          2248.80        3243.14         3500.74         5085.75  
    0.344       218.45          2267.05        3113.92         3484.72         5417.15  
    0.350       231.23          2263.75        3078.15         3486.23         5500.00  
    0.356       244.02          2269.86        3090.44         3481.04         5500.00  
    0.363       252.97          2256.70        3115.23         3514.50         5500.00  
    0.369       260.71          2268.65        3119.96         3536.12         5500.00  
    0.375       265.60          2295.45        3118.15         3526.91         5500.00  
    0.381       266.92          2296.29        3118.78         3517.62         5500.00  
    0.388       266.35          2290.23        3116.60         3511.29         5273.02  
    0.394       263.45          2274.39        3110.02         3517.10         5388.73  
    0.400       261.51          2281.18        3063.27         3510.10         5486.54  
    0.406       258.26          2273.03        3011.99         3512.75         5500.00  
    0.413       254.56          2276.29        2998.52         3490.04         5500.00  
    0.419       244.23          2325.46        3067.64         3465.86         5500.00  
    0.425       221.17          2331.26        3106.43         3532.58         5500.00  
    0.431       199.86          2327.65        3125.09         3574.04         5500.00  
    0.438       192.80          2309.17        3118.04         3567.95         5500.00  
    0.444       196.18          2297.77        3087.48         3546.58         5500.00  
    0.450       203.51          2290.36        3064.94         3562.19         5500.00  
    0.456       210.36          2269.64        3009.48         3534.77         5500.00  
    0.463       210.05          2251.72        2950.77         3512.38         5500.00  
    0.469       208.75          2194.09        3042.18         3537.00         5339.83  
    0.475       216.99          2107.35        3021.25         3771.71         4990.64  
    0.481       236.38          2088.68        3123.05         3841.51         5023.97  
    0.488       226.63          2044.68        3125.48         3714.13         5019.02  
    0.494       247.63          2088.99        3111.40         3691.40         5228.31  
    0.500       311.48          2152.83        3216.83         4257.17         5454.60  
    0.506       70.08          704.28        2416.53         3486.15         4693.44  
    0.513       206.88          1688.57        2821.98         3501.84         5280.03  
    0.519       239.22          2061.99        3053.36         3533.11         5500.00  
    