0.025       0          199.08        1621.78         3136.17         4710.36  
    0.031       190.91          1380.12        2921.86         4108.74         4929.62  
    0.038       26.08          404.71        2794.39         3472.50         5159.17  
    0.044       0          29.98        578.20         2838.35         3648.24  
    0.050       261.75          1405.07        2522.12         3361.64         5252.20  
    0.056       305.71          2034.88        2883.67         3485.59         5224.30  
    0.062       299.32          2237.03        2911.39         3520.25         5217.69  
    0.069       292.99          2293.79        2916.43         3525.58         5168.42  
    0.075       294.99          2273.98        2929.11         3522.56         5167.06  
    0.081       294.73          2223.58        2971.40         3527.50         5383.19  
    0.088       292.69          2240.89        2994.25         3530.11         5207.46  
    0.094       292.11          2269.87        3003.79         3524.33         5140.92  
    0.100       294.34          2254.77        2994.69         3520.91         5095.88  
    0.106       294.47          2263.64        2999.97         3527.96         5111.19  
    0.113       294.18          2331.60        3046.75         3531.66         5116.86  
    0.119       295.27          2297.65        3085.76         3538.97         5163.77  
    0.125       296.27          2229.15        3083.34         3533.45         5231.45  
    0.131       295.20          2260.15        3080.13         3526.83         5183.02  
    0.138       296.23          2332.99        3077.03         3531.23         5132.50  
    0.144       300.24          2357.01        3076.25         3547.78         5160.39  
    0.150       299.39          2359.58        3039.62         3559.95         5156.46  
    0.156       298.34          2406.42        3013.41         3538.31         5133.41  
    0.163       296.00          2439.10        2993.99         3489.35         5155.00  
    0.169       293.67          2284.84        2988.69         3503.15         5179.64  
    0.175       293.10          2202.89        2980.28         3502.37         5250.10  
    0.181       293.53          2211.24        2981.94         3500.34         5328.77  
    0.188       292.54          2332.33        2951.80         3505.31         5273.23  
    0.194       293.28          2591.14        2882.56         3474.93         5181.67  
    0.200       293.89          2505.68        2936.82         3456.73         5181.09  
    0.206       295.50          2276.95        2989.28         3476.87         5218.36  
    0.213       297.27          2190.22        2966.86         3490.36         5158.52  
    0.219       296.19          2155.40        2988.44         3487.52         5178.81  
    0.225       295.94          2167.07        2998.63         3480.62         5225.16  
    0.231       296.53          2166.50        3000.36         3477.74         5159.45  
    0.238       297.40          2204.84        2989.80         3471.55         5092.00  
    0.244       298.36          2214.81        2991.27         3469.26         5083.88  
    0.250       299.06          2238.09        2975.85         3471.31         5107.39  
    0.256       296.79          2208.27        2982.52         3472.65         5092.88  
    0.263       295.56          2175.95        3012.53         3479.44         5070.06  
    0.269       294.79          2190.18        3031.03         3469.89         5159.23  
    0.275       295.21          2182.93        3027.61         3460.15         5203.64  
    0.281       293.19          2204.59        3011.80         3447.81         5144.84  
    0.288       292.35          2184.21        2996.65         3442.61         5056.77  
    0.294       293.03          2326.28        2985.46         3435.50         5024.26  
    0.300       291.20          2248.23        2981.86         3450.84         5043.21  
    0.306       289.85          2108.93        2980.90         3453.56         5043.39  
    0.312       293.64          2143.68        2973.58         3441.34         5072.13  
    0.319       295.72          2120.53        2937.91         3424.24         5067.73  
    0.325       296.68          2310.33        2878.95         3387.65         5061.09  
    0.331       297.51          2468.65        2838.71         3380.63         5067.30  
    0.338       35.77          564.16        2801.17         3388.90         5047.13  
    0.344       0          305.07        2806.59         3393.46         4940.99  
    0.350       0          306.01        2683.62         3351.93         4823.22  
    0.356       262.91          2271.01        3133.28         3344.63         4919.38  
    0.363       289.85          2575.68        2742.20         3372.61         5045.41  
    0.369       278.20          2268.98        2775.86         3379.47         5060.43  
    0.375       276.68          2053.63        2786.81         3364.66         5017.27  
    0.381       33.25          502.25        2646.53         3323.99         5067.15  
    0.388       0          324.12        2477.48         3338.11         4763.86  
    0.394       0          338.63        2523.75         3295.06         4724.45  
    0.400       0          316.37        2505.20         3256.45         4641.83  
    0.406       0          310.32        2475.42         3284.31         4568.48  
    0.413       0          306.16        2666.31         3252.90         4613.55  
    0.419       0          279.53        2669.26         3173.16         4448.38  
    0.425       0          248.85        2553.26         3202.96         4408.38  
    0.431       0          243.07        2511.99         3217.03         4408.30  
    0.438       0          240.04        2475.89         3161.77         4449.18  
    0.444       0          236.95        2673.74         3344.03         5243.18  
    0.450       0          233.72        2686.43         3409.67         5397.96  
    0.456       0          227.72        2655.90         3374.14         5103.85  
    0.463       195.68          1594.28        2732.37         3633.93         5189.36  
    0.469       226.48          1603.63        2751.57         3659.54         5295.28  
    0.475       232.52          1677.23        2749.45         3632.16         5476.85  
    0.481       234.57          1537.42        2798.88         3629.16         5281.11  
    0.488       255.85          1533.06        2773.92         3656.45         5121.65  
    