0.025       0          1292.29        2212.54         3253.52         4375.50  
    0.031       0          1318.66        2190.78         3060.16         4275.51  
    0.038       243.54          1677.42        2857.21         3219.77         5094.04  
    0.044       278.33          2290.57        2771.14         3108.57         5277.40  
    0.050       275.46          2084.68        2972.13         3661.01         5290.24  
    0.056       55.02          644.35        2448.54         3248.44         4514.47  
    0.062       0          314.47        2356.00         3116.65         4305.22  
    0.069       0          315.47        2348.98         3114.89         4303.62  
    0.075       0          302.52        2359.71         3065.40         4281.95  
    0.081       0          288.73        2441.58         3076.44         4259.95  
    0.088       0          300.28        2580.84         3123.40         4233.35  
    0.094       0          291.02        2356.46         3127.15         4211.88  
    0.100       0          288.81        2270.65         3127.18         4120.57  
    0.106       0          296.74        2286.30         3145.37         4052.23  
    0.113       244.19          1930.57        2993.68         3862.85         5209.45  
    0.119       311.43          2345.89        3178.42         4018.81         5500.00  
    0.125       316.42          2351.12        3208.11         4052.02         5500.00  
    0.131       316.00          2304.61        3212.35         4046.44         5500.00  
    0.138       316.60          2252.11        3226.29         3957.38         5500.00  
    0.144       318.66          2245.62        3239.26         3946.24         5500.00  
    0.150       320.75          2283.45        3240.31         3984.84         5500.00  
    0.156       315.33          2298.87        3255.24         3980.15         5500.00  
    0.163       311.44          2340.06        3307.53         3959.98         5500.00  
    0.169       61.88          711.47        2587.19         3447.61         4272.50  
    0.175       0          299.89        2420.93         3327.30         3999.19  
    0.181       0          295.95        2516.85         3370.79         4063.50  
    0.188       0          298.53        2429.64         3386.32         4034.88  
    0.194       0          298.00        2378.24         3407.95         4005.65  
    0.200       0          288.36        2274.83         3414.75         3904.34  
    0.206       216.86          1689.97        3157.57         3744.47         5177.53  
    0.213       247.16          1977.15        3381.32         3875.21         5500.00  
    0.219       48.04          564.31        2399.87         3479.19         4259.55  
    0.225       0          252.55        2308.91         3393.99         4014.90  
    0.231       0          281.55        2400.55         3462.97         4117.46  
    0.238       0          284.62        2425.46         3504.04         4228.44  
    0.244       0          283.23        2416.63         3515.63         4183.77  
    0.250       0          284.22        2422.04         3490.60         4187.51  
    0.256       0          292.58        2399.22         3464.53         4166.17  
    0.263       230.23          2029.60        3234.65         3865.80         5233.14  
    0.269       57.23          712.34        2777.82         3559.82         4157.59  
    0.275       216.62          2123.95        3340.27         3711.13         5166.30  
    0.281       245.78          2324.47        3446.18         3833.43         5500.00  
    0.288       244.77          2253.65        3408.78         3854.65         5500.00  
    0.294       48.99          656.66        2636.59         3533.78         4274.47  
    0.300       0          248.18        2451.68         3437.85         4169.14  
    0.306       225.65          1906.24        3210.69         3972.92         5244.90  
    0.312       289.59          2303.72        3423.32         4005.04         5500.00  
    0.319       293.12          2387.45        3481.25         4003.63         5500.00  
    0.325       58.44          715.00        2667.32         3605.62         4364.88  
    0.331       0          292.41        2466.39         3535.35         4075.60  
    0.338       0          295.52        2452.88         3553.75         4024.20  
    0.344       0          295.74        2459.12         3535.40         3908.42  
    0.350       239.68          2025.26        3336.42         3615.44         5178.01  
    0.356       303.19          2417.80        3544.78         3584.95         5500.00  
    0.363       310.35          2423.88        3433.71         3879.94         5500.00  
    0.369       62.09          730.85        2649.99         3508.63         4326.59  
    0.375       0          308.55        2462.46         3413.10         4091.60  
    0.381       0          312.86        2475.05         3416.58         4108.89  
    0.388       0          314.30        2515.05         3382.88         3990.32  
    0.394       0          314.77        2539.18         3378.52         4076.32  
    0.400       0          325.02        2573.95         3377.14         4267.41  
    0.406       0          340.44        2632.69         3369.98         4211.74  
    0.413       0          353.37        2710.53         3352.60         4129.85  
    0.419       0          368.53        2799.27         3371.24         4038.99  
    0.425       0          378.65        2905.95         3311.13         4072.98  
    0.431       0          390.05        2696.34         3293.09         4254.85  
    0.438       0          393.14        2527.53         3301.92         4277.65  
    0.444       0          402.33        2518.83         3323.26         4300.00  
    0.450       0          411.38        2545.06         3329.90         4437.23  
    0.456       0          406.19        2451.40         3289.70         4460.27  
    0.463       0          381.64        2409.28         3277.17         4487.71  
    0.469       0          348.85        2507.30         3300.36         4492.11  
    0.475       0          309.66        2562.52         3306.28         4452.43  
    0.481       0          276.10        2527.75         3279.50         4427.86  
    0.488       0          256.85        2508.32         3273.43         4512.76  
    0.494       0          250.94        2549.18         3233.57         4511.61  
    0.500       0          254.18        2479.22         3288.13         4461.73  
    0.506       0          263.64        2475.35         3272.86         4493.51  
    0.513       0          274.43        2407.11         3208.63         4504.52  
    0.519       0          285.96        2359.87         3152.11         4494.97  
    0.525       0          304.87        2360.23         3120.50         4516.38  
    0.531       0          310.73        1793.51         3089.83         4551.57  
    0.537       0          309.71        1618.29         3098.91         4537.30  
    0.544       0          301.89        2031.36         3121.63         4494.81  
    0.550       0          285.99        2273.33         3199.59         4498.97  
    0.556       0          277.84        2271.23         3171.43         4514.61  
    0.562       0          278.23        2544.51         3078.16         4571.31  
    