0.025       539.92          2030.58        2821.98         3600.54         5500.00  
    0.031       439.84          2173.13        2876.04         3644.91         5500.00  
    0.038       341.76          2212.04        2908.83         3675.59         5500.00  
    0.044       299.47          2181.33        2920.25         3661.19         5500.00  
    0.050       285.59          2182.05        2915.03         3699.01         5500.00  
    0.056       283.96          2167.04        2921.12         3727.86         5500.00  
    0.062       282.79          2105.36        2952.28         3685.52         5500.00  
    0.069       280.06          2114.02        2990.67         3636.19         5454.45  
    0.075       279.30          2181.67        2992.85         3633.53         5260.73  
    0.081       275.66          2174.04        2946.68         3634.53         5131.85  
    0.088       271.64          2174.52        2995.52         3569.46         5129.99  
    0.094       272.22          2193.47        3047.90         3560.98         5145.63  
    0.100       270.29          2207.33        3056.08         3585.60         5368.43  
    0.106       267.91          2239.42        3101.19         3627.02         5500.00  
    0.113       268.28          2261.04        3134.70         3907.73         5500.00  
    0.119       265.57          2266.48        3101.57         3979.30         5500.00  
    0.125       261.37          2259.05        3102.26         3780.82         5500.00  
    0.131       258.00          2252.61        3127.41         3759.83         5500.00  
    0.138       256.13          2250.23        3146.59         3718.43         5500.00  
    0.144       257.12          2245.00        3159.41         3510.46         5500.00  
    0.150       256.14          2270.57        3143.67         3698.01         5500.00  
    0.156       254.66          2293.58        3134.05         3908.63         5500.00  
    0.163       255.10          2257.48        3131.43         3721.14         5500.00  
    0.169       255.63          2285.96        3128.02         3604.29         5500.00  
    0.175       256.97          2327.75        3135.34         3612.42         5500.00  
    0.181       258.68          2330.62        3147.45         3604.77         5500.00  
    0.188       260.82          2314.33        3143.48         3589.89         5500.00  
    0.194       261.40          2294.14        3126.53         3550.38         5500.00  
    0.200       261.85          2311.74        3130.16         3546.88         5500.00  
    0.206       263.67          2336.63        3146.00         3578.36         5500.00  
    0.213       263.84          2324.76        3140.30         3582.23         5500.00  
    0.219       262.09          2287.01        3129.76         3568.53         5380.86  
    0.225       262.10          2275.35        3130.94         3591.06         5362.05  
    0.231       263.63          2292.24        3129.74         3604.31         5460.12  
    0.238       268.12          2313.24        3102.16         3559.25         5500.00  
    0.244       270.82          2308.62        3086.28         3542.76         5500.00  
    0.250       271.30          2255.12        3082.37         3542.89         5500.00  
    0.256       268.79          2186.76        3078.69         3552.60         5438.80  
    0.263       274.58          2236.82        3073.21         3543.91         5463.23  
    0.269       278.42          2271.84        3065.84         3539.34         5500.00  
    0.275       275.41          2252.77        3054.60         3563.73         5500.00  
    0.281       276.70          2228.15        3040.71         3562.94         5353.76  
    0.288       271.86          2149.69        3040.10         3572.74         5209.09  
    0.294       266.89          2089.46        3040.23         3594.64         5067.26  
    0.300       269.72          2093.51        3032.24         3599.72         5104.61  
    0.306       281.94          2191.27        3027.77         3577.77         5374.62  
    0.312       283.61          2217.07        3030.69         3565.59         5371.60  
    0.319       276.52          2173.49        3037.57         3574.58         5190.74  
    0.325       270.96          2127.91        3036.97         3590.43         5096.17  
    0.331       266.94          2119.42        3030.86         3585.82         5054.65  
    0.338       270.42          2168.91        3031.34         3585.57         5088.63  
    0.344       276.91          2236.76        3034.34         3586.14         5159.85  
    0.350       282.86          2279.95        3035.62         3571.46         5382.00  
    0.356       279.92          2260.06        3040.45         3585.30         5500.00  
    0.363       279.92          2256.14        3039.86         3590.22         5500.00  
    0.369       282.71          2284.55        3033.01         3573.58         5500.00  
    0.375       280.81          2280.20        3028.54         3574.44         5305.83  
    0.381       280.74          2270.47        3027.33         3586.12         5034.85  
    0.388       280.13          2298.95        3034.70         3603.40         5143.20  
    0.394       279.73          2354.96        3047.31         3610.06         5411.43  
    0.400       284.26          2396.18        3060.62         3611.96         5500.00  
    0.406       286.49          2407.53        3062.74         3622.88         5500.00  
    0.413       286.39          2395.96        3049.73         3621.04         5500.00  
    0.419       287.93          2371.43        3032.09         3614.03         5500.00  
    0.425       291.89          2335.61        2997.90         3589.51         5500.00  
    0.431       297.14          2319.51        2965.69         3588.55         5500.00  
    0.438       298.75          2275.01        2933.40         3622.11         5500.00  
    0.444       299.25          2214.74        2840.11         3687.33         5500.00  
    0.450       299.96          2181.27        2835.74         3718.20         5500.00  
    0.456       299.20          2272.61        2882.29         3705.54         5500.00  
    0.463       301.32          2373.06        2900.91         3710.91         5500.00  
    0.469       289.92          2372.26        2861.43         3734.91         5500.00  
    0.475       267.67          2308.41        2811.78         3703.83         5378.17  
    0.481       263.10          2506.68        2830.78         3704.30         5426.81  
    0.488       248.04          2450.16        2959.87         3671.07         4928.02  
    0.494       215.81          2241.51        3084.43         3641.16         4783.17  
    0.500       185.81          2126.13        2970.13         3613.35         4985.79  
    0.506       195.93          2030.45        2916.44         3578.87         4960.58  
    0.513       238.69          1945.83        3138.32         3469.98         4947.36  
    0.519       262.66          1868.05        3248.21         3355.81         5031.38  
    0.525       251.62          1816.25        2972.58         3372.75         5043.82  
    0.531       245.56          1780.05        2915.83         3456.29         5215.09  
    