0.025       537.73          2398.90        3301.30         3867.70         5500.00  
    0.031       429.09          2488.21        3294.32         3819.71         5034.96  
    0.038       331.92          2575.96        3287.35         3750.27         4490.76  
    0.044       323.59          2591.59        3290.45         3773.05         4368.32  
    0.050       306.95          2594.21        3303.65         3877.36         4747.45  
    0.056       287.07          2590.58        3300.87         3948.54         4857.19  
    0.062       277.00          2584.55        3228.44         3940.50         4598.82  
    0.069       274.47          2578.48        3193.50         3890.45         4535.55  
    0.075       276.90          2572.04        3250.93         3887.55         4535.36  
    0.081       276.53          2565.61        3324.85         3858.77         4540.55  
    0.088       271.66          2560.76        3358.07         3773.28         4548.29  
    0.094       269.22          2551.30        3363.45         3762.96         4533.47  
    0.100       267.80          2543.22        3354.83         3735.31         4560.34  
    0.106       268.43          2541.89        3351.25         3671.65         4586.94  
    0.113       272.77          2546.05        3404.87         3675.91         4580.68  
    0.119       276.50          2548.92        3474.00         3766.79         4562.14  
    0.125       278.18          2545.21        3499.14         3811.27         4560.29  
    0.131       279.14          2541.03        3431.24         3815.36         4549.22  
    0.138       281.95          2533.60        3373.19         3794.08         4506.83  
    0.144       284.84          2518.81        3385.46         3745.65         4492.09  
    0.150       283.66          2510.95        3402.97         3763.17         4497.71  
    0.156       278.77          2530.61        3370.26         3791.75         4488.41  
    0.163       272.59          2563.39        3330.84         3813.34         4445.79  
    0.169       263.99          2603.98        3355.71         3822.25         4545.71  
    0.175       251.71          2627.02        3358.55         3798.55         4623.49  
    0.181       242.57          2622.08        3328.87         3764.23         4652.87  
    0.188       237.87          2608.45        3327.02         3742.11         4557.25  
    0.194       239.94          2591.51        3319.45         3755.14         4412.04  
    0.200       252.54          2572.74        3295.45         3744.27         4367.88  
    0.206       268.13          2553.27        3284.26         3732.40         4260.18  
    0.213       276.73          2541.48        3290.36         3751.04         4163.82  
    0.219       284.16          2558.80        3295.10         3778.74         4262.06  
    0.225       292.16          2583.01        3291.63         3797.49         4403.60  
    0.231       293.36          2574.31        3308.85         3805.80         4380.33  
    0.238       289.05          2556.55        3324.56         3815.59         4301.61  
    0.244       286.59          2561.14        3303.76         3819.50         4297.03  
    0.250       290.71          2570.26        3293.39         3825.30         4328.49  
    0.256       297.38          2570.70        3303.47         3846.85         4332.74  
    0.263       299.04          2564.28        3302.30         3858.22         4323.16  
    0.269       295.11          2554.09        3310.87         3856.13         4306.51  
    0.275       292.55          2539.38        3301.41         3858.68         4253.50  
    0.281       294.28          2541.80        3305.78         3874.74         4156.14  
    0.288       297.12          2563.25        3339.10         3895.19         4151.46  
    0.294       300.90          2573.62        3381.33         3873.47         4107.86  
    0.300       304.28          2584.57        3593.94         3887.80         4022.15  
    0.306       139.54          1358.95        3133.23         3847.02         4032.51  
    0.312       0          322.62        2607.34         3829.83         4117.39  
    0.319       119.74          1570.09        3273.29         4189.35         4463.96  
    0.325       100.83          1310.07        3181.50         3983.43         4477.64  
    0.331       0          458.82        2618.13         3673.39         4074.44  
    0.338       0          672.29        2589.45         3592.64         3901.76  
    0.344       0          676.12        2620.22         3292.13         3907.76  
    0.350       0          782.29        2657.59         3190.07         3890.27  
    