0.025       254.90          2034.48        3209.32         4509.30         5500.00  
    0.031       57.34          610.10        2257.96         3492.52         4745.59  
    0.038       0          226.17        1969.25         3223.63         4678.54  
    0.044       184.07          1658.92        2960.97         4003.77         5237.77  
    0.050       238.63          2148.70        3225.01         3782.76         5277.77  
    0.056       252.52          2211.29        3232.75         3744.80         5235.01  
    0.062       282.05          2227.43        3233.16         3738.08         5206.56  
    0.069       294.30          2223.04        3221.27         3651.88         5190.60  
    0.075       303.94          2219.41        3214.77         3622.15         5190.34  
    0.081       309.78          2222.45        3196.96         3596.07         5185.68  
    0.088       309.75          2197.53        3179.24         3567.53         5185.35  
    0.094       307.56          2140.82        3177.48         3577.27         5141.15  
    0.100       302.57          2162.66        3191.11         3583.20         5138.29  
    0.106       300.80          2195.41        3210.58         3586.69         5180.64  
    0.113       303.97          2159.05        3230.29         3586.94         5202.08  
    0.119       310.33          2147.37        3251.94         3597.34         5215.03  
    0.125       314.83          2214.25        3273.05         3601.78         5226.97  
    0.131       318.77          2282.99        3300.95         3606.41         5205.99  
    0.138       319.97          2329.76        3317.81         3613.07         5191.83  
    0.144       316.45          2320.70        3319.13         3611.74         5195.31  
    0.150       314.05          2268.92        3315.10         3604.88         5207.71  
    0.156       313.96          2286.48        3327.66         3597.93         5226.71  
    0.163       315.82          2361.73        3339.39         3587.57         5225.14  
    0.169       318.35          2363.93        3340.90         3607.33         5218.29  
    0.175       317.68          2348.14        3338.00         3628.80         5232.72  
    0.181       314.89          2361.45        3349.14         3630.83         5241.33  
    0.188       314.60          2367.18        3368.79         3628.78         5245.84  
    0.194       315.81          2428.17        3387.69         3632.61         5237.27  
    0.200       318.39          2468.88        3409.41         3637.33         5237.28  
    0.206       320.05          2445.73        3442.45         3642.67         5216.72  
    0.213       320.53          2500.13        3479.92         3565.51         5199.34  
    0.219       319.87          2549.23        3421.73         3563.69         5208.97  
    0.225       318.19          2503.61        3405.38         3587.99         5228.87  
    0.231       317.31          2530.47        3415.30         3583.05         5223.64  
    0.238       319.83          2686.88        3406.88         3546.50         5208.35  
    0.244       321.28          2707.21        3432.12         3523.48         5206.22  
    0.250       322.96          2710.31        3439.67         3527.58         5209.74  
    0.256       323.33          2687.44        3413.35         3580.30         5211.36  
    0.263       323.77          2667.15        3389.87         3634.77         5208.97  
    0.269       324.85          2658.13        3396.94         3667.44         5218.25  
    0.275       325.21          2617.01        3400.12         3696.31         5218.93  
    0.281       326.44          2529.74        3381.27         3711.43         5222.66  
    0.288       326.89          2518.08        3366.81         3737.10         5219.26  
    0.294       326.78          2553.52        3367.81         3771.78         5230.19  
    0.300       328.11          2637.90        3380.94         3815.65         5202.56  
    0.306       329.91          2678.27        3391.27         3795.76         5197.05  
    0.312       330.61          2599.39        3379.18         3742.32         5192.04  
    0.319       331.59          2490.16        3386.96         3593.90         5188.61  
    0.325       74.65          554.61        2058.02         3432.25         3800.41  
    0.331       249.25          2084.53        2933.66         3409.15         4758.04  
    0.338       335.74          3063.50        3260.49         3408.26         5146.98  
    0.344       327.39          2890.00        3263.59         3392.24         5170.49  
    0.350       322.61          2621.74        3337.37         3424.52         5206.41  
    0.356       325.80          2442.51        3330.43         3467.88         5202.10  
    0.363       334.53          2417.06        3342.58         3571.97         5194.32  
    0.369       356.07          2407.37        3347.44         3573.94         5181.07  
    0.375       367.36          2403.39        3357.38         3732.85         5164.54  
    0.381       370.55          2423.18        3359.88         3822.42         5198.17  
    0.388       372.29          2374.03        3350.47         3593.08         5191.79  
    0.394       367.18          2257.76        3318.72         3483.85         5195.18  
    0.400       358.26          2378.30        3332.93         3532.66         5169.27  
    0.406       350.80          2418.74        3363.19         3573.06         5152.90  
    0.413       321.32          2433.08        3362.17         3737.46         5153.68  
    0.419       252.10          2362.72        3351.19         3616.56         5188.72  
    0.425       137.76          2179.99        3327.28         3471.31         5215.19  
    0.431       229.91          2345.18        3323.35         3728.57         5309.42  
    0.438       250.28          2363.33        3326.03         3664.78         5256.49  
    0.444       220.05          2361.64        3311.21         3735.49         5238.22  
    0.450       230.85          2402.03        3289.98         4304.74         5441.42  
    0.456       243.05          2461.29        3281.66         4129.22         5215.21  
    0.463       246.01          2342.48        3267.46         3754.93         5177.82  
    0.469       251.31          2406.49        3307.92         4496.84         5430.48  
    0.475       258.27          2484.42        3318.90         4410.25         5500.00  
    0.481       264.12          2427.37        3249.91         3971.84         5274.41  
    0.488       268.05          2248.04        3217.60         4127.32         5434.53  
    0.494       60.47          707.94        2542.98         3493.22         4748.07  
    0.500       0          281.25        2349.65         3249.26         4583.24  
    0.506       224.73          1876.51        2929.56         4175.85         5297.27  
    0.513       292.35          2264.33        3101.78         4407.95         5500.00  
    0.519       295.21          1970.11        3035.54         4233.18         5275.39  
    0.525       297.92          1721.37        3005.96         4108.15         5115.47  
    0.531       300.91          1596.44        2989.17         4024.59         4867.48  
    0.537       299.29          1565.37        3017.47         4017.63         4727.84  
    0.544       280.72          1579.84        2929.90         4051.47         4808.45  
    0.550       61.98          356.49        1880.35         3099.20         4247.41  
    0.556       0          1193.97        2393.85         3708.39         4518.04  
    0.562       0          1491.25        2499.51         3869.19         4377.95  
    0.569       0          1430.02        2429.24         3686.02         4414.10  
    0.575       0          1419.52        2429.43         3768.96         4456.69  
    0.581       0          1429.24        2430.23         3854.58         4405.07  
    0.588       0          1389.03        2382.61         3812.95         4304.37  
    0.594       0          1399.87        2242.87         3819.20         4166.09  
    0.600       0          1432.84        2020.45         3866.89         4299.21  
    