0.025       0          377.63        2104.85         2890.14         5157.04  
    0.031       0          107.30        598.04         2276.62         3002.37  
    0.038       161.21          1492.33        1554.06         4217.11         4547.38  
    0.044       247.08          2112.26        2172.02         4775.28         5230.58  
    0.050       258.01          2157.39        2264.02         4115.66         5122.47  
    0.056       239.44          2060.15        2226.20         3748.75         5084.18  
    0.062       215.56          1790.46        2271.52         3674.71         5056.38  
    0.069       204.98          1709.56        2254.51         3691.51         5053.12  
    0.075       203.40          1822.66        2204.96         3602.13         5006.23  
    0.081       204.51          2035.36        2176.56         3522.38         5043.10  
    0.088       202.63          2127.00        2175.91         3360.57         5094.95  
    0.094       202.65          2092.18        2449.20         3210.92         5037.58  
    0.100       197.12          1940.63        2500.40         3421.35         4993.77  
    0.106       190.76          1906.67        2386.24         3604.79         4971.60  
    0.113       188.47          1862.27        2353.22         3627.31         4984.50  
    0.119       187.34          1895.83        2338.34         3592.87         4951.25  
    0.125       188.66          2102.90        2330.12         3551.15         4936.08  
    0.131       180.25          2054.15        2353.46         3482.98         4942.42  
    0.138       121.38          1838.42        2337.29         3360.96         4954.38  
    0.144       142.74          1802.73        2296.12         3255.37         4979.14  
    0.150       172.43          1979.87        2230.92         3214.00         5038.32  
    0.156       192.87          2149.37        2540.70         3164.79         5093.71  
    0.163       198.14          2182.16        2694.11         3088.66         5052.41  
    0.169       200.46          2177.22        2821.94         3069.87         5024.73  
    0.175       206.15          2171.80        3006.21         3067.04         5007.27  
    0.181       209.03          2166.62        3030.84         3392.02         5081.91  
    0.188       209.39          2160.03        3006.55         3589.73         5285.67  
    0.194       210.69          2151.81        2969.36         3597.78         5266.84  
    0.200       212.56          2145.15        2931.26         3597.88         5423.94  
    0.206       212.45          2136.77        2916.85         3580.06         5500.00  
    0.213       210.28          2131.96        2889.41         3576.90         5500.00  
    0.219       209.40          2132.09        2822.47         3559.42         5077.89  
    0.225       211.84          2137.23        2877.01         3544.05         4886.28  
    0.231       217.04          2137.26        2981.60         3557.12         4889.55  
    0.238       221.81          2140.82        3012.30         3560.15         4857.47  
    0.244       226.16          2137.01        3002.41         3542.26         4862.42  
    0.250       225.54          2142.00        3020.40         3590.22         4831.68  
    0.256       222.47          2158.68        3015.76         3609.53         4806.20  
    0.263       223.15          2180.86        3000.92         3657.81         4822.10  
    0.269       223.91          2194.85        2996.13         3660.91         4802.54  
    0.275       220.77          2192.23        2984.96         3639.05         4805.13  
    0.281       219.88          2188.09        2969.75         3635.71         4784.81  
    0.288       219.45          2184.67        2943.44         3624.82         4774.67  
    0.294       215.95          2174.76        2934.52         3616.25         4780.98  
    0.300       211.54          2169.68        2960.96         3627.29         4724.33  
    0.306       215.89          2171.22        3003.84         3656.07         4702.60  
    0.312       222.88          2202.01        2980.55         3672.68         4758.81  
    0.319       230.21          2218.15        2959.99         3666.79         4897.35  
    0.325       238.40          2219.01        2976.60         3641.24         4862.85  
    0.331       244.58          2221.83        2945.79         3599.88         4739.76  
    0.338       247.49          2211.16        2867.44         3590.01         4680.92  
    0.344       252.27          2192.34        2798.09         3597.63         4661.26  
    0.350       260.74          2187.42        2682.02         3602.40         4647.93  
    0.356       263.22          2195.87        2661.99         3602.89         4668.16  
    0.363       254.98          2232.91        2711.02         3606.27         4677.45  
    0.369       248.25          2258.37        2488.60         3603.14         4669.44  
    0.375       250.23          2263.76        2320.13         3585.23         4722.00  
    0.381       252.94          2268.20        2534.29         3567.71         4730.41  
    0.388       251.33          2273.36        2719.79         3560.81         4684.40  
    0.394       258.33          2292.52        2478.52         3540.08         4648.26  
    0.400       260.45          2048.98        2319.47         3550.07         4642.74  
    0.406       73.89          553.91        845.41         2654.83         3864.24  
    0.413       201.20          633.85        1870.30         3061.87         4563.88  
    0.419       267.16          988.87        2426.54         3478.33         4971.95  
    0.425       246.72          1060.46        2376.48         3688.57         5103.02  
    0.431       241.28          1142.18        2382.16         3741.13         5143.14  
    0.438       68.61          332.37        850.50         2715.26         3946.91  
    0.444       0          163.05        1297.71         2788.51         4320.68  
    