0.025       0          0        1075.30         3161.85         3754.21  
    0.031       0          580.26        2173.60         3415.72         3996.74  
    0.038       0          1082.41        3045.06         3668.35         4115.22  
    0.044       0          1110.36        3019.79         3756.24         4005.75  
    0.050       0          1099.90        2726.95         3701.96         3997.63  
    0.056       0          1083.95        2101.84         3460.93         4074.99  
    0.062       0          1010.25        1516.24         3301.28         4089.05  
    0.069       504.70          1146.50        2274.86         3600.20         4868.48  
    0.075       398.23          1166.12        2869.83         3358.33         4643.55  
    0.081       0          965.51        2848.56         3057.24         4098.41  
    0.088       0          986.42        2951.09         3141.67         4122.42  
    0.094       0          469.72        2044.20         3051.54         4025.03  
    0.100       149.04          830.99        2252.04         3572.26         4592.13  
    0.106       264.79          1588.48        3010.53         4148.93         5306.56  
    0.113       116.14          878.48        2781.72         3723.20         4872.81  
    0.119       137.46          1561.33        2997.10         3860.84         5005.12  
    0.125       243.24          2615.39        3224.59         4278.54         5295.52  
    0.131       260.00          2629.02        3380.30         4291.75         5338.66  
    0.138       121.24          1329.33        3000.42         3885.06         4840.12  
    0.144       0          312.07        2560.53         3585.36         4315.73  
    0.150       0          314.25        2565.80         3671.00         4312.22  
    0.156       0          313.65        2551.19         3707.69         4321.60  
    0.163       0          318.16        2522.54         3764.16         4332.90  
    0.169       0          321.03        2499.23         3887.06         4325.70  
    0.175       0          319.24        2447.98         3917.12         4309.71  
    0.181       0          317.96        2396.32         3888.96         4400.42  
    0.188       0          319.70        2378.91         3884.90         4471.35  
    0.194       0          320.68        2371.08         3877.76         4449.30  
    0.200       0          320.56        2361.38         3855.28         4465.30  
    0.206       0          319.34        2354.44         3689.37         4364.68  
    0.213       178.87          1447.25        2838.57         3981.17         4956.06  
    0.219       319.70          2452.95        3297.60         4262.07         5500.00  
    0.225       140.90          1299.23        2981.48         3814.89         4861.78  
    0.231       175.88          1499.14        3039.06         3937.07         4996.42  
    0.238       314.14          2379.92        3283.01         4291.75         5500.00  
    0.244       312.31          2342.69        3278.15         4366.86         5500.00  
    0.250       137.25          1207.80        2783.42         3916.15         4906.33  
    0.256       0          311.38        2373.59         3589.49         4480.87  
    0.263       0          313.51        2358.81         3663.95         4488.85  
    0.269       174.66          1581.08        2747.54         3880.76         4929.82  
    0.275       137.82          1314.10        2955.31         4070.21         4687.89  
    0.281       0          315.10        2946.68         3955.01         4226.35  
    0.288       0          314.36        3023.10         3797.02         4373.68  
    0.294       0          312.10        3051.33         3535.46         4456.14  
    0.300       173.55          1404.02        3117.42         3933.60         5031.46  
    0.306       309.18          2288.39        3219.66         4462.42         5500.00  
    0.312       309.38          2318.47        3268.89         4397.37         5500.00  
    0.319       310.58          2383.69        3207.70         4264.54         5500.00  
    0.325       137.06          1244.50        2809.19         3747.27         4887.83  
    0.331       0          310.02        2449.24         3537.81         4495.18  
    0.338       0          309.35        2364.33         3635.39         4520.60  
    0.344       0          309.14        2353.37         3554.83         4421.05  
    0.350       172.64          1470.47        2830.36         3983.44         5002.10  
    0.356       136.22          1226.29        2758.73         3868.05         4867.02  
    0.363       0          311.46        2379.15         3638.43         4387.61  
    0.369       0          311.65        2349.23         3709.89         4396.11  
    0.375       0          310.90        2330.71         3641.06         4383.91  
    0.381       0          309.72        2319.96         3646.02         4363.25  
    0.388       0          307.47        2321.83         3657.51         4340.64  
    0.394       0          303.90        2332.09         3590.72         4312.18  
    0.400       0          294.39        2341.96         3624.56         4303.25  
    0.406       0          280.31        2344.94         3721.52         4321.08  
    0.413       0          268.91        2361.37         3734.76         4319.32  
    0.419       0          264.45        2405.41         3793.59         4308.07  
    0.425       0          262.21        2403.56         3835.24         4285.15  
    0.431       0          258.92        2397.40         3840.81         4263.20  
    0.438       0          251.69        2402.35         3805.57         4264.92  
    0.444       134.78          1429.44        2850.40         4066.70         4957.33  
    0.450       238.86          2362.67        3301.84         4300.63         5500.00  
    0.456       234.69          2359.67        3369.18         4258.17         5500.00  
    0.463       233.01          2375.01        3599.51         4199.04         5500.00  
    0.469       229.80          2393.18        3787.53         4157.73         5500.00  
    0.475       222.42          2364.07        3571.80         4221.24         5221.35  
    0.481       215.31          2357.12        3445.36         4276.64         4989.31  
    0.488       215.63          2394.87        3411.88         4250.30         5270.53  
    0.494       220.18          2399.07        3502.44         4218.25         5207.86  
    0.500       222.62          2398.64        3575.80         4234.38         5269.48  
    0.506       226.64          2411.25        3602.88         4288.03         5500.00  
    0.513       101.16          1198.58        2948.62         4060.59         4851.16  
    0.519       139.66          1461.96        2789.82         4051.32         4355.94  
    0.525       254.60          2273.80        2987.00         4184.78         4910.01  
    0.531       259.62          2020.06        2918.70         4233.61         5204.53  
    0.537       260.90          1884.81        2928.89         4284.67         5043.01  
    0.544       256.58          1912.53        2923.81         4309.06         5215.09  
    0.550       255.28          1956.27        2907.96         4270.52         5449.93  
    0.556       256.40          1962.96        2889.23         4248.74         5500.00  
    0.562       242.87          1971.06        2806.16         4314.49         5500.00  
    0.569       223.00          1971.30        2683.16         4268.71         5280.69  
    0.575       95.00          1208.91        2355.81         3706.06         4755.23  
    0.581       153.93          1433.53        2612.33         3793.43         5048.88  
    0.588       121.46          1112.82        2513.57         3634.20         4787.46  
    0.594       0          448.03        2160.17         3160.70         4285.51  
    0.600       0          612.93        2149.04         3077.27         4306.92  
    0.606       200.31          1382.28        2436.17         3722.68         4964.70  
    0.613       158.05          1060.92        2242.16         3462.55         4859.16  
    0.619       0          694.06        2002.90         3086.11         4282.48  
    