0.025       332.16          2604.40        3299.90         3535.77         4514.09  
    0.031       322.78          2607.33        3292.11         3873.38         5492.62  
    0.038       290.47          2598.36        3280.90         3951.61         5500.00  
    0.044       275.71          2596.47        3275.06         4012.01         5500.00  
    0.050       270.35          2591.79        3215.60         3964.21         4629.37  
    0.056       273.00          2583.82        3331.76         3659.00         4569.64  
    0.062       277.38          2579.89        3328.68         3809.61         4563.56  
    0.069       272.40          2580.81        3453.77         3577.68         4597.91  
    0.075       267.96          2591.13        3360.71         3568.52         4580.50  
    0.081       269.18          2582.23        3422.52         3643.43         4628.82  
    0.088       266.80          2583.18        3412.04         3690.38         4763.90  
    0.094       270.68          2584.54        3431.41         3706.01         5067.28  
    0.100       275.05          2596.91        3409.20         4044.66         5496.78  
    0.106       277.38          2604.10        3431.98         4331.15         5500.00  
    0.113       278.61          2609.46        3515.44         4272.29         5500.00  
    0.119       279.54          2600.76        3439.75         4154.68         5367.47  
    0.125       283.94          2572.90        3456.33         3967.69         4451.01  
    0.131       285.20          2556.96        3503.21         3546.89         4501.57  
    0.138       282.61          2600.59        3526.86         3585.25         4499.40  
    0.144       278.40          2639.45        3525.79         3695.66         4490.66  
    0.150       275.39          2653.37        3384.03         3902.73         5492.45  
    0.156       269.03          2677.45        3472.38         3864.55         5500.00  
    0.163       258.85          2649.61        3371.68         3833.20         5500.00  
    0.169       256.90          2630.27        3343.28         3783.09         5500.00  
    0.175       254.26          2612.84        3371.36         3941.62         5500.00  
    0.181       266.55          2594.60        3346.01         4037.21         4645.91  
    0.188       288.34          2583.42        3349.91         3882.23         4884.80  
    0.194       2.16          321.64        2596.19         3326.35         3804.21  
    0.200       304.54          2580.83        3338.55         3878.34         5487.25  
    0.206       315.59          2607.17        3325.83         3871.59         5500.00  
    0.213       318.66          2606.87        3318.18         3845.58         5500.00  
    0.219       314.71          2576.64        3359.15         3875.20         5500.00  
    0.225       309.02          2581.92        3348.23         3868.80         5182.84  
    0.231       308.80          2600.68        3330.84         3860.95         5256.08  
    0.238       312.58          2592.86        3383.80         3900.38         4900.43  
    0.244       314.13          2580.72        3362.22         3900.73         5150.27  
    0.250       309.78          2580.47        3348.98         3888.49         5164.73  
    0.256       303.81          2610.03        3394.79         3913.96         5090.63  
    0.263       303.48          2599.92        3371.01         3918.77         4858.05  
    0.269       2.27          323.55        2637.40         3455.56         3930.43  
    0.275       0          308.37        2655.03         3516.99         3958.68  
    0.281       0          315.11        2629.09         3580.59         4001.83  
    0.288       0          326.05        2635.87         3637.63         3989.54  
    0.294       0          353.87        2648.31         3732.05         3991.16  
    0.300       0          344.18        2629.90         3901.09         4254.45  
    0.306       0          230.77        2647.88         3819.04         4826.00  
    0.312       0          345.96        2642.71         3476.87         4494.41  
    0.319       0          708.95        2662.22         3768.82         5492.46  
    