0.025       304.81          1837.41        2902.18         3826.35         4742.37  
    0.031       266.84          1891.84        2941.18         3843.26         4687.75  
    0.038       290.14          1716.82        2939.38         3730.35         4579.79  
    0.044       124.22          614.56        1620.70         2882.76         3889.25  
    0.050       0          0        888.63         2280.00         3450.43  
    0.056       0          532.16        1580.71         2823.16         3904.87  
    0.062       0          797.48        2006.80         3250.84         4174.75  
    0.069       0          729.76        2131.14         3321.85         4116.64  
    0.075       0          798.28        2252.97         3277.83         4027.71  
    0.081       0          796.30        2226.51         3209.55         3988.66  
    0.088       0          1010.41        2273.43         3134.74         3896.50  
    0.094       0          1022.57        2315.15         3175.74         3817.34  
    0.100       0          360.98        895.25         2652.13         3428.95  
    0.106       134.66          1383.06        1943.38         3257.92         3953.15  
    0.113       216.20          2269.17        3401.60         3859.18         4358.21  
    0.119       205.74          2255.61        3499.68         3859.02         5037.77  
    0.125       183.98          2215.08        3274.04         3883.47         5500.00  
    0.131       197.43          2208.75        3126.55         3831.66         5500.00  
    0.138       206.52          2159.07        3081.99         3740.51         5029.70  
    0.144       205.78          2022.42        3049.89         3812.57         4226.16  
    0.150       190.81          2038.70        3036.95         3695.71         3948.99  
    0.156       178.50          2244.83        2965.98         3347.80         3972.36  
    0.163       68.87          909.18        2454.30         2729.08         3482.32  
    0.169       20.72          1286.12        2734.56         3238.78         3578.19  
    0.175       13.13          815.32        1202.96         2817.75         3398.55  
    0.181       0          0        0         2220.60         3102.81  
    0.188       0          0        954.71         2735.01         3210.19  
    0.194       0          0        1537.52         2949.46         3154.16  
    0.200       0          0        1802.62         2981.57         3098.93  
    0.206       90.20          1402.54        2618.16         3124.50         3508.89  
    0.213       153.08          2343.53        3131.41         3306.46         3761.62  
    0.219       190.24          2377.49        3192.64         3598.34         3755.81  
    0.225       205.53          2388.62        3191.19         3409.78         3742.43  
    0.231       78.27          983.71        2705.89         3193.66         3711.13  
    0.238       114.16          1506.12        2887.63         3492.68         4002.93  
    0.244       191.55          2399.89        3207.80         3538.59         3892.64  
    0.250       204.02          2389.73        3208.92         3590.93         3694.80  
    0.256       203.42          2381.03        3203.43         3670.43         3746.38  
    0.263       213.19          2373.51        3181.22         3639.38         3977.95  
    0.269       229.43          2364.36        3152.68         3610.16         4113.58  
    0.275       224.98          2355.79        3160.09         3591.48         4031.08  
    0.281       214.23          2346.96        3170.56         3585.57         3878.36  
    0.288       213.38          2341.93        3162.99         3574.12         3869.68  
    0.294       214.42          2346.72        3169.49         3571.53         3968.25  
    0.300       206.37          2357.69        3187.17         3601.93         4021.50  
    0.306       197.68          2362.79        3207.79         3612.40         3955.28  
    0.312       201.23          2387.30        3205.67         3618.30         3906.74  
    0.319       213.38          2421.47        3194.27         3613.06         3982.35  
    0.325       227.13          2433.48        3195.73         3598.76         4064.44  
    0.331       230.66          2422.25        3188.33         3603.71         4119.48  
    0.338       230.19          2406.29        3162.65         3596.43         4124.65  
    0.344       237.05          2390.09        3127.33         3610.12         4074.74  
    0.350       245.90          2371.29        3105.27         3626.69         4054.01  
    0.356       248.37          2355.77        3121.64         3646.33         4028.23  
    0.363       242.54          2366.04        3132.58         3645.05         4038.86  
    0.369       241.77          2393.06        3122.33         3518.67         4107.79  
    0.375       244.46          2412.55        3126.75         3374.32         4146.75  
    0.381       248.76          2413.85        3142.78         3487.05         4110.82  
    0.388       256.34          2404.26        3121.79         3577.17         4241.10  
    0.394       258.10          2390.02        3087.92         3592.51         4223.31  
    0.400       261.33          2381.69        3076.64         3657.45         4150.74  
    0.406       269.35          2373.99        3083.20         3697.24         4144.92  
    0.413       273.02          2374.16        3085.95         3699.51         4160.21  
    0.419       274.02          2413.94        3081.67         3674.12         4169.42  
    0.425       287.75          2433.72        3077.16         3632.41         4144.87  
    0.431       294.74          2430.03        3054.50         3663.24         4226.91  
    0.438       293.28          2429.04        3035.39         3694.81         4270.58  
    0.444       284.10          2444.72        3020.64         3665.86         4235.03  
    0.450       276.23          2486.34        3045.37         3607.41         4203.79  
    0.456       272.44          2516.15        3068.36         3540.94         4196.66  
    0.463       252.05          2405.57        3019.19         3559.97         4170.54  
    0.469       216.22          2278.79        2986.51         3690.35         4291.77  
    0.475       195.76          2247.84        3081.49         3895.22         4692.86  
    0.481       187.08          2202.72        3135.40         4027.25         4866.04  
    0.488       185.90          2104.07        3065.14         4053.03         4705.47  
    0.494       72.66          799.36        2360.60         3307.74         4008.00  
    0.500       169.45          1132.15        2443.58         3286.99         4120.78  
    0.506       278.97          1843.36        2820.95         3621.16         4278.49  
    0.513       275.46          1860.17        2889.79         3819.31         4248.02  
    0.519       285.50          1875.43        2942.17         4063.49         5031.28  
    0.525       251.38          1814.73        2931.66         4200.79         5500.00  
    0.531       237.80          1771.86        2900.40         4275.20         5148.88  
    