0.025       0          1067.35        2332.61         3437.94         3652.38  
    0.031       480.86          1665.76        2300.84         3506.54         4613.48  
    0.038       443.55          1522.99        2212.51         3202.04         4586.14  
    0.044       0          878.46        2284.60         3122.50         3827.22  
    0.050       0          879.98        2376.59         3305.93         4312.23  
    0.056       0          579.65        2369.78         3153.99         4774.85  
    0.062       0          289.23        2419.37         3032.17         4764.23  
    0.069       0          276.49        2568.01         3140.67         4647.56  
    0.075       0          277.30        2597.44         3506.61         4612.05  
    0.081       0          291.86        2550.73         3783.30         4601.19  
    0.088       0          306.77        2616.59         3895.15         4613.63  
    0.094       0          306.54        2650.03         3968.97         4617.42  
    0.100       0          299.02        2572.89         3959.04         4577.39  
    0.106       0          298.92        2497.25         3941.14         4517.64  
    0.113       0          299.01        2470.27         3882.33         4375.71  
    0.119       0          298.78        2444.41         3937.33         4226.76  
    0.125       156.56          1406.85        3269.44         4124.04         4868.34  
    0.131       300.15          2424.06        3785.31         4117.64         5500.00  
    0.138       298.16          2412.84        3401.04         4052.89         5500.00  
    0.144       296.66          2400.41        3222.07         4066.75         5389.62  
    0.150       295.84          2431.65        3188.00         4060.27         5398.19  
    0.156       293.95          2472.10        3121.15         4053.43         5338.25  
    0.163       292.54          2455.79        3055.92         4056.85         5220.72  
    0.169       292.95          2435.59        3095.80         4060.58         5357.45  
    0.175       294.26          2458.06        3140.72         4066.57         5479.19  
    0.181       298.36          2543.50        3142.36         4058.98         5500.00  
    0.188       303.84          2644.70        3268.37         4032.71         5500.00  
    0.194       146.86          1446.72        3014.46         3802.65         4730.32  
    0.200       0          308.05        2735.33         3756.58         3985.52  
    0.206       160.56          1259.07        2890.10         3916.63         4448.39  
    0.213       307.29          2475.53        2999.15         3945.73         5214.50  
    0.219       305.69          2628.98        3030.80         3955.68         5500.00  
    0.225       304.69          2471.55        3108.47         3987.78         5500.00  
    0.231       302.60          2454.67        3169.12         4029.41         5500.00  
    0.238       300.70          2451.89        3161.80         4058.83         5500.00  
    0.244       300.45          2442.83        3141.24         4021.93         5357.27  
    0.250       301.63          2382.91        3117.47         4005.04         5368.34  
    0.256       303.07          2279.06        3100.51         4033.11         5314.86  
    0.263       305.39          2226.85        3079.92         4013.26         5128.31  
    0.269       307.95          2269.59        3065.15         4001.87         5144.91  
    0.275       308.50          2304.44        3013.55         3992.63         4953.13  
    0.281       309.85          2275.98        3006.17         3956.68         4753.17  
    0.288       311.44          2273.65        3068.09         3954.46         4844.24  
    0.294       312.26          2290.05        3101.48         3987.52         4921.15  
    0.300       314.21          2279.90        3101.68         3999.50         4833.16  
    0.306       314.83          2264.73        3057.40         3995.56         4724.41  
    0.312       314.44          2250.18        3033.19         3975.03         4847.77  
    0.319       314.50          2239.93        3049.42         3953.91         5050.74  
    0.325       312.64          2238.92        3084.05         3985.81         5142.83  
    0.331       308.98          2247.51        3144.42         4013.71         5343.79  
    0.338       305.78          2256.28        3259.06         4021.78         5500.00  
    0.344       302.66          2264.73        3432.59         4031.36         5456.91  
    0.350       300.30          2277.02        3478.48         4043.96         5044.36  
    0.356       296.37          2292.20        3366.71         4066.89         4690.76  
    0.363       288.19          2306.15        3219.21         4064.91         4765.82  
    0.369       281.59          2328.40        3129.51         4051.49         4942.29  
    0.375       278.34          2352.97        3123.73         4078.12         5107.02  
    0.381       274.34          2385.13        3112.96         4117.04         5036.81  
    0.388       271.33          2378.03        3094.28         4097.75         5013.50  
    0.394       269.83          2346.65        3097.36         4098.44         5312.58  
    0.400       267.42          2350.21        3092.49         4134.83         5457.56  
    0.406       261.43          2315.21        3057.59         4105.39         5143.62  
    0.413       255.60          2276.01        3053.37         4118.22         4921.99  
    0.419       253.15          2287.48        3141.19         4178.98         5236.76  
    0.425       249.80          2312.24        3235.82         4179.58         5500.00  
    0.431       242.44          2338.94        3203.11         4195.56         5500.00  
    0.438       230.90          2340.97        3116.19         4223.45         5500.00  
    0.444       221.16          2315.11        3090.95         4135.76         5285.57  
    0.450       220.46          2310.60        3117.40         4052.35         5042.52  
    0.456       231.47          2337.20        3181.41         4073.36         5260.46  
    0.463       242.11          2349.85        3177.64         4079.22         5500.00  
    0.469       246.60          2400.97        3175.71         4110.76         5500.00  
    0.475       119.25          1312.22        2914.94         3646.00         4829.98  
    0.481       0          264.82        2571.16         3190.73         4216.71  
    0.488       0          264.71        2426.15         3200.28         4242.18  
    0.494       132.79          1307.83        2705.57         3770.13         4905.80  
    0.500       253.82          2269.72        2965.14         4199.56         5500.00  
    0.506       266.20          2269.20        2981.00         4071.44         5500.00  
    0.513       267.47          2303.84        2903.65         3988.99         5500.00  
    0.519       123.30          1249.81        2537.75         3563.21         4786.75  
    0.525       0          257.03        2320.74         3148.75         4203.50  
    