0.025       0          674.66        1562.64         2184.01         4475.22  
    0.031       0          723.97        1950.14         2568.54         4450.30  
    0.038       0          494.00        2201.84         3074.72         5153.51  
    0.044       222.34          1971.71        3027.98         3387.16         5226.44  
    0.050       246.55          2212.06        3150.25         3609.59         5225.36  
    0.056       262.06          2197.16        3121.90         3620.73         5277.25  
    0.062       276.90          2182.77        3121.41         3664.23         5379.80  
    0.069       289.53          2159.99        3164.09         3690.88         5346.47  
    0.075       292.57          2177.30        3160.99         3619.75         5264.03  
    0.081       285.91          2186.90        3144.50         3608.74         5247.78  
    0.088       289.13          2194.71        3143.03         3620.57         5258.98  
    0.094       293.15          2186.56        3137.51         3599.26         5297.49  
    0.100       290.80          2185.16        3135.99         3601.84         5473.36  
    0.106       288.60          2179.38        3139.45         3528.90         5286.27  
    0.113       288.45          2154.79        3155.46         3508.07         5247.06  
    0.119       287.60          2148.92        3146.45         3525.25         5231.86  
    0.125       287.37          2151.80        3137.82         3531.28         5083.47  
    0.131       288.22          2148.38        3127.70         3519.99         5043.99  
    0.138       287.72          2149.74        3147.50         3491.07         5076.39  
    0.144       285.08          2146.07        3178.33         3505.28         5120.94  
    0.150       281.87          2140.73        3158.54         3506.91         5175.42  
    0.156       285.01          2160.94        3153.70         3530.06         5175.96  
    0.163       288.38          2168.81        3165.65         3546.15         5190.47  
    0.169       287.94          2161.53        3156.14         3502.51         5157.96  
    0.175       286.81          2147.17        3141.74         3479.01         5181.79  
    0.181       287.80          2155.10        3142.06         3467.93         5119.37  
    0.188       289.66          2171.40        3147.70         3455.68         5109.72  
    0.194       288.97          2174.80        3158.91         3457.51         5151.37  
    0.200       286.01          2201.74        3181.37         3498.65         5220.50  
    0.206       285.51          2238.37        3192.41         3515.05         5224.79  
    0.213       286.87          2222.58        3202.41         3508.97         5209.85  
    0.219       290.48          2198.15        3198.72         3470.57         5158.23  
    0.225       289.99          2173.69        3138.25         3450.23         5247.57  
    0.231       292.04          2145.79        3107.92         3445.96         5297.67  
    0.238       295.22          2136.00        3096.57         3443.82         5280.17  
    0.244       300.03          2126.49        3095.81         3448.65         5163.79  
    0.250       300.58          2125.17        3099.08         3433.80         5136.43  
    0.256       298.64          2121.41        3089.20         3403.86         5171.69  
    0.263       297.52          2121.81        3100.51         3407.01         5170.81  
    0.269       300.87          2129.70        3113.70         3428.50         5113.86  
    0.275       302.58          2132.43        3119.07         3431.43         5162.40  
    0.281       303.83          2134.26        3129.81         3433.47         5157.93  
    0.288       304.66          2133.40        3133.01         3438.78         5142.56  
    0.294       302.88          2145.65        3145.60         3478.94         5175.41  
    0.300       300.19          2151.47        3146.00         3488.97         5138.85  
    0.306       300.69          2154.16        3103.33         3462.77         5168.36  
    0.312       300.42          2160.62        3079.00         3431.28         5158.49  
    0.319       296.62          2190.56        3091.51         3413.11         5134.72  
    0.325       293.24          2230.79        3121.83         3475.04         5141.53  
    0.331       299.45          2222.80        3096.01         3511.01         5181.96  
    0.338       306.79          2203.71        3062.67         3544.28         5172.93  
    0.344       312.65          2233.90        3055.40         3597.27         5203.08  
    0.350       312.89          2277.68        3054.89         3658.03         5241.54  
    0.356       305.95          2255.54        3052.61         3656.60         5174.59  
    0.363       292.83          2211.79        3055.14         3702.48         5140.25  
    0.369       299.83          2168.95        3046.30         3746.59         5450.81  
    0.375       40.78          609.79        2375.49         3135.78         4014.21  
    0.381       307.58          2157.41        2475.62         3645.43         5267.37  
    0.388       329.19          2153.46        2426.36         3724.85         5432.75  
    0.394       290.61          2400.24        3006.01         3650.02         5489.47  
    0.400       38.61          555.54        2616.12         3315.97         4185.57  
    0.406       0          259.20        2485.60         3401.77         3981.94  
    0.413       0          253.52        2558.13         3573.81         4266.21  
    0.419       0          34.20        555.06         2700.34         3509.68  
    0.425       193.61          1645.10        2143.78         3272.12         4821.15  
    0.431       225.24          1541.43        2484.45         3508.26         5204.22  
    0.438       30.52          401.06        2355.21         3124.13         4220.77  
    0.444       0          233.28        2563.28         2819.87         3840.50  
    0.450       0          217.17        2269.91         2804.00         3757.30  
    0.456       0          240.09        2678.08         3215.32         3794.37  
    0.463       0          617.76        2644.01         3398.24         3805.68  
    0.469       0          704.82        2681.57         3252.99         3905.66  
    0.475       0          96.02        1125.19         2771.07         3903.18  
    0.481       0          0        1103.99         2609.89         3753.94  
    0.488       0          0        1175.65         2638.27         3725.94  
    0.494       0          0        1150.01         2636.04         3691.15  
    