0.025       313.71          2334.21        2899.08         3304.24         3979.79  
    0.031       294.96          2321.00        3080.87         3311.39         3939.21  
    0.038       289.40          2326.55        2725.24         3434.21         3920.21  
    0.044       287.57          2353.28        2794.30         3357.24         3892.58  
    0.050       276.86          2359.15        3164.19         3315.78         3829.75  
    0.056       273.60          2342.04        3180.74         3351.96         3833.83  
    0.062       277.98          2337.13        3189.38         3247.22         3817.38  
    0.069       281.13          2338.23        3119.56         3196.57         3777.54  
    0.075       282.38          2337.79        3095.74         3194.41         3762.14  
    0.081       282.74          2335.03        3118.62         3210.41         3761.43  
    0.088       283.82          2337.25        3120.29         3266.88         3755.32  
    0.094       285.90          2345.53        3133.75         3320.61         3741.62  
    0.100       289.19          2356.70        3155.10         3317.48         3733.59  
    0.106       291.59          2369.29        3104.84         3254.13         3724.04  
    0.113       293.11          2380.56        2942.79         3246.19         3719.28  
    0.119       294.34          2390.13        2892.33         3246.66         3723.03  
    0.125       293.94          2395.68        2885.95         3238.59         3722.41  
    0.131       293.80          2399.16        2914.03         3230.29         3719.09  
    0.138       294.61          2398.99        3006.38         3200.25         3720.17  
    0.144       295.38          2397.96        2981.52         3194.48         3715.27  
    0.150       295.22          2396.93        3020.35         3186.78         3694.93  
    0.156       295.23          2396.44        3125.77         3247.14         3669.83  
    0.163       295.25          2396.80        3139.38         3411.57         3641.63  
    0.169       295.34          2398.65        3119.59         3557.90         3625.02  
    0.175       295.25          2397.92        3110.70         3568.73         3625.07  
    0.181       294.02          2394.44        3121.68         3458.10         3636.56  
    0.188       292.91          2386.88        2971.95         3264.74         3668.28  
    0.194       291.50          2379.49        2864.73         3232.79         3675.34  
    0.200       289.51          2373.36        2906.23         3248.61         3675.93  
    0.206       288.66          2369.41        2962.48         3248.03         3675.02  
    0.213       287.99          2365.55        3115.01         3199.67         3660.37  
    0.219       287.56          2365.81        3137.65         3336.58         3606.40  
    0.225       287.10          2365.75        3116.07         3507.56         3772.09  
    0.231       286.92          2365.85        3100.43         3545.49         3794.14  
    0.238       287.54          2371.06        3084.46         3538.74         3773.92  
    0.244       287.65          2372.15        3081.64         3530.57         3827.89  
    0.250       287.03          2374.39        3078.22         3523.61         3932.77  
    0.256       286.41          2379.87        3065.67         3502.94         3979.91  
    0.263       287.08          2380.75        3066.15         3497.24         4402.47  
    0.269       287.14          2376.35        3056.43         3498.55         4765.33  
    0.275       286.65          2376.26        3020.41         3467.78         5332.67  
    0.281       286.27          2379.86        2927.02         3372.60         5500.00  
    0.288       285.58          2380.32        2833.59         3300.91         5500.00  
    0.294       285.87          2376.83        2767.39         3303.43         5500.00  
    0.300       285.36          2378.92        2722.40         3272.06         5500.00  
    0.306       285.10          2379.70        2676.62         3234.07         5500.00  
    0.312       284.29          2384.19        2618.91         3213.79         5500.00  
    0.319       284.28          2394.99        2569.25         3196.60         5500.00  
    0.325       284.19          2404.75        2668.54         3194.84         5500.00  
    0.331       282.63          2407.52        2793.10         3204.63         5500.00  
    0.338       283.13          2403.66        2741.70         3212.84         5500.00  
    0.344       283.58          2399.47        2803.76         3282.08         5500.00  
    0.350       71.97          820.75        2510.76         3087.40         4014.13  
    0.356       0          283.92        2396.68         3041.10         3559.44  
    0.363       0          284.51        2394.96         3081.79         3591.65  
    0.369       0          285.00        2388.36         3122.61         3601.35  
    0.375       0          286.00        2379.02         3147.61         3606.00  
    0.381       0          286.32        2377.08         3149.05         3592.62  
    0.388       0          285.59        2390.13         3106.63         3577.81  
    0.394       0          285.12        2412.71         3071.76         3559.52  
    0.400       0          282.30        2417.97         3060.55         3541.68  
    0.406       0          290.44        2424.81         3068.66         3564.10  
    0.413       0          296.02        2436.68         3099.89         3593.00  
    0.419       0          307.57        2423.11         3094.09         3630.02  
    0.425       0          299.98        2410.84         3041.01         3618.44  
    0.431       0          282.49        2400.67         3032.21         3698.63  
    