0.025       0          1756.82        2512.18         3155.82         4384.03  
    0.031       0          1710.31        2421.71         3475.28         4480.83  
    0.038       0          1611.90        2363.49         3559.48         4576.05  
    0.044       0          1604.34        2539.19         3191.86         4507.70  
    0.050       278.16          2292.77        2941.76         4609.57         5340.48  
    0.056       297.39          2430.69        3016.01         4897.03         5500.00  
    0.062       270.40          2423.39        3037.58         4847.20         5500.00  
    0.069       262.08          2409.59        3035.65         4715.83         5500.00  
    0.075       259.75          2399.02        3019.89         4579.90         5500.00  
    0.081       252.85          2414.59        2997.06         4593.44         5500.00  
    0.088       250.57          2427.46        3012.86         4566.04         5205.57  
    0.094       248.72          2418.84        3048.09         4530.19         5096.74  
    0.100       248.62          2421.68        3017.84         4615.81         5108.78  
    0.106       248.92          2439.10        3048.68         4595.28         5084.21  
    0.113       251.68          2440.78        3069.87         4546.39         5106.23  
    0.119       254.10          2429.74        3024.22         4550.19         5133.52  
    0.125       254.69          2417.26        3020.68         4524.79         5100.90  
    0.131       255.88          2429.44        3009.68         4482.30         5077.21  
    0.138       257.14          2422.84        3044.88         4551.96         5117.16  
    0.144       259.12          2450.67        3034.07         4403.65         5440.69  
    0.150       261.45          2461.46        3051.77         4285.31         5100.49  
    0.156       261.67          2449.52        3079.72         4260.44         4976.13  
    0.163       263.08          2455.42        3056.19         4258.82         4967.10  
    0.169       265.92          2462.33        3011.96         4259.03         5009.80  
    0.175       266.30          2463.45        3049.18         4272.49         5013.77  
    0.181       265.66          2471.52        3052.67         4255.21         4982.66  
    0.188       265.99          2465.13        3010.07         4244.28         5027.70  
    0.194       266.15          2451.92        2971.77         4217.57         4995.69  
    0.200       265.78          2453.76        2967.18         4197.93         5019.45  
    0.206       267.82          2471.08        3003.47         4209.71         4973.30  
    0.213       267.92          2480.29        3022.65         4195.72         4964.53  
    0.219       266.35          2456.67        2997.46         4193.47         5022.13  
    0.225       265.80          2432.34        3001.22         4218.07         5019.82  
    0.231       267.47          2416.85        2989.32         4237.51         5007.53  
    0.238       269.00          2420.79        3024.45         4242.43         5019.48  
    0.244       269.72          2433.52        3031.12         4231.59         4964.88  
    0.250       270.36          2447.99        2992.47         4204.31         4964.73  
    0.256       271.32          2458.76        3016.26         4190.48         4993.45  
    0.263       271.47          2465.18        3043.28         4184.58         5000.84  
    0.269       272.69          2476.47        3045.32         4196.91         4990.15  
    0.275       273.03          2475.49        2996.10         4201.64         4921.94  
    0.281       273.65          2473.54        2939.27         4198.15         4932.03  
    0.288       273.49          2469.63        2953.97         4201.79         4931.98  
    0.294       274.87          2462.32        2998.89         4210.33         4931.65  
    0.300       278.17          2466.19        2995.56         4192.26         4932.64  
    0.306       280.31          2457.39        2930.84         4179.11         4952.74  
    0.312       280.86          2447.81        2898.91         4169.37         4918.25  
    0.319       280.82          2434.22        2911.23         4179.17         4852.82  
    0.325       281.36          2416.61        2933.25         4206.53         4879.30  
    0.331       283.35          2414.54        2965.48         4244.40         4823.97  
    0.338       285.71          2421.50        2917.24         4221.32         4847.30  
    0.344       287.64          2425.96        2886.48         4226.29         4875.00  
    0.350       289.02          2432.07        3002.41         4293.61         4825.92  
    0.356       290.89          2428.28        3045.82         4237.78         4861.07  
    0.363       296.56          2426.86        3004.11         4209.36         4871.35  
    0.369       302.29          2432.46        2922.15         4199.47         4814.17  
    0.375       305.18          2437.83        2909.29         4301.42         4761.45  
    0.381       304.59          2438.53        2973.47         4633.53         4758.92  
    0.388       298.40          2434.56        2964.37         4634.95         5054.79  
    0.394       288.24          2427.93        2908.96         4586.73         5158.39  
    0.400       281.41          2437.51        2901.06         4588.03         4997.00  
    0.406       284.14          2449.60        2912.31         4556.29         4801.10  
    0.413       45.08          633.91        2546.39         3375.70         4576.57  
    0.419       0          291.45        2455.06         2971.08         4443.05  
    0.425       0          272.90        2450.12         2952.82         4404.78  
    0.431       0          234.65        2475.00         2999.50         4417.94  
    0.438       0          229.74        2383.05         2953.29         4449.26  
    