0.025       0          957.86        2136.44         2774.81         3418.05  
    0.031       0          620.93        1411.09         2362.70         3328.45  
    0.038       0          81.47        1284.47         2243.94         3255.95  
    0.044       0          928.07        2114.56         3162.40         4400.01  
    0.050       0          1159.13        2336.33         3584.05         4495.60  
    0.056       0          1040.12        2264.97         3246.80         4445.09  
    0.062       0          820.77        2312.65         3004.99         4413.89  
    0.069       0          653.51        2370.69         3076.52         4409.21  
    0.075       0          648.76        2321.05         2947.96         4388.01  
    0.081       729.51          1720.39        2807.96         4064.05         5338.86  
    0.088       901.04          1925.55        2900.35         4222.76         5500.00  
    0.094       131.33          767.89        2797.37         4056.19         4244.88  
    0.100       240.76          1706.51        2739.29         4017.98         5027.15  
    0.106       40.65          515.66        2383.21         3581.83         4165.28  
    0.113       0          289.19        2204.76         2942.84         4035.35  
    0.119       0          289.92        2084.27         2923.85         4037.39  
    0.125       0          282.49        2063.38         3122.11         4062.29  
    0.131       0          261.11        2046.47         2974.58         4098.96  
    0.138       0          249.93        2055.35         2875.79         4128.32  
    0.144       0          232.01        1986.35         2979.57         4134.23  
    0.150       0          205.16        1943.92         3078.46         4143.32  
    0.156       0          202.90        1930.95         3198.61         4142.38  
    0.163       179.18          1686.31        2842.28         3979.48         5303.84  
    0.169       199.65          2123.27        3049.20         4153.01         5500.00  
    0.175       227.61          2225.58        3151.42         4158.09         5500.00  
    0.181       252.50          2216.00        3382.24         4182.60         5500.00  
    0.188       273.03          2207.99        3402.65         4198.90         5164.76  
    0.194       286.18          2288.07        3509.44         4146.11         5443.40  
    0.200       41.59          588.75        2521.95         3994.08         4299.50  
    0.206       0          308.31        2294.09         3519.27         4192.64  
    0.213       0          314.33        2280.43         3176.29         4205.15  
    0.219       271.94          1938.29        2851.71         4059.64         5312.88  
    0.225       317.73          2262.52        2911.71         4262.36         5500.00  
    0.231       45.89          599.30        2395.71         3851.17         4346.61  
    0.238       0          315.95        2291.30         3854.27         4119.78  
    0.244       0          315.10        2295.55         3858.88         4200.81  
    0.250       0          313.96        2285.39         3287.65         4250.90  
    0.256       266.64          1969.19        2770.60         4048.74         5320.44  
    0.263       45.02          590.90        2416.65         3311.94         4315.02  
    0.269       265.01          2061.43        2558.48         3989.70         5299.94  
    0.275       307.08          2124.54        2820.66         4132.47         5500.00  
    0.281       44.29          562.58        2302.38         3224.02         4330.84  
    0.288       0          303.88        2211.31         3088.30         4143.80  
    0.294       0          303.00        2211.95         3128.63         4211.87  
    0.300       256.80          1955.51        2978.36         4088.45         5315.55  
    0.306       43.36          578.21        2475.68         3591.12         4343.64  
    0.312       0          298.54        2330.86         3505.57         4179.42  
    0.319       0          299.49        2330.47         3255.10         4210.37  
    0.325       255.03          1578.45        2939.25         4044.66         5314.35  
    0.331       43.06          514.06        2161.50         3234.71         4367.81  
    0.338       253.87          1834.97        2907.98         4008.91         5308.85  
    0.344       295.53          1805.20        3017.33         4060.63         5500.00  
    0.350       292.96          1892.00        2996.00         4112.31         5500.00  
    0.356       42.26          526.05        2446.87         3197.16         4370.09  
    0.363       253.41          1620.18        2943.26         3987.68         5309.24  
    0.369       297.03          1667.74        3037.78         4082.57         5500.00  
    0.375       42.92          492.33        2594.45         3246.78         4380.96  
    0.381       0          300.21        2508.13         3136.85         4256.96  
    0.388       0          303.19        2529.09         3118.47         4246.65  
    0.394       0          305.24        2399.09         3186.86         4430.79  
    0.400       0          304.45        2279.59         3145.66         4485.33  
    0.406       0          297.65        2274.38         3164.09         4410.87  
    0.413       0          293.47        2289.30         3382.31         4312.89  
    0.419       0          285.76        2300.43         3474.99         4214.05  
    0.425       0          273.69        2313.03         3252.52         4154.94  
    0.431       0          269.62        2391.84         3278.82         4196.15  
    0.438       0          268.43        2400.66         3304.29         4223.74  
    0.444       222.35          2007.39        2888.08         4059.45         5316.12  
    0.450       258.43          2288.46        3025.97         4224.63         5500.00  
    0.456       258.92          2302.21        3125.76         4248.39         5500.00  
    0.463       252.21          2326.32        3042.67         4178.11         5500.00  
    0.469       248.39          2363.65        3013.27         4147.36         5500.00  
    0.475       245.41          2379.27        3090.96         4125.80         5500.00  
    0.481       241.48          2469.15        3068.92         4120.92         5500.00  
    0.488       231.08          2722.02        3065.74         4125.35         5500.00  
    0.494       33.14          597.17        2519.07         3319.74         4312.11  
    0.500       0          234.66        2412.90         3216.60         4130.33  
    0.506       203.42          2130.58        3020.94         3989.42         5302.62  
    0.513       235.74          2276.08        2912.67         4095.62         5500.00  
    0.519       241.21          2341.98        2905.38         4155.02         5500.00  
    0.525       34.98          561.85        2247.90         3189.70         4313.22  
    0.531       0          265.76        1986.39         3001.70         4059.37  
    0.537       0          270.56        1883.98         2982.46         4086.15  
    0.544       239.52          1460.40        2779.65         3857.01         5296.65  
    0.550       215.70          1377.73        2917.42         3715.45         5500.00  
    0.556       29.59          1002.34        2342.69         3062.50         4217.24  
    0.562       0          1021.64        2430.42         2879.20         4134.55  
    0.569       0          1081.07        2267.35         2918.50         4252.13  
    0.575       0          941.63        1832.09         3006.45         4329.38  
    0.581       0          955.07        1972.26         3103.01         4296.23  
    0.588       744.32          1343.63        2747.41         3913.33         5325.06  
    0.594       125.66          902.66        1679.79         3113.16         4345.24  
    