0.025       0          0        1824.60         2593.06         3814.71  
    0.031       0          0        1826.91         2577.13         3791.35  
    0.038       0          0        1837.10         2550.44         3771.11  
    0.044       0          0        1834.72         2585.74         3748.79  
    0.050       81.49          1214.96        2364.91         3340.99         4268.12  
    0.056       183.16          1861.51        2610.60         3723.46         4490.59  
    0.062       241.04          1891.18        2591.78         3745.75         4408.85  
    0.069       264.07          1926.02        2624.82         3761.16         4366.43  
    0.075       273.69          1957.87        2651.63         3740.31         4348.01  
    0.081       271.34          1993.24        2641.70         3704.44         4258.45  
    0.088       262.16          2038.40        2653.52         3683.56         4160.81  
    0.094       255.72          2087.08        2672.01         3635.49         4084.49  
    0.100       252.02          2105.46        2670.67         3530.55         4003.47  
    0.106       248.70          2109.57        2686.98         3306.85         3963.95  
    0.113       242.27          2129.82        2711.68         3322.99         3927.52  
    0.119       232.70          2153.57        2761.97         3538.07         3900.83  
    0.125       223.21          2179.64        2808.23         3497.55         3898.60  
    0.131       220.67          2198.62        2812.67         3593.43         3832.71  
    0.138       229.44          2211.57        2825.51         3727.95         3918.13  
    0.144       239.39          2222.45        2866.51         3787.16         4493.84  
    0.150       243.67          2232.77        2877.81         3797.45         4886.27  
    0.156       244.03          2256.32        2893.32         3801.73         4770.46  
    0.163       238.79          2276.88        2914.61         3824.38         4520.68  
    0.169       231.96          2292.52        2911.16         3835.38         4238.25  
    0.175       230.90          2303.56        2911.21         3819.42         4276.31  
    0.181       235.61          2314.25        2928.63         3796.81         4624.16  
    0.188       240.60          2320.42        2928.03         3795.18         4791.06  
    0.194       243.81          2310.48        2890.44         3794.19         4768.85  
    0.200       250.45          2292.24        2886.92         3793.94         4776.14  
    0.206       255.75          2283.66        2841.39         3785.24         4802.85  
    0.213       256.56          2284.00        2770.09         3783.85         4770.87  
    0.219       255.49          2291.24        2790.99         3779.88         4734.01  
    0.225       256.38          2300.15        2830.37         3763.65         4715.81  
    0.231       260.45          2302.74        2805.62         3744.05         4714.14  
    0.238       263.31          2303.63        2758.83         3728.66         4720.54  
    0.244       263.39          2309.47        2746.54         3716.22         4734.70  
    0.250       262.86          2327.59        2773.41         3713.13         4700.99  
    0.256       262.95          2334.56        2810.04         3718.89         4659.25  
    0.263       262.96          2343.82        2822.27         3727.43         4646.65  
    0.269       262.66          2356.99        2824.19         3753.10         4691.90  
    0.275       262.09          2354.58        2775.93         3748.75         4680.92  
    0.281       261.81          2352.88        2827.22         3755.46         4679.34  
    0.288       259.42          2355.07        2918.25         3760.54         4694.24  
    0.294       256.15          2350.33        2960.40         3771.53         4684.64  
    0.300       253.67          2343.03        2949.00         3763.66         4676.23  
    0.306       250.73          2344.30        2955.93         3761.67         4684.44  
    0.312       251.76          2337.68        2974.72         3730.09         4698.74  
    0.319       254.03          2335.20        2945.35         3716.72         4696.75  
    0.325       255.66          2334.73        2911.17         3732.09         4690.86  
    0.331       259.95          2329.93        2918.97         3734.98         4685.46  
    0.338       263.23          2336.69        2950.43         3730.34         4682.07  
    0.344       260.79          2344.76        2977.60         3739.91         4684.80  
    0.350       256.11          2339.17        2938.81         3721.48         4673.75  
    0.356       254.23          2327.43        2881.23         3702.33         4666.40  
    0.363       253.56          2331.52        2879.54         3713.77         4670.97  
    0.369       253.50          2344.76        2875.36         3701.60         4677.43  
    0.375       253.00          2329.71        2842.72         3701.58         4675.85  
    0.381       250.71          2311.32        2795.22         3717.78         4669.90  
    0.388       248.02          2326.48        2794.15         3717.45         4656.05  
    0.394       243.68          2357.63        2917.86         3695.31         4607.42  
    0.400       235.54          2380.07        2923.36         3663.82         4591.42  
    0.406       227.69          2396.43        2754.91         3677.44         4615.57  
    0.413       217.89          2407.48        2610.77         3663.59         4631.00  
    0.419       208.92          2389.85        2471.08         3702.95         4649.77  
    0.425       203.57          2327.11        2420.18         3758.24         4653.68  
    0.431       203.39          2306.10        2425.76         3747.89         4655.14  
    0.438       210.26          2355.60        2430.36         3659.09         4660.73  
    0.444       220.49          1582.72        2419.36         3657.47         4666.41  
    0.450       76.43          399.12        972.34         2847.30         3964.20  
    0.456       0          154.44        1675.67         3136.06         4246.15  
    0.463       0          79.93        995.05         2786.19         3795.50  
    0.469       173.83          793.41        1726.30         3068.52         4248.11  
    0.475       262.68          1299.90        2474.20         3468.99         4671.63  
    0.481       253.88          1461.29        2461.27         3542.38         4665.64  
    0.488       229.88          1485.67        2476.58         3569.98         4692.02  
    0.494       227.19          1502.75        2542.79         3554.17         4698.57  
    0.500       243.21          1425.75        2566.08         3556.23         4708.96  
    