0.025       311.27          1602.83        2198.81         3280.28         4568.29  
    0.031       300.98          1616.95        2299.55         3262.03         4514.05  
    0.038       302.40          1624.79        2452.48         3495.00         4567.80  
    0.044       279.71          1635.98        2498.34         3508.92         4707.45  
    0.050       273.98          1713.12        2414.11         3437.41         4788.26  
    0.056       35.31          473.72        1924.01         2831.32         4138.15  
    0.062       0          256.25        1819.62         2748.75         3984.59  
    0.069       155.49          1554.41        2600.92         2969.66         4233.76  
    0.075       23.03          225.46        1906.87         2082.28         2938.99  
    0.081       266.53          1583.51        2603.87         3382.08         3998.29  
    0.088       309.26          1867.06        2801.35         3101.33         4199.79  
    0.094       39.96          241.83        2048.27         2503.69         3016.57  
    0.100       0          1721.08        2052.55         2732.89         4031.86  
    0.106       220.89          1975.09        2654.45         3625.01         4197.07  
    0.113       32.72          254.82        2099.73         2877.81         3681.65  
    0.119       0          0        2100.22         2756.45         3615.94  
    0.125       198.15          1935.15        2663.02         3551.78         4134.27  
    0.131       278.22          2259.85        2743.84         3716.29         4210.86  
    0.138       247.54          2349.48        2754.38         3675.32         4225.38  
    0.144       31.21          304.75        2464.83         2902.26         3909.60  
    0.150       33.83          2111.54        2742.00         3659.82         4155.83  
    0.156       182.10          2416.21        2747.31         3882.60         4200.08  
    0.163       26.23          311.60        2455.46         2943.68         4183.39  
    0.169       0          0        2415.05         2847.75         4151.06  
    0.175       0          0        2412.28         2889.10         4107.72  
    0.181       0          0        2424.78         2878.45         4083.20  
    0.188       109.88          2099.33        2820.55         3942.34         4598.17  
    0.194       213.04          2419.25        2847.71         4120.89         4596.15  
    0.200       224.54          2426.42        2870.03         4109.99         4637.36  
    0.206       129.30          2429.74        2924.30         4061.81         4749.61  
    0.213       90.79          2446.04        2906.75         3972.21         4546.34  
    0.219       239.04          2439.40        2906.77         3887.99         4318.53  
    0.225       271.14          2436.08        2896.87         3904.84         4285.56  
    0.231       241.66          2442.76        2919.80         4046.99         4402.80  
    0.238       230.82          2457.18        3078.73         4013.37         4473.52  
    0.244       234.00          2470.11        3028.26         3968.16         4327.96  
    0.250       200.27          2473.56        3041.50         4113.97         4351.78  
    0.256       227.08          2461.71        2993.20         4063.99         4570.77  
    0.263       267.74          2438.17        2914.23         4028.35         4327.67  
    0.269       278.98          2446.79        2887.82         4068.47         4346.31  
    0.275       285.34          2503.95        2927.10         4091.44         4744.39  
    0.281       284.07          2548.81        3072.39         4044.36         4875.35  
    0.288       278.07          2517.50        2880.03         3935.88         5072.03  
    0.294       270.22          2499.06        2812.79         3927.94         5181.45  
    0.300       274.19          2506.22        2940.04         3952.33         5167.21  
    0.306       272.45          2530.86        3091.34         3986.52         5091.72  
    0.312       268.23          2547.76        2981.43         4028.48         5118.87  
    0.319       275.41          2566.78        2912.42         4012.32         5451.55  
    