0.025       357.82          1843.65        2727.30         3801.75         5004.78  
    0.031       346.49          1877.62        2686.90         3777.45         5454.07  
    0.038       334.88          1835.14        2861.83         3752.35         5038.09  
    0.044       367.50          1877.64        3025.48         3774.07         5452.78  
    0.050       349.31          2080.46        2765.45         3742.00         5143.07  
    0.056       335.32          1939.04        2793.58         3790.63         5370.68  
    0.062       358.12          1879.29        2823.22         3801.74         5490.51  
    0.069       33.44          1216.63        2398.15         3610.24         4009.41  
    0.075       0          106.59        1632.73         2654.69         3757.47  
    0.081       293.70          1578.20        2638.77         3670.12         5175.86  
    0.088       359.46          1649.22        2584.56         3792.44         5047.45  
    0.094       551.70          1571.56        2427.82         3753.59         5455.43  
    0.100       603.46          1542.80        2340.89         3644.67         4999.26  
    0.106       836.84          1526.00        2536.32         3424.69         4613.31  
    0.113       668.01          1497.07        2518.96         3460.61         4843.65  
    0.119       420.68          1496.98        2620.06         3314.40         4810.33  
    0.125       395.51          1514.12        2494.91         3363.07         4759.29  
    0.131       36.66          140.59        1660.77         2082.77         3489.85  
    0.138       321.43          1461.02        2456.53         3109.61         4515.41  
    0.144       340.72          1638.78        2807.46         3251.18         4588.29  
    0.150       330.76          1678.77        2704.08         3338.40         4631.97  
    0.156       344.18          1720.19        2916.88         3449.56         4604.43  
    0.163       356.90          1700.43        3120.37         3792.46         4417.97  
    0.169       370.52          1703.22        3086.50         3848.26         4769.53  
    0.175       373.80          1741.05        3016.24         3709.83         4650.17  
    0.181       376.04          1775.84        2924.34         3756.90         4472.23  
    0.188       377.72          1773.83        2849.50         3859.22         4543.85  
    0.194       369.06          1778.74        2854.91         3749.64         4663.99  
    0.200       374.68          1795.33        2832.98         3786.39         4898.90  
    0.206       375.80          1821.84        2815.35         3738.93         5446.37  
    0.213       379.60          1853.91        2822.92         3763.66         5500.00  
    0.219       375.99          1877.18        2845.58         3800.67         5500.00  
    0.225       34.83          520.47        2008.85         2944.01         3948.28  
    0.231       0          387.47        1954.95         2856.68         3725.18  
    0.238       0          390.01        1974.66         2876.92         3700.37  
    0.244       0          391.28        1990.27         2886.69         3711.89  
    0.250       353.95          1844.27        2797.20         3645.42         5334.29  
    0.256       391.59          1994.15        2903.74         3788.57         5251.39  
    0.263       396.26          1974.28        2816.16         3807.36         4949.17  
    0.269       396.82          1955.64        2838.07         3809.70         4824.55  
    0.275       394.47          2003.03        2874.41         4041.65         4650.69  
    0.281       394.50          1984.39        2766.22         3760.63         4769.54  
    0.288       391.41          1972.53        2849.52         3695.29         4771.85  
    0.294       387.40          1959.09        2851.55         3704.63         4720.80  
    0.300       387.85          1982.09        2894.24         3683.41         4803.70  
    0.306       389.12          2038.02        2988.07         3372.23         4906.70  
    0.312       387.78          2082.66        3052.03         3340.28         4713.95  
    0.319       382.98          2061.22        3062.84         3693.16         4504.01  
    0.325       386.44          2050.76        2987.08         3135.96         4629.05  
    0.331       385.67          2039.41        3025.05         3378.63         4716.21  
    0.338       35.76          538.63        2103.81         3004.03         4045.59  
    0.344       349.05          1867.20        2914.13         4209.87         5358.68  
    0.350       383.39          2053.70        3061.40         3768.27         5500.00  
    0.356       384.97          2092.83        2769.93         3212.78         5500.00  
    0.363       35.72          543.65        2139.85         2832.77         3495.04  
    0.369       0          386.65        2083.29         2876.58         3448.52  
    0.375       0          389.46        2083.42         2923.13         3563.10  
    0.381       0          389.51        2073.24         2930.92         3563.10  
    0.388       0          383.29        2063.93         2949.96         3513.83  
    0.394       0          381.82        2053.67         2956.41         3482.04  
    0.400       0          381.87        2073.36         2952.18         3418.15  
    0.406       348.43          1925.53        2896.86         3529.91         3584.75  
    0.413       385.59          2078.26        3010.08         3188.91         3712.08  
    0.419       391.82          2070.34        3000.18         3133.76         3740.35  
    0.425       392.61          2066.78        2979.85         3326.54         3703.07  
    0.431       400.19          2061.66        2983.90         3419.13         3742.63  
    0.438       410.02          2059.90        2995.69         3320.05         3793.77  
    0.444       418.42          2059.46        2999.18         3549.67         3781.78  
    0.450       421.05          2053.38        2977.15         3650.28         3770.71  
    0.456       431.10          2041.42        2960.14         3728.25         3897.65  
    0.463       431.53          2035.08        2961.75         3714.60         4571.44  
    0.469       426.44          2039.80        2976.03         3756.85         5420.15  
    0.475       39.50          574.41        2105.17         3041.45         3952.73  
    0.481       0          416.45        2015.48         3003.74         3858.27  
    0.488       0          399.81        2104.89         3117.76         3821.06  
    0.494       0          384.56        2086.17         3157.31         3807.86  
    0.500       0          384.08        2098.57         3127.52         3968.55  
    0.506       0          374.32        2046.08         3072.87         3841.02  
    0.513       0          388.17        2007.61         3049.02         3808.93  
    0.519       0          397.03        2015.62         3073.39         3825.53  
    0.525       0          371.56        1987.64         2957.17         3608.28  
    0.531       0          375.42        2004.98         2951.38         3595.42  
    0.537       0          380.62        1953.45         2920.73         3551.66  
    0.544       0          381.60        1965.91         2945.13         3606.39  
    0.550       0          395.22        1946.25         2977.91         3633.38  
    0.556       342.30          1800.28        2152.96         3261.01         4076.17  
    0.562       383.89          1726.75        2029.65         3237.00         3853.25  
    0.569       378.82          1781.66        2047.42         3154.14         4123.97  
    0.575       400.84          1974.15        2953.37         3422.65         5375.21  
    0.581       37.39          558.21        2093.84         3012.80         3790.54  
    0.588       371.29          1628.28        2579.31         3241.88         4397.50  
    0.594       37.95          524.30        1880.55         3028.53         3725.13  
    0.600       351.10          1469.45        2748.90         3049.44         4758.51  
    0.606       365.73          1789.42        2733.96         3051.82         4638.17  
    0.613       389.33          1895.02        2448.41         3061.58         4439.24  
    0.619       384.48          1620.91        2771.73         3425.22         4505.62  
    0.625       335.65          1561.27        3054.26         3355.49         4625.72  
    0.631       30.67          428.22        1953.93         3232.07         4510.54  
    0.638       0          299.79        1828.78         3133.97         4546.75  
    0.644       0          355.56        1868.14         3064.00         4105.66  
    0.650       328.20          1454.39        2851.17         3746.13         4771.35  
    0.656       332.92          1570.62        2873.00         3774.79         4804.40  
    0.663       327.12          1703.01        2875.84         3816.04         4734.51  
    0.669       336.46          1772.67        2760.28         3589.37         4715.50  
    0.675       302.52          1740.24        2816.50         3641.24         4761.92  
    0.681       310.33          1690.57        2889.03         3685.68         4787.72  
    0.688       304.80          1782.83        2833.15         3866.45         4737.42  
    0.694       357.70          1755.59        2879.99         3824.69         4598.93  
    0.700       333.61          1815.28        2940.33         4320.44         4416.47  
    0.706       30.66          168.96        1695.53         2995.63         4309.48  
    0.713       294.63          1493.03        2587.33         3864.11         4667.42  
    0.719       334.02          1738.26        2694.07         4022.45         4606.07  
    