0.025       241.49          1586.66        2672.14         3310.46         4940.81  
    0.031       249.96          1493.09        2619.57         2850.03         5388.92  
    0.038       279.95          1575.62        2290.17         2760.29         4988.17  
    0.044       314.98          1564.59        2375.98         2731.13         4857.18  
    0.050       341.90          1571.74        2530.52         2689.32         4908.15  
    0.056       342.82          1562.98        2676.50         2701.47         4911.04  
    0.062       340.65          1600.46        2754.89         2763.27         4893.71  
    0.069       344.87          1628.05        2764.07         2871.23         4937.52  
    0.075       352.59          1651.60        2754.90         3062.40         4970.48  
    0.081       357.85          1650.68        2751.79         3110.04         5051.80  
    0.088       356.98          1664.49        2737.68         3026.27         4992.29  
    0.094       352.30          1703.44        2743.09         3083.60         4922.20  
    0.100       346.51          1744.40        2733.27         3068.81         4950.58  
    0.106       340.91          1758.88        2780.19         3168.33         5050.73  
    0.113       338.24          1770.43        2782.87         3494.22         5040.36  
    0.119       327.43          1871.19        2779.84         3553.62         5007.15  
    0.125       312.11          2022.02        2795.64         3519.64         4997.60  
    0.131       296.89          2117.45        2812.92         3615.87         5029.49  
    0.138       297.85          2198.87        2875.85         3652.83         5048.42  
    0.144       326.26          2266.49        2855.95         3815.16         5020.70  
    0.150       338.79          2464.88        2825.61         3876.10         4938.47  
    0.156       329.33          2665.96        2869.44         3851.70         4952.06  
    0.163       317.95          2630.01        2837.61         3889.31         4949.59  
    0.169       310.12          2245.07        2800.67         3943.28         4964.50  
    0.175       308.65          2120.76        2791.59         3929.28         5046.27  
    0.181       309.57          2139.88        2808.25         3774.22         4974.00  
    0.188       310.52          2225.20        2830.35         3687.60         4878.86  
    0.194       310.69          2314.94        2848.23         3663.72         4835.85  
    0.200       310.25          2349.35        2857.39         3664.87         4846.15  
    0.206       309.17          2384.04        2865.25         3692.18         4891.52  
    0.213       308.54          2414.23        2880.76         3721.00         4866.94  
    0.219       308.83          2435.67        2889.55         3728.73         4824.11  
    0.225       309.78          2450.08        2887.15         3699.59         4799.32  
    0.231       311.07          2466.43        2920.91         3690.26         4846.79  
    0.238       312.48          2487.48        2915.74         3682.88         4826.88  
    0.244       313.27          2506.30        2898.58         3691.05         4872.70  
    0.250       314.34          2528.15        2920.71         3718.72         4930.99  
    0.256       316.55          2550.55        2907.29         3725.31         4909.06  
    0.263       319.57          2577.74        2862.42         3736.85         4903.64  
    0.269       323.46          2561.50        2882.58         3776.51         4934.69  
    0.275       326.52          2552.35        2895.29         3807.51         4924.45  
    0.281       328.86          2557.44        2901.58         3836.36         4887.05  
    0.288       331.30          2552.99        2942.35         3804.66         4843.79  
    0.294       335.39          2551.64        2960.16         3745.03         4926.65  
    0.300       340.32          2562.40        2913.44         3718.87         4940.62  
    0.306       346.81          2530.40        2900.01         3671.23         4827.46  
    0.312       352.24          2512.57        2927.69         3684.14         4886.27  
    0.319       355.21          2514.95        2955.75         3656.03         4875.43  
    0.325       357.25          2536.36        2987.64         3703.78         4867.55  
    0.331       356.59          2555.62        2982.94         3755.19         5256.79  
    0.338       70.78          794.84        2656.88         3146.61         4112.99  
    0.344       0          356.80        2620.90         3029.20         3798.41  
    0.350       0          355.76        2647.01         3059.09         3755.14  
    0.356       0          365.07        2622.52         3084.89         3739.35  
    0.363       302.32          2184.76        2915.33         3588.65         5149.99  
    0.369       377.18          2583.05        2779.05         3691.37         5500.00  
    0.375       365.78          2574.52        3112.88         3683.48         5500.00  
    0.381       331.22          2600.52        3121.68         3729.60         5500.00  
    0.388       317.89          2568.90        2940.53         3852.87         5500.00  
    0.394       340.22          2603.90        2893.24         3955.32         5500.00  
    0.400       68.75          789.15        2653.64         3181.40         4959.00  
    0.406       0          334.57        2553.16         3004.11         4907.92  
    0.413       0          315.09        2553.97         3034.15         4893.06  
    0.419       220.99          2134.84        2878.37         2999.38         4832.49  
    0.425       260.21          2490.04        2779.44         3589.28         4861.94  
    0.431       256.70          2451.98        2728.20         3801.53         4863.40  
    0.438       291.99          2312.66        2696.84         3825.12         4927.34  
    0.444       303.23          2119.63        2711.41         3711.03         4954.13  
    0.450       343.18          2207.40        2738.25         3510.62         4936.27  
    0.456       371.17          2011.12        2738.43         3619.22         4920.05  
    0.463       344.58          1841.88        2720.85         3728.17         4906.71  
    0.469       309.40          1774.47        2664.77         3682.47         4886.19  
    0.475       316.55          1889.73        2699.41         3706.13         4913.08  
    