0.025       0          1248.61        2214.74         3392.71         3635.85  
    0.031       0          1318.24        2255.24         3505.99         3677.81  
    0.038       0          328.67        1721.56         3558.87         3744.86  
    0.044       61.92          1291.04        3008.47         3762.12         4572.90  
    0.050       179.08          1867.81        3347.68         3789.30         4824.17  
    0.056       230.10          2023.85        3215.59         3867.74         4861.51  
    0.062       257.08          2111.21        3123.68         3752.47         4837.21  
    0.069       299.17          2136.54        3090.13         3710.13         4880.03  
    0.075       328.47          2179.92        3019.08         3762.36         5080.91  
    0.081       335.12          2197.10        2966.57         3782.37         5411.84  
    0.088       335.50          2163.61        2922.88         3795.55         4893.20  
    0.094       344.04          2165.99        2883.22         3778.54         4653.17  
    0.100       353.52          2185.77        2850.59         3767.03         4682.86  
    0.106       357.48          2193.33        2813.09         3714.36         4619.04  
    0.113       353.66          2204.51        2792.38         3644.40         4464.91  
    0.119       342.35          2217.24        2756.70         3622.72         4089.61  
    0.125       335.54          2217.92        2743.59         3553.89         3877.59  
    0.131       332.30          2240.49        2755.02         3529.57         3824.90  
    0.138       327.56          2272.35        2819.12         3565.46         3971.72  
    0.144       324.55          2275.44        2816.55         3581.15         3920.99  
    0.150       322.31          2262.40        2768.67         3545.99         3856.60  
    0.156       317.87          2295.08        2806.61         3595.30         3906.29  
    0.163       314.23          2320.03        2875.00         3636.66         4093.02  
    0.169       313.98          2311.84        2892.19         3632.83         4328.26  
    0.175       316.44          2302.45        2892.81         3625.33         4522.54  
    0.181       318.17          2294.25        2891.02         3631.89         4222.25  
    0.188       315.45          2300.36        2906.90         3628.67         4079.57  
    0.194       316.60          2299.52        2907.10         3641.02         3999.20  
    0.200       315.77          2301.29        2913.60         3643.06         3943.52  
    0.206       313.07          2307.91        2928.09         3627.62         3927.47  
    0.213       310.53          2300.02        2931.16         3600.28         3906.01  
    0.219       309.68          2299.60        2936.17         3583.71         3884.17  
    0.225       309.18          2289.61        2933.13         3561.25         3859.17  
    0.231       308.40          2281.54        2920.65         3546.84         3838.96  
    0.238       308.19          2306.59        2900.39         3529.96         3837.39  
    0.244       307.62          2324.92        2896.51         3518.04         3843.58  
    0.250       306.93          2325.39        2904.47         3517.66         3834.08  
    0.256       308.02          2318.21        2891.81         3536.29         3839.77  
    0.263       308.54          2311.08        2879.58         3549.92         3850.69  
    0.269       309.59          2315.84        2867.12         3541.60         3836.06  
    0.275       314.58          2330.93        2897.05         3559.60         3859.07  
    0.281       321.30          2335.35        2917.41         3582.13         3863.86  
    0.288       324.97          2336.95        2897.18         3581.96         3851.74  
    0.294       321.40          2311.10        2872.85         3638.61         3884.22  
    0.300       319.22          2321.20        2895.49         3629.43         3908.38  
    0.306       317.79          2355.80        2950.15         3619.51         3954.34  
    0.312       308.03          2360.91        2971.62         3607.62         3984.27  
    0.319       307.87          2351.09        2922.35         3604.21         3947.08  
    0.325       309.84          2356.89        2913.15         3595.66         3909.57  
    0.331       307.10          2348.52        2919.94         3610.06         3920.69  
    0.338       305.69          2350.54        2899.09         3593.99         3984.06  
    0.344       302.29          2364.43        2895.02         3587.14         3980.19  
    0.350       296.42          2370.41        2901.52         3588.29         3920.94  
    0.356       297.06          2375.07        2924.40         3600.33         3867.80  
    0.363       297.88          2362.48        2911.25         3644.28         3933.82  
    0.369       288.47          2363.37        2922.05         3685.65         3946.86  
    0.375       281.16          2328.48        2887.03         3633.51         3886.19  
    0.381       283.22          2323.26        2884.75         3636.19         3906.40  
    0.388       290.06          2350.62        2864.22         3665.95         3896.81  
    0.394       293.69          2548.71        2705.00         3518.38         3869.60  
    0.400       283.30          2541.17        2643.88         3425.45         3885.63  
    0.406       282.40          2439.58        2562.74         3472.50         3867.23  
    0.413       259.71          2300.92        2573.78         3527.72         3832.08  
    0.419       202.11          2015.71        2517.56         3722.37         3922.90  
    0.425       185.63          1924.74        2556.54         3750.06         4039.36  
    0.431       170.34          2113.54        2647.91         3765.74         3890.83  
    0.438       158.65          1965.50        2806.05         3798.09         4019.93  
    0.444       164.69          1803.94        2743.71         3768.03         4224.44  
    0.450       157.41          1786.58        2675.99         3773.49         4168.12  
    0.456       138.53          1965.76        2866.12         3409.05         3924.25  
    0.463       131.39          1962.49        2924.71         3563.16         3829.52  
    0.469       147.37          1817.97        2819.47         3753.43         3976.40  
    