0.025       0          0        1619.78         2919.49         3919.70  
    0.031       0          0        1645.22         2955.48         4053.76  
    0.038       226.32          1635.31        2929.31         3933.45         4646.21  
    0.044       230.69          1892.67        2957.15         3793.93         4636.76  
    0.050       221.30          1842.63        2745.26         3804.24         4584.50  
    0.056       216.09          1816.63        2686.02         3866.24         4634.42  
    0.062       213.46          1789.91        2629.82         3867.11         4779.19  
    0.069       206.00          1744.43        2544.04         3876.04         4673.29  
    0.075       196.50          1722.03        2560.93         3777.07         4484.87  
    0.081       190.71          1777.14        2571.75         3729.80         4315.21  
    0.088       144.63          1816.43        2751.25         3744.78         4313.00  
    0.094       8.48          108.87        1896.10         2795.68         3738.80  
    0.100       0          0        1716.05         2532.55         3710.52  
    0.106       0          0        1773.75         2801.70         3766.26  
    0.113       0          0        1841.14         2919.89         3823.21  
    0.119       0          0        1752.05         2495.31         3748.33  
    0.125       0          1579.17        2319.75         3665.26         4492.86  
    0.131       0          1692.37        2312.76         3775.33         4345.20  
    0.138       0          1718.72        2422.42         3801.22         4215.47  
    0.144       0          1761.89        2502.97         3745.95         4430.40  
    0.150       0          105.63        1875.79         2635.43         3786.12  
    0.156       0          0        1847.97         2562.98         3738.34  
    0.163       0          0        1896.86         2576.45         3729.86  
    0.169       0          0        1945.76         2573.77         3676.88  
    0.175       0          0        1963.11         2546.96         3664.24  
    0.181       0          0        2003.97         2581.23         3661.98  
    0.188       168.91          1907.53        2574.69         3574.88         4231.28  
    0.194       213.12          2044.67        2636.26         3659.70         4100.13  
    0.200       233.82          2055.22        2665.42         3631.01         4219.22  
    0.206       245.67          2055.37        2703.81         3581.56         4653.19  
    0.213       239.66          2134.83        2733.65         3589.08         5450.93  
    0.219       203.70          2152.91        2797.42         3614.09         5091.94  
    0.225       226.15          2153.83        2837.07         3638.10         4201.69  
    0.231       250.99          2200.35        2855.89         3599.56         3986.26  
    0.238       244.70          2215.99        2858.61         3577.03         3971.95  
    0.244       234.55          2247.01        2895.42         3540.48         3724.26  
    0.250       230.19          2273.29        3062.59         3516.81         3585.14  
    0.256       209.13          2273.42        3146.23         3577.29         3809.77  
    0.263       206.76          2277.89        3018.18         3585.42         5399.70  
    0.269       211.93          2257.51        2965.48         3613.21         5500.00  
    0.275       12.71          291.62        2289.47         3065.18         3710.73  
    0.281       0          141.13        2264.34         3066.94         3611.82  
    0.288       0          137.70        2246.80         3014.52         3612.76  
    0.294       0          121.43        2256.28         3077.50         3595.99  
    0.300       0          63.37        2263.45         3084.83         3572.69  
    0.306       0          3.58        135.52         2335.10         3103.20  
    0.312       0          363.29        2155.43         2973.04         3529.67  
    0.319       0          460.48        2286.70         3031.85         3576.39  
    0.325       0          763.69        2281.50         3107.22         3557.13  
    0.331       0          808.13        2309.90         3156.81         3554.54  
    0.338       0          933.83        2314.98         3200.96         3550.77  
    0.344       0          1102.97        2314.43         3284.19         3562.61  
    0.350       0          846.40        2305.00         3314.59         3587.26  
    0.356       0          49.65        137.95         2352.47         3268.27  
    0.363       0          0        0         2294.33         3246.69  
    0.369       0          80.42        2150.72         3212.43         3555.08  
    0.375       173.70          2172.64        3101.93         3509.44         5384.75  
    0.381       168.40          2297.09        3217.07         3483.94         5500.00  
    0.388       137.35          2310.08        3277.43         3532.95         5500.00  
    0.394       155.11          2312.99        3120.08         3567.58         5500.00  
    0.400       67.17          2298.06        2992.74         3560.59         5500.00  
    0.406       3.68          137.51        178.71         2380.72         3243.82  
    0.413       167.83          2181.77        2954.90         3541.36         5356.34  
    0.419       209.54          2348.35        3117.76         3603.68         5500.00  
    0.425       261.85          2366.23        3073.77         3584.55         5500.00  
    0.431       268.64          2376.61        3101.59         3614.14         5500.00  
    0.438       281.16          2375.16        3129.64         3626.27         5500.00  
    0.444       283.67          2364.94        3091.15         3625.95         5500.00  
    0.450       286.16          2366.19        3054.64         3603.35         5500.00  
    0.456       289.96          2378.34        3022.09         3610.08         5500.00  
    0.463       297.59          2338.89        2937.18         3623.42         5500.00  
    0.469       292.22          2257.43        2862.08         3636.20         5500.00  
    0.475       291.24          2269.32        2859.99         3610.11         5500.00  
    0.481       17.43          393.05        2445.09         3041.45         3737.38  
    0.488       0          522.49        2495.76         3051.16         3667.84  
    0.494       0          636.01        2472.08         3008.27         3682.75  
    0.500       0          729.56        2420.78         2978.81         3694.01  
    0.506       0          243.84        2366.11         2900.16         3706.52  
    0.513       234.74          2183.55        2734.97         3675.72         5392.68  
    0.519       234.67          1941.71        2647.80         3708.97         5080.69  
    0.525       195.09          1863.63        2686.93         3743.45         5024.18  
    0.531       181.04          1948.67        2772.12         3734.11         5063.78  
    0.537       176.84          1882.83        2847.50         3733.27         5064.05  
    0.544       175.09          1757.37        2910.46         3757.09         5036.60  
    0.550       183.13          1846.51        2720.01         3754.35         5041.47  
    