0.025       0          1467.92        2989.59         3290.16         3801.02  
    0.031       0          1516.24        3028.47         3331.65         3824.34  
    0.038       0          1615.83        3069.68         3471.38         3842.56  
    0.044       0          1662.80        3028.83         3684.61         3870.77  
    0.050       0          474.90        2111.18         3261.69         3783.54  
    0.056       0          0        1851.15         2990.60         3732.21  
    0.062       0          0        1786.44         2633.24         3741.74  
    0.069       0          0        1750.10         2545.25         3741.93  
    0.075       116.00          1289.17        2468.61         3485.40         4051.56  
    0.081       219.52          1807.94        2659.84         3852.07         4181.11  
    0.088       260.00          1821.32        2635.48         3724.12         4217.41  
    0.094       273.35          1873.41        2611.04         3643.04         4144.59  
    0.100       283.26          1918.42        2570.63         3642.02         4067.50  
    0.106       294.63          1963.02        2572.66         3619.43         3944.25  
    0.113       303.66          2016.40        2611.32         3578.49         3826.95  
    0.119       310.02          2044.72        2614.67         3508.70         3798.97  
    0.125       312.35          2105.25        2606.91         3462.74         3781.90  
    0.131       311.75          2132.60        2612.71         3405.78         3739.20  
    0.138       312.42          2214.19        2646.27         3419.52         3716.60  
    0.144       312.27          2255.57        2699.39         3488.89         3791.63  
    0.150       312.02          2237.51        2759.85         3460.05         3854.18  
    0.156       315.46          2267.71        2790.27         3415.66         3860.80  
    0.163       316.06          2299.51        2828.39         3510.49         3999.08  
    0.169       310.48          2328.80        2814.10         3577.42         4078.64  
    0.175       300.59          2330.75        2789.46         3565.24         3974.04  
    0.181       286.15          2351.21        2809.69         3547.76         3850.25  
    0.188       267.29          2380.25        2800.71         3504.16         3810.39  
    0.194       252.51          2387.51        2800.66         3507.77         3814.56  
    0.200       251.59          2375.16        2822.60         3483.44         3809.00  
    0.206       255.93          2374.23        2834.88         3450.58         3778.98  
    0.213       252.40          2379.53        2836.70         3467.57         3756.06  
    0.219       244.03          2364.10        2849.27         3466.97         3756.71  
    0.225       237.67          2357.23        2866.67         3442.80         3745.70  
    0.231       235.17          2350.34        2887.44         3409.62         3714.78  
    0.238       233.13          2342.83        2921.93         3476.30         3677.21  
    0.244       232.81          2339.65        2924.30         3453.14         3663.99  
    0.250       236.11          2331.37        2928.54         3364.01         3667.17  
    0.256       240.76          2318.23        2912.73         3289.62         3685.99  
    0.263       245.90          2313.65        2946.90         3313.75         3688.34  
    0.269       251.74          2305.14        2959.46         3405.95         3693.10  
    0.275       260.60          2297.38        2952.93         3498.77         3719.07  
    0.281       270.44          2293.86        2957.58         3534.32         3714.94  
    0.288       283.16          2306.68        2951.92         3411.45         3623.70  
    0.294       295.23          2306.00        2937.64         3335.40         3616.87  
    0.300       302.37          2305.96        2933.61         3346.39         3646.66  
    0.306       308.02          2334.19        2934.31         3426.13         3640.50  
    0.312       317.79          2373.97        2943.87         3544.27         3616.03  
    0.319       325.41          2383.32        2926.00         3533.99         3671.59  
    0.325       327.33          2399.61        2938.72         3525.31         3701.76  
    0.331       320.65          2397.87        2964.26         3558.31         3663.03  
    0.338       311.20          2401.04        2973.00         3488.54         3646.79  
    0.344       306.56          2396.77        2972.46         3414.54         3678.92  
    0.350       309.04          2372.20        2964.21         3389.52         3691.57  
    0.356       316.19          2356.68        2946.15         3463.43         3766.12  
    0.363       314.39          2396.44        2912.75         3471.56         3903.79  
    0.369       302.36          2445.67        2908.51         3396.48         4055.28  
    0.375       299.48          2440.31        2919.94         3404.96         4111.33  
    0.381       302.31          2423.03        2892.05         3419.89         4139.97  
    0.388       303.90          2406.15        2867.15         3352.61         4116.32  
    0.394       303.52          2393.89        2871.56         3284.63         4033.34  
    0.400       300.27          2413.13        2878.71         3280.17         4096.54  
    0.406       296.03          2458.29        2887.14         3346.75         4179.67  
    0.413       291.84          2454.52        2916.58         3403.39         4230.66  
    0.419       287.88          2450.58        2924.15         3388.35         4228.31  
    0.425       286.92          2439.59        2925.56         3411.47         4221.54  
    0.431       289.13          2438.10        2919.94         3470.15         4235.05  
    0.438       295.04          2491.20        2904.14         3486.58         4229.76  
    0.444       287.50          2544.42        2897.86         3474.19         4233.18  
    0.450       269.91          2559.42        2890.98         3428.08         4239.39  
    0.456       248.05          2531.51        2891.71         3453.01         4195.75  
    0.463       230.33          2450.40        2890.22         3529.09         4124.17  
    0.469       209.10          2430.45        2886.83         3582.31         4030.69  
    0.475       190.55          2463.11        2907.43         3790.80         4242.54  
    0.481       183.05          2451.05        2893.92         3821.73         4661.70  
    