0.025       276.57          2295.73        3753.02         4321.40         5028.56  
    0.031       331.13          2302.76        3821.18         4351.81         5015.98  
    0.038       109.00          707.45        2775.82         3564.00         4555.26  
    0.044       511.33          1594.20        3111.46         3958.35         4787.08  
    0.050       689.58          2309.67        3974.11         4475.50         4845.63  
    0.056       395.87          2296.26        4153.16         4649.42         4794.63  
    0.062       256.43          2264.90        3922.04         4332.36         4779.93  
    0.069       244.53          2296.74        3046.46         4211.78         4785.86  
    0.075       260.19          2138.89        2434.99         4221.53         4769.81  
    0.081       279.24          2159.35        2276.31         4225.89         4784.43  
    0.088       285.98          2192.35        2269.94         4248.02         4877.06  
    0.094       284.60          2116.21        2256.07         4314.00         4985.49  
    0.100       280.67          2021.90        2314.68         4240.35         4986.72  
    0.106       256.15          2040.20        2293.82         4137.18         4915.39  
    0.113       229.57          2083.19        2278.98         4130.21         4925.10  
    0.119       168.46          2094.93        2456.87         4259.69         4904.21  
    0.125       44.37          642.96        2277.33         2993.75         4502.57  
    0.131       17.70          1482.40        2283.18         3635.70         4655.70  
    0.138       134.13          2143.90        2372.36         4153.63         4963.14  
    0.144       193.75          2160.81        2472.41         4119.02         5042.90  
    0.150       216.44          2167.65        2568.05         4109.82         5024.63  
    0.156       238.25          2189.08        2608.25         4113.10         5017.22  
    0.163       246.32          2214.67        2651.03         4100.48         4999.93  
    0.169       238.54          2221.77        2718.34         4093.90         4819.79  
    0.175       219.42          2218.80        2849.66         4064.53         4668.48  
    0.181       191.98          2220.89        3186.47         4011.42         4716.65  
    0.188       177.49          2223.84        3787.41         4005.22         4748.14  
    0.194       144.12          2235.98        4006.53         4047.99         4711.69  
    0.200       172.46          2261.67        3593.20         4003.17         4733.76  
    0.206       221.15          2292.54        3810.50         4097.19         4616.58  
    0.213       241.45          2321.22        4031.66         4198.54         4375.92  
    0.219       249.33          2347.95        3572.55         4074.75         4493.63  
    0.225       253.59          2362.73        3065.26         4021.00         4781.90  
    0.231       258.56          2363.61        3243.02         4037.77         4958.42  
    0.238       260.53          2347.90        3813.14         4278.99         4913.93  
    0.244       266.13          2349.36        4039.86         4178.68         4680.92  
    0.250       268.53          2356.97        3992.32         4089.40         4637.02  
    0.256       262.36          2385.54        3983.09         4126.94         4680.72  
    0.263       262.60          2399.68        4026.40         4105.37         4823.68  
    0.269       262.01          2393.98        3770.93         4083.86         4872.69  
    0.275       252.99          2369.73        3948.27         4538.33         4990.02  
    0.281       251.57          2333.43        3959.60         4249.09         4858.72  
    0.288       254.33          2352.28        3736.37         4010.31         4676.11  
    0.294       253.10          2387.80        3795.58         4016.76         4611.25  
    0.300       249.81          2406.83        3987.22         4154.02         4577.34  
    0.306       250.16          2414.49        3958.55         4126.25         4618.71  
    0.312       249.93          2406.68        3871.24         4079.01         4652.13  
    0.319       250.09          2385.98        3970.98         4379.39         4643.15  
    0.325       245.63          2362.46        4001.87         4432.69         4671.75  
    0.331       240.21          2352.13        4001.32         4391.24         4756.26  
    0.338       241.22          2351.45        3974.56         4494.16         4664.65  
    0.344       242.58          2361.97        3981.75         4527.52         4553.59  
    0.350       236.57          2376.89        4050.50         4300.76         4545.45  
    0.356       232.94          2373.21        3971.45         4115.44         4559.49  
    0.363       233.33          2372.35        4005.70         4288.76         4449.42  
    0.369       235.29          2401.05        4040.93         4269.48         5162.34  
    0.375       237.07          2402.58        4014.79         4285.10         5500.00  
    0.381       241.49          2391.76        4058.64         4327.77         5041.79  
    0.388       249.11          2380.84        4088.27         4345.41         5005.38  
    0.394       258.80          2400.73        4065.97         4334.10         5370.84  
    0.400       267.14          2406.78        4054.06         4378.94         5500.00  
    0.406       254.82          2393.31        4043.54         4531.71         4912.58  
    0.413       236.48          2375.42        4109.60         4417.07         4638.78  
    0.419       231.71          2349.74        4149.96         4431.49         4636.45  
    0.425       239.41          2350.96        4124.88         4452.85         5235.57  
    0.431       246.55          2371.88        4126.38         4488.12         5500.00  
    0.438       239.55          2368.66        4149.70         4630.69         5500.00  
    0.444       237.81          2371.71        4157.35         4404.98         4997.90  
    0.450       255.02          2370.20        4153.74         4312.87         4756.85  
    0.456       262.01          2360.52        4172.30         4258.51         4831.57  
    0.463       263.66          2369.67        4141.94         4414.56         5306.20  
    0.469       258.24          2382.58        4094.08         4457.52         5500.00  
    0.475       254.86          2373.37        4069.32         4552.51         4890.43  
    0.481       256.99          2351.70        4033.23         4239.12         4734.89  
    0.488       256.99          2339.49        4026.63         4181.31         4847.48  
    0.494       238.69          2354.66        3921.54         4261.92         4896.32  
    0.500       226.24          2373.24        3876.16         4246.48         4894.13  
    0.506       235.35          2370.71        3881.08         4202.55         4956.36  
    0.513       255.15          2356.23        3873.99         4194.78         4997.41  
    0.519       263.88          2343.18        3929.13         4216.68         5067.19  
    0.525       263.12          2335.99        4004.23         4283.53         5094.53  
    0.531       263.24          2329.11        4034.93         4386.57         5036.05  
    0.537       262.75          2332.25        4041.01         4447.38         4964.84  
    0.544       263.10          2340.05        4058.58         4371.96         4887.34  
    0.550       253.87          2348.78        4045.38         4495.04         4836.20  
    0.556       248.85          2358.46        4013.54         4493.45         5292.85  
    0.562       243.24          2349.10        4025.91         4499.48         5045.74  
    0.569       234.80          2361.18        3988.87         4258.26         4925.97  
    