0.025       256.72          1604.12        2739.15         2748.64         5500.00  
    0.031       286.13          1614.36        2388.30         2759.60         5010.55  
    0.038       322.05          1624.59        2349.57         2727.22         4847.35  
    0.044       347.32          1624.65        2509.89         2700.29         4901.04  
    0.050       348.78          1630.78        2603.12         2783.05         4888.26  
    0.056       350.79          1640.81        2659.66         2848.59         4883.32  
    0.062       357.51          1641.74        2708.58         2861.82         4927.08  
    0.069       369.24          1640.92        2767.14         2877.55         4971.84  
    0.075       376.77          1632.03        2747.63         2907.83         5034.51  
    0.081       376.98          1646.19        2713.11         2915.40         4962.64  
    0.088       373.11          1697.08        2716.78         2906.86         4908.68  
    0.094       366.43          1712.68        2707.09         2911.23         4947.31  
    0.100       360.48          1704.53        2776.35         3130.66         5020.38  
    0.106       356.45          1725.65        2793.29         3507.10         5027.10  
    0.113       344.75          1783.91        2797.84         3623.73         5011.31  
    0.119       328.92          1815.12        2825.16         3689.16         5012.29  
    0.125       303.65          1832.14        2853.21         3744.08         5043.77  
    0.131       303.40          1810.17        2888.07         3827.87         5058.86  
    0.138       327.72          1838.89        2871.00         3907.68         5024.86  
    0.144       341.13          1966.08        2879.17         3925.61         4937.09  
    0.150       336.92          2220.10        2878.79         3902.58         4945.45  
    0.156       320.47          2221.35        2917.01         3906.63         4925.35  
    0.163       313.27          2114.39        2838.99         3921.91         4917.44  
    0.169       312.03          2096.66        2809.40         3917.33         4900.28  
    0.175       312.10          2131.37        2828.20         3812.61         4823.09  
    0.181       312.18          2218.61        2848.49         3731.88         4758.70  
    0.188       311.55          2310.06        2861.16         3702.69         4748.28  
    0.194       310.34          2350.98        2868.64         3699.05         4767.03  
    0.200       309.03          2382.79        2878.30         3700.42         4788.18  
    0.206       308.40          2415.10        2898.89         3723.33         4780.68  
    0.213       308.70          2440.46        2908.62         3730.70         4749.83  
    0.219       309.68          2458.46        2921.14         3716.16         4719.28  
    0.225       311.06          2472.12        2937.34         3711.95         4729.22  
    0.231       312.52          2495.22        2942.88         3703.02         4728.62  
    0.238       313.25          2512.31        2959.55         3707.78         4794.72  
    0.244       314.96          2527.29        2988.04         3728.08         4851.51  
    0.250       317.32          2540.64        2986.58         3746.71         4845.37  
    0.256       320.70          2542.38        2924.75         3767.15         4864.93  
    0.263       324.65          2540.13        2908.66         3794.23         4881.45  
    0.269       327.79          2536.17        2908.80         3817.54         4860.64  
    0.275       330.08          2531.67        2918.62         3826.35         4821.45  
    0.281       333.11          2532.42        2957.20         3791.82         4776.99  
    0.288       337.40          2533.37        2940.07         3756.45         4777.03  
    0.294       342.99          2531.78        2919.54         3747.31         4777.96  
    0.300       349.79          2510.48        2918.89         3751.19         4767.15  
    0.306       354.84          2503.60        2927.19         3742.60         4790.68  
    0.312       358.02          2509.71        2911.24         3748.42         4763.40  
    0.319       359.50          2529.51        2914.55         3752.04         4706.61  
    0.325       359.92          2542.54        2936.15         3757.48         4834.69  
    0.331       361.89          2537.40        2969.59         3776.21         5335.31  
    0.338       364.89          2539.74        2990.35         3770.70         5500.00  
    0.344       370.87          2541.98        2981.54         3736.15         5500.00  
    0.350       375.96          2528.30        2976.15         3738.72         5500.00  
    0.356       384.43          2491.52        2993.49         3747.12         5500.00  
    0.363       386.07          2476.99        3085.23         3747.81         5500.00  
    0.369       103.73          938.09        2670.82         3219.80         4226.39  
    0.375       249.58          1917.50        2819.94         3592.34         5031.48  
    0.381       350.19          2484.07        2926.93         3805.62         5500.00  
    0.388       362.51          2489.44        2935.46         3830.62         5500.00  
    0.394       98.39          926.36        2624.93         3188.16         4371.85  
    0.400       0          340.43        2490.99         2979.60         4605.48  
    0.406       0          319.94        2453.15         2959.58         4458.61  
    0.413       204.59          1864.51        2714.65         3710.93         4807.57  
    0.419       261.76          2427.68        2806.06         3832.45         4898.05  
    0.425       266.20          2424.97        2798.64         3835.71         4872.63  
    0.431       287.33          2423.21        2777.63         3853.75         5000.91  
    0.438       310.69          2393.73        2740.57         3786.41         5015.85  
    