0.025       494.09          1597.90        2317.20         3077.75         5073.26  
    0.031       494.52          1627.34        2337.98         3227.32         5083.13  
    0.038       490.59          1658.14        2373.39         3397.93         5086.14  
    0.044       475.02          1655.56        2381.24         3447.97         5091.18  
    0.050       457.76          1653.76        2380.60         3519.10         4952.71  
    0.056       410.67          1694.13        2449.68         3664.66         4673.77  
    0.062       371.02          1779.59        2398.73         3764.56         4675.94  
    0.069       354.81          1827.50        2316.84         3844.47         4775.10  
    0.075       282.43          1967.62        2267.75         3959.70         4742.94  
    0.081       273.54          2168.78        2234.24         4000.66         4777.65  
    0.088       342.55          2151.98        2359.39         3999.83         4883.44  
    0.094       373.66          2049.29        2434.06         3950.04         4772.95  
    0.100       382.67          2035.14        2412.78         3750.26         4937.60  
    0.106       381.53          2061.87        2397.27         3581.51         5387.39  
    0.113       375.10          2086.52        2389.89         3554.24         5500.00  
    0.119       366.77          2114.38        2384.61         3543.46         5500.00  
    0.125       356.86          2151.01        2399.46         3548.20         5431.91  
    0.131       342.25          2169.19        2426.73         3554.80         5229.16  
    0.138       323.67          2175.94        2455.56         3563.60         5046.77  
    0.144       308.30          2193.07        2498.26         3568.55         4976.72  
    0.150       301.46          2214.30        2535.30         3578.77         4974.27  
    0.156       299.62          2231.03        2578.00         3596.03         5113.93  
    0.163       300.41          2238.81        2632.72         3606.43         5367.43  
    0.169       305.82          2238.48        2676.54         3618.30         5368.83  
    0.175       310.53          2239.56        2728.80         3634.44         5370.84  
    0.181       310.85          2243.16        2771.28         3644.29         5500.00  
    0.188       308.95          2247.32        2771.91         3652.54         5110.93  
    0.194       307.59          2256.27        2760.26         3663.38         4918.24  
    0.200       307.95          2269.17        2737.91         3661.19         5007.29  
    0.206       307.90          2283.61        2732.97         3661.44         4934.86  
    0.213       306.99          2300.96        2732.18         3645.48         4906.40  
    0.219       304.47          2313.23        2709.35         3576.09         4798.11  
    0.225       300.60          2313.01        2701.65         3552.92         4870.51  
    0.231       297.53          2311.16        2734.91         3583.96         4931.80  
    0.238       296.71          2318.11        2752.40         3617.80         4837.86  
    0.244       297.62          2326.81        2782.23         3700.23         4863.31  
    0.250       298.28          2331.57        2829.80         3760.24         4788.82  
    0.256       298.73          2333.84        2831.03         3791.57         4662.72  
    0.263       298.39          2344.07        2861.64         3905.82         5084.93  
    0.269       297.37          2352.81        2901.67         3995.42         5500.00  
    0.275       297.26          2351.31        2882.61         3955.55         5500.00  
    0.281       296.89          2356.24        2855.58         3914.17         5500.00  
    0.288       296.73          2362.56        2883.74         3932.61         5500.00  
    0.294       296.84          2365.10        2919.83         3928.40         5500.00  
    0.300       296.12          2364.06        2863.91         3836.49         5092.51  
    0.306       296.07          2358.38        2786.72         3763.95         4725.91  
    0.312       296.46          2352.08        2777.90         3827.45         4975.93  
    0.319       296.37          2353.45        2837.68         3923.12         5345.45  
    0.325       296.01          2358.58        2887.58         3904.15         5500.00  
    0.331       295.67          2360.88        2867.81         3870.41         5500.00  
    0.338       295.59          2359.97        2841.18         3896.82         5423.97  
    0.344       296.27          2353.38        2827.45         3918.96         5425.13  
    0.350       296.86          2354.56        2819.69         3936.83         5500.00  
    0.356       296.53          2358.78        2817.84         3930.28         5500.00  
    0.363       295.98          2356.68        2817.10         3938.89         5500.00  
    0.369       294.77          2359.30        2851.75         3968.39         5305.03  
    0.375       293.12          2361.71        2926.91         3976.23         5038.89  
    0.381       292.51          2363.54        2956.30         3939.44         4959.89  
    0.388       291.17          2365.94        2929.97         3921.69         4952.74  
    0.394       288.89          2364.50        2939.50         3969.41         5067.06  
    0.400       288.20          2365.26        2943.50         3961.78         5299.75  
    0.406       287.75          2364.74        2913.76         3898.60         5211.04  
    0.413       287.99          2364.77        2914.77         3852.14         4917.15  
    0.419       288.64          2367.59        2956.70         3910.60         4938.46  
    0.425       289.04          2362.50        2992.75         4074.54         5275.71  
    0.431       143.74          1315.24        2672.55         3604.31         4814.32  
    0.438       0          291.70        2344.92         3065.32         4224.21  
    0.444       0          294.27        2346.69         3068.89         4454.38  
    0.450       0          297.23        2379.46         3107.99         4470.48  
    0.456       0          303.70        2389.28         3190.10         4327.30  
    0.463       0          324.01        2369.98         3176.49         4294.27  
    0.469       0          334.66        2368.33         3091.95         4368.90  
    0.475       0          329.54        2376.30         3101.79         4493.73  
    0.481       0          320.85        2370.57         3123.33         4429.22  
    0.488       0          293.48        2399.67         3000.60         4303.08  
    0.494       0          273.53        2472.80         2832.55         4153.33  
    0.500       0          282.12        2480.58         2809.17         4087.53  
    0.506       0          290.49        2474.70         2955.08         4140.75  
    0.513       0          294.01        2540.68         3045.51         4132.14  
    0.519       150.63          1379.35        2710.65         3532.81         4696.29  
    0.525       300.81          2417.08        2869.47         4041.22         5110.43  
    