0.025       731.62          1381.92        2983.98         3443.72         4445.73  
    0.031       269.75          509.52        1944.26         3180.48         3821.12  
    0.038       150.16          1113.40        2399.37         3336.59         3863.84  
    0.044       241.12          1799.32        2993.90         3517.60         4202.96  
    0.050       252.56          1752.20        2911.59         3508.32         4375.05  
    0.056       290.66          1656.35        2843.41         3465.79         5109.56  
    0.062       333.93          1658.95        2818.14         3425.27         5500.00  
    0.069       351.54          1722.31        2807.13         3373.39         5500.00  
    0.075       351.82          1757.73        2793.71         3362.32         5500.00  
    0.081       348.86          1747.87        2811.34         3350.01         4533.14  
    0.088       345.46          1723.61        2853.13         3419.66         3927.64  
    0.094       345.52          1708.80        2877.24         3477.16         4224.58  
    0.100       343.59          1702.45        2872.16         3469.09         4316.71  
    0.106       323.09          1704.76        2840.81         3476.77         4256.00  
    0.113       286.17          1711.08        2846.21         3478.50         4390.22  
    0.119       260.51          1725.95        2855.83         3463.61         4441.51  
    0.125       248.55          1767.86        2833.15         3457.74         4449.64  
    0.131       242.11          1795.59        2852.32         3454.85         4402.19  
    0.138       245.92          1819.36        2930.65         3482.52         4348.47  
    0.144       255.63          1874.27        2955.55         3645.89         4347.91  
    0.150       274.33          1920.62        2946.97         3818.81         4306.98  
    0.156       321.40          1923.14        2950.56         4081.14         4587.68  
    0.163       126.76          952.04        2337.93         3422.51         4412.12  
    0.169       0          401.70        2014.40         2963.88         4225.16  
    0.175       0          415.15        2050.65         2945.91         4222.64  
    0.181       0          418.37        2087.02         2924.70         4162.75  
    0.188       0          420.83        2153.69         2921.01         4177.11  
    0.194       0          426.71        2226.19         2929.61         4215.83  
    0.200       0          429.68        2254.14         2933.18         4244.49  
    0.206       0          428.63        2268.16         2936.19         4384.79  
    0.213       0          425.22        2282.39         2952.14         4348.09  
    0.219       0          420.49        2298.77         2984.42         4333.54  
    0.225       0          415.21        2327.14         2981.66         4390.32  
    0.231       0          410.86        2346.90         2933.19         4335.28  
    0.238       0          401.16        2353.53         2900.43         4230.14  
    0.244       0          384.35        2360.19         2897.28         4177.20  
    0.250       0          378.25        2358.86         2909.25         4208.97  
    0.256       0          387.04        2353.92         2948.65         4278.72  
    0.263       0          396.37        2353.22         3009.52         4322.36  
    0.269       0          401.06        2347.26         3021.66         4375.43  
    0.275       0          405.76        2352.75         3009.56         4336.20  
    0.281       0          413.52        2363.28         3004.60         4258.91  
    0.288       0          418.69        2384.12         3030.81         4198.66  
    0.294       0          421.04        2420.96         3088.33         4069.62  
    0.300       0          425.25        2440.24         3136.73         3996.16  
    0.306       0          427.95        2438.72         3125.95         3993.21  
    0.312       0          427.72        2425.90         3105.92         3995.24  
    0.319       0          426.38        2406.17         3086.20         3866.69  
    0.325       0          425.21        2396.21         3070.20         3812.43  
    0.331       0          424.37        2392.60         3061.97         4017.35  
    0.338       266.72          687.74        2381.96         3038.41         4215.56  
    0.344       155.78          577.82        2368.09         3012.72         4173.93  
    0.350       0          423.28        2356.78         3007.32         3883.11  
    0.356       0          421.77        2344.51         3001.81         3646.85  
    0.363       0          420.01        2339.46         2982.47         3581.66  
    0.369       0          416.84        2346.25         2959.06         3473.56  
    0.375       0          410.85        2335.53         2938.06         3398.98  
    0.381       0          403.10        2322.47         2915.08         3487.07  
    0.388       0          397.89        2449.68         2898.25         3653.39  
    0.394       0          397.82        2629.58         2895.34         3834.97  
    0.400       0          397.51        2620.55         2916.54         3837.97  
    0.406       0          392.50        2522.94         2932.26         3923.14  
    0.413       0          383.98        2484.57         2919.61         3984.40  
    0.419       0          378.62        2451.38         2909.46         3925.02  
    0.425       0          375.70        2401.83         2927.48         3796.22  
    0.431       0          365.25        2365.24         2929.41         3697.60  
    0.438       0          352.27        2343.39         2934.06         3777.10  
    0.444       0          345.93        2350.34         2961.53         3838.61  
    0.450       0          349.66        2398.58         2966.70         3785.91  
    0.456       0          347.49        2390.97         2941.75         3736.03  
    0.463       203.04          1608.32        2720.63         3455.53         4845.57  
    0.469       319.96          2358.40        2922.55         3760.47         5500.00  
    0.475       117.61          1078.81        2565.78         3245.74         4440.37  
    0.481       205.31          1607.83        2754.93         3503.84         4881.12  
    0.488       328.94          2360.09        2983.92         3834.25         5500.00  
    0.494       330.22          2335.15        2976.11         3831.96         5120.22  
    0.500       339.94          2311.15        2967.37         3837.84         5278.19  
    0.506       348.32          2345.27        3002.15         3849.41         5500.00  
    0.513       343.54          2354.27        3031.41         3845.81         5500.00  
    0.519       349.71          2326.72        3031.27         3839.48         5261.21  
    0.525       356.01          2333.33        3046.23         3846.91         5055.79  
    0.531       356.38          2388.18        3108.36         3855.27         5322.01  
    0.537       348.37          2450.07        3163.38         3859.13         5500.00  
    