0.025       0          272.95        1907.16         2516.92         4020.78  
    0.031       252.24          1590.19        2418.11         2568.92         4878.63  
    0.038       316.76          1846.42        2483.29         2651.41         5420.32  
    0.044       328.54          1857.16        2546.76         2654.29         4937.25  
    0.050       341.29          1910.32        2551.82         2979.83         4486.52  
    0.056       343.64          1885.31        2544.92         2804.60         4384.24  
    0.062       339.38          1800.05        2472.19         2635.58         4449.15  
    0.069       335.59          1812.44        2523.18         2610.25         4529.70  
    0.075       332.64          1839.01        2515.46         2647.37         4605.62  
    0.081       331.39          1852.11        2540.34         2682.19         4638.32  
    0.088       327.54          1853.87        2546.36         3057.60         4598.86  
    0.094       324.84          1846.81        2543.51         3200.66         4509.68  
    0.100       326.01          1860.70        2546.30         3173.52         4446.24  
    0.106       327.71          1885.19        2565.54         3122.99         4359.31  
    0.113       329.81          1883.26        2589.62         3306.60         4435.31  
    0.119       328.16          1872.09        2610.91         3275.58         4469.54  
    0.125       329.54          1928.11        2599.66         3352.19         4441.43  
    0.131       329.81          1920.39        2610.80         3495.64         4537.36  
    0.138       328.26          1912.83        2620.29         3436.26         4523.13  
    0.144       328.62          1928.14        2615.32         3546.56         4469.88  
    0.150       330.71          1943.01        2619.42         4103.26         4393.58  
    0.156       333.64          1957.86        2659.07         4207.91         4460.78  
    0.163       333.61          1948.67        2646.84         4174.85         4264.29  
    0.169       334.95          1959.14        2618.67         3818.65         4373.46  
    0.175       337.91          1970.06        2622.11         3629.77         4486.03  
    0.181       339.33          1995.17        2633.13         3694.45         4485.11  
    0.188       339.03          2038.83        2642.72         3560.90         4456.14  
    0.194       339.37          2073.08        2654.64         3371.08         4536.05  
    0.200       340.25          2110.67        2670.63         3389.11         4643.40  
    0.206       338.03          2129.26        2682.19         3378.78         4637.56  
    0.213       338.39          2153.39        2705.85         3569.75         4634.87  
    0.219       339.67          2177.64        2725.57         3585.64         4645.83  
    0.225       342.93          2217.75        2748.16         3552.77         4682.35  
    0.231       346.08          2239.45        2763.60         3519.64         4717.78  
    0.238       344.82          2250.88        2764.01         3516.25         4756.31  
    0.244       341.96          2271.29        2770.87         3555.95         4893.20  
    0.250       338.83          2295.35        2823.64         3569.06         4944.71  
    0.256       333.97          2304.76        2872.75         3642.44         4923.78  
    0.263       329.77          2313.25        2891.96         3857.91         4871.43  
    0.269       325.29          2320.50        2911.36         3991.26         4800.26  
    0.275       321.50          2322.12        2953.25         3973.29         4864.31  
    0.281       316.69          2329.50        2989.92         4064.79         4879.25  
    0.288       309.09          2338.66        3007.37         3968.47         4841.26  
    0.294       303.62          2339.95        2987.59         3764.68         4891.29  
    0.300       302.19          2341.11        3006.81         3773.42         4937.06  
    0.306       300.37          2347.72        3026.67         3714.31         4886.79  
    0.312       298.50          2357.78        3019.34         3734.19         4905.83  
    0.319       298.01          2360.00        3017.29         3656.37         4879.53  
    0.325       300.16          2362.02        3024.80         3714.46         4845.89  
    0.331       299.28          2354.16        3033.48         3823.70         4813.08  
    0.338       299.96          2358.55        3039.79         3824.60         4824.41  
    0.344       300.61          2368.91        3062.28         3915.68         4809.94  
    0.350       299.67          2381.13        3050.77         4015.85         4755.51  
    0.356       298.54          2381.82        3032.17         3818.86         4797.57  
    0.363       298.57          2374.45        2992.45         3720.26         4897.85  
    0.369       296.88          2374.04        3043.82         3670.12         4861.24  
    0.375       296.91          2381.02        3054.72         3778.13         4874.86  
    0.381       297.40          2389.15        3021.54         3769.59         4993.44  
    0.388       297.08          2392.86        3028.48         3785.18         4999.43  
    0.394       296.52          2405.45        3017.15         3812.81         4903.62  
    0.400       298.55          2414.23        2995.86         3831.89         4809.22  
    0.406       297.06          2417.24        2986.96         3840.87         4799.58  
    0.413       295.45          2415.49        3018.15         3875.23         4782.56  
    0.419       293.69          2414.11        3050.61         3801.01         4763.31  
    0.425       292.43          2409.57        3022.45         3604.70         4802.15  
    0.431       290.84          2417.12        3043.27         3737.50         4781.61  
    0.438       289.99          2414.56        3056.95         3865.26         4699.71  
    0.444       290.44          2442.06        3071.24         3955.98         4680.47  
    0.450       291.10          2461.45        3077.68         3999.69         4676.78  
    0.456       290.78          2448.55        3004.85         3619.52         4701.87  
    0.463       292.88          2460.11        3013.43         3478.77         4669.05  
    0.469       300.56          2437.92        3024.91         3935.89         4626.77  
    0.475       310.60          2438.24        2986.70         3907.02         4604.52  
    0.481       59.11          714.77        2551.47         3166.18         4601.59  
    0.488       244.02          2046.25        2875.44         4261.52         4572.49  
    0.494       287.09          2455.90        2932.80         4153.35         4542.11  
    0.500       280.57          2477.21        2851.42         4034.63         4518.72  
    0.506       52.91          704.03        2586.77         3343.64         4487.39  
    0.513       230.20          2061.98        2804.39         3984.88         4645.21  
    0.519       270.83          2455.26        2807.97         4219.65         4602.24  
    0.525       233.27          2455.68        2787.35         4330.58         4816.29  
    0.531       215.74          2449.51        2966.43         4337.87         4498.66  
    0.537       262.44          2421.58        3023.58         4450.69         4474.91  
    