0.025       532.89          1667.57        2348.23         3297.54         5500.00  
    0.031       516.34          1658.24        2345.39         3474.76         5500.00  
    0.038       490.33          1636.48        2344.93         3729.93         4553.38  
    0.044       408.37          1618.67        2331.35         3862.43         4283.35  
    0.050       400.91          1654.29        2305.41         3920.77         4458.03  
    0.056       361.61          1697.93        2299.67         3983.74         4491.34  
    0.062       58.44          281.86        1754.44         2564.67         4058.66  
    0.069       0          0        1828.30         2359.57         3931.79  
    0.075       298.86          1662.34        2319.18         3694.01         4229.72  
    0.081       404.79          1990.66        2389.83         3727.63         4120.32  
    0.088       416.54          2026.91        2376.69         3645.41         4182.93  
    0.094       415.11          2066.51        2377.17         3622.55         5285.43  
    0.100       407.73          2082.86        2363.19         3614.89         5220.03  
    0.106       397.86          2113.21        2355.02         3612.75         4941.36  
    0.113       385.69          2146.13        2367.97         3621.89         4911.38  
    0.119       362.95          2156.65        2384.45         3615.21         4803.18  
    0.125       330.11          2161.31        2390.48         3612.08         4612.32  
    0.131       305.09          2174.83        2399.81         3610.48         4522.33  
    0.138       299.25          2189.83        2408.64         3622.97         4548.48  
    0.144       292.80          2209.46        2429.84         3640.12         4523.45  
    0.150       297.18          2220.17        2454.54         3642.90         4516.49  
    0.156       311.20          2223.73        2477.75         3650.08         4463.54  
    0.163       315.41          2228.66        2512.16         3661.10         4515.02  
    0.169       313.84          2227.23        2502.70         3667.74         4371.20  
    0.175       309.59          2223.56        2470.56         3681.30         4248.96  
    0.181       306.62          2231.05        2453.07         3693.52         4367.65  
    0.188       306.50          2236.70        2445.67         3694.10         4419.01  
    0.194       305.61          2249.57        2450.86         3698.99         4351.85  
    0.200       305.76          2272.26        2430.65         3681.81         4394.88  
    0.206       301.96          2288.68        2452.07         3668.42         4418.73  
    0.213       297.71          2286.30        2493.48         3684.36         4542.25  
    0.219       294.00          2280.32        2519.79         3680.09         4491.42  
    0.225       294.21          2278.27        2485.31         3684.06         4453.92  
    0.231       295.04          2288.24        2485.65         3720.97         4467.22  
    0.238       296.37          2294.50        2522.75         3721.27         4424.15  
    0.244       296.77          2304.16        2531.66         3737.86         4425.08  
    0.250       296.17          2332.88        2544.16         3788.62         4478.17  
    0.256       295.94          2336.39        2588.91         3800.46         4439.15  
    0.263       296.36          2333.75        2583.76         3808.56         4461.37  
    0.269       294.92          2346.91        2550.65         3818.20         4517.70  
    0.275       295.69          2351.57        2562.25         3846.51         4646.99  
    0.281       294.98          2356.81        2568.26         3821.28         4597.99  
    0.288       294.29          2351.52        2501.89         3805.35         4462.22  
    0.294       294.54          2337.87        2472.54         3802.73         4491.96  
    0.300       294.83          2330.49        2468.27         3823.47         4646.40  
    0.306       294.47          2349.58        2480.66         3848.90         4725.50  
    0.312       294.24          2354.77        2492.18         3833.54         4715.85  
    0.319       294.32          2360.08        2498.93         3842.92         4776.07  
    0.325       294.91          2354.68        2495.04         3844.42         4722.19  
    0.331       296.03          2347.85        2495.17         3847.57         4663.77  
    0.338       296.66          2355.49        2479.47         3863.02         4624.83  
    0.344       296.53          2358.98        2484.00         3868.36         4620.79  
    0.350       296.23          2353.95        2473.57         3895.37         4562.78  
    0.356       294.49          2357.40        2530.25         3889.39         4481.55  
    0.363       293.27          2356.74        2561.29         3879.95         4470.28  
    0.369       293.02          2358.38        2557.40         3850.86         4504.40  
    0.375       290.80          2357.29        2564.08         3858.35         4505.24  
    0.381       288.97          2360.66        2593.59         3878.09         4545.11  
    0.388       288.95          2363.80        2503.43         3883.77         4663.37  
    0.394       287.86          2363.02        2449.87         3869.12         4696.39  
    0.400       289.22          2363.24        2485.38         3864.88         4608.58  
    0.406       288.91          2363.90        2543.20         3895.42         4681.26  
    0.413       289.81          2344.75        2553.64         3938.95         4769.23  
    0.419       289.87          2340.45        2556.45         3923.96         4861.00  
    0.425       292.52          2326.19        2536.19         3868.84         5189.06  
    0.431       294.28          2336.30        2594.56         3771.75         5181.75  
    0.438       296.73          2377.97        2682.63         3818.74         5445.12  
    0.444       49.12          647.48        2418.15         2995.45         4167.50  
    0.450       0          321.01        2346.30         2974.48         4110.22  
    0.456       0          310.61        2355.75         2977.30         4194.00  
    0.463       0          303.48        2357.42         3007.75         4212.21  
    0.469       0          289.15        2343.50         2979.81         4198.91  
    