0.025       0          1487.13        1990.04         3168.81         4356.53  
    0.031       0          536.70        1957.42         3108.41         3981.18  
    0.038       0          266.70        1639.15         2619.67         3494.99  
    0.044       0          348.96        1615.54         2457.28         3491.78  
    0.050       0          401.74        1656.66         2463.11         3583.54  
    0.056       0          424.80        1718.39         2453.61         3576.22  
    0.062       0          425.47        1728.06         2453.28         3590.34  
    0.069       0          408.06        1668.15         2463.85         3642.95  
    0.075       0          399.73        1728.20         2489.00         3675.77  
    0.081       0          412.81        1695.86         2439.81         3652.03  
    0.088       0          402.17        1682.93         2425.94         3616.78  
    0.094       298.58          1412.57        2243.03         2778.52         3611.69  
    0.100       399.56          1806.86        2476.07         2862.09         3621.42  
    0.106       389.79          1890.26        2515.59         2715.63         3620.29  
    0.113       377.39          1812.19        2529.94         2792.16         3611.18  
    0.119       370.25          1699.34        2482.08         2913.57         3593.60  
    0.125       368.66          1634.80        2447.00         3060.32         3576.08  
    0.131       371.00          1685.84        2422.11         3096.90         3572.49  
    0.138       371.93          1871.58        2451.09         2935.90         3564.57  
    0.144       370.97          1970.09        2448.68         2929.45         3558.75  
    0.150       369.38          1988.49        2449.71         3058.29         3572.88  
    0.156       368.27          2004.48        2453.23         3231.86         3585.83  
    0.163       367.56          1973.80        2454.66         3446.44         3573.99  
    0.169       363.69          1981.70        2493.10         3498.97         4254.40  
    0.175       357.16          2004.40        2524.90         3488.77         5233.15  
    0.181       343.29          2036.31        2579.80         3493.29         5127.69  
    0.188       321.11          2052.06        2656.44         3510.61         4965.12  
    0.194       301.69          2057.23        2745.02         3526.28         5061.69  
    0.200       289.06          2065.68        2824.97         3542.08         4783.78  
    0.206       283.08          2076.37        2871.05         3553.08         4788.79  
    0.213       280.67          2083.18        2901.25         3563.75         5120.23  
    0.219       279.69          2079.97        2923.55         3542.32         5346.85  
    0.225       277.25          2104.57        2948.60         3548.08         5470.84  
    0.231       277.51          2131.55        2972.16         3552.17         5500.00  
    0.238       278.41          2119.19        2992.04         3545.73         5500.00  
    0.244       278.66          2099.10        3020.71         3562.86         5500.00  
    0.250       279.31          2096.36        3052.50         3578.43         5500.00  
    0.256       279.71          2097.03        3045.08         3543.28         5311.87  
    0.263       282.17          2104.06        3066.44         3549.56         5430.95  
    0.269       283.98          2113.58        3095.22         3578.37         5500.00  
    0.275       286.07          2116.40        3091.31         3586.42         5500.00  
    0.281       288.92          2103.52        3073.55         3586.86         5500.00  
    0.288       291.41          2100.60        3072.14         3550.83         5500.00  
    0.294       294.20          2112.74        3093.40         3527.09         5500.00  
    0.300       297.39          2122.10        3096.03         3534.26         5398.65  
    0.306       299.97          2125.61        3057.38         3527.17         5330.46  
    0.312       303.53          2129.20        3057.13         3541.22         5342.44  
    0.319       305.42          2113.37        3071.77         3561.83         5460.00  
    0.325       304.93          2092.51        3066.49         3565.11         5451.22  
    0.331       302.01          2085.89        3060.13         3529.37         5482.10  
    0.338       301.08          2086.14        3054.72         3471.21         5418.14  
    0.344       303.14          2095.31        3076.65         3496.07         5339.69  
    0.350       305.88          2102.01        3103.85         3544.57         5378.81  
    0.356       308.84          2108.08        3107.81         3559.27         5364.16  
    0.363       312.27          2112.43        3103.57         3564.03         5313.65  
    0.369       312.59          2125.00        3078.71         3551.90         5336.16  
    0.375       312.57          2134.38        3035.17         3508.69         5313.50  
    0.381       312.25          2134.91        2997.92         3495.50         5305.73  
    0.388       312.61          2125.58        2990.21         3465.83         5299.27  
    0.394       312.35          2096.06        3016.57         3487.58         5282.73  
    0.400       310.67          2075.93        3030.39         3521.80         5353.53  
    0.406       308.65          2077.07        3026.60         3540.23         5468.14  
    0.413       311.80          2085.48        3023.38         3561.41         5500.00  
    0.419       313.91          2089.40        3029.74         3575.87         5500.00  
    0.425       314.26          2095.06        3019.78         3572.49         5500.00  
    0.431       316.55          2104.49        3011.34         3543.26         5500.00  
    0.438       319.78          2111.00        3013.07         3550.44         5360.58  
    0.444       320.69          2128.22        3038.51         3581.09         5397.45  
    0.450       316.39          2146.46        3036.16         3592.10         5481.14  
    0.456       316.00          2148.43        3053.07         3606.90         5500.00  
    0.463       316.11          2145.96        3053.27         3624.85         5500.00  
    0.469       317.79          2146.42        3021.90         3640.39         5500.00  
    0.475       323.62          2147.89        2995.79         3697.13         5500.00  
    0.481       330.46          2150.79        3010.18         3728.08         5500.00  
    0.488       333.15          2167.36        3015.02         3693.58         5500.00  
    0.494       322.51          2192.19        3004.45         3670.97         5500.00  
    0.500       318.69          2205.65        3030.86         3675.20         5487.90  
    0.506       85.58          898.15        2461.82         3662.11         4777.48  
    0.513       0          376.45        2323.18         3643.96         4728.02  
    0.519       0          341.88        2347.82         3682.17         4310.14  
    0.525       0          486.63        2329.90         3711.77         3941.85  
    0.531       0          512.82        2424.05         3730.49         4058.03  
    0.537       0          550.09        2537.39         3742.16         4074.92  
    0.544       0          529.84        2572.92         2970.69         3841.88  
    0.550       0          317.49        2459.71         2600.62         3772.29  
    0.556       166.19          1589.14        2473.77         3409.66         5037.04  
    0.562       224.19          2192.84        2469.45         3749.65         5500.00  
    0.569       217.76          2175.47        2489.70         3784.56         5500.00  
    0.575       213.44          1993.54        2476.74         3804.14         5335.47  
    0.581       210.04          1944.51        2498.87         3831.40         4933.78  
    0.588       210.69          2022.46        2524.93         3809.48         4938.70  
    0.594       223.18          1996.67        2485.57         3822.36         5256.60  
    0.600       114.50          1800.36        2466.57         3881.52         5164.06  
    