0.025       0          0        2368.62         3571.05         4526.85  
    0.031       219.55          1547.30        3047.72         4086.30         4798.44  
    0.038       461.59          2342.00        3370.61         4416.39         4982.44  
    0.044       503.99          2321.39        3208.50         4491.37         4988.60  
    0.050       634.11          2306.81        3166.39         4426.83         4995.48  
    0.056       717.74          2312.78        3378.41         4291.38         4955.48  
    0.062       248.18          1095.07        2715.61         4151.57         4877.75  
    0.069       170.64          1673.03        2819.19         4187.40         4858.12  
    0.075       249.01          2390.37        2683.38         4273.78         4865.08  
    0.081       257.75          1625.00        2413.12         4231.49         4835.48  
    0.088       277.89          1648.83        2334.00         4247.74         4889.04  
    0.094       287.26          2045.10        2285.10         4341.60         4974.77  
    0.100       290.67          2162.08        2253.18         4433.16         5258.41  
    0.106       294.03          2142.23        2429.03         4317.86         5179.82  
    0.113       280.19          2165.49        2310.70         4148.77         5007.11  
    0.119       259.40          2094.56        2175.29         4129.73         4985.22  
    0.125       246.85          2089.10        2332.87         4279.43         4941.76  
    0.131       223.36          2132.36        2709.59         4360.54         4880.64  
    0.138       217.05          2226.15        2504.43         4317.38         4821.99  
    0.144       241.82          2276.03        2327.31         4180.53         4975.21  
    0.150       245.02          2240.21        2480.05         4121.21         5076.92  
    0.156       247.99          2197.51        2626.14         4111.64         5048.34  
    0.163       261.21          2189.92        2666.91         4115.61         5047.39  
    0.169       273.50          2206.57        2685.51         4115.14         5059.28  
    0.175       281.59          2218.00        2714.03         4101.30         4916.33  
    0.181       286.51          2219.13        2796.55         4079.90         4708.48  
    0.188       293.38          2225.66        3045.51         4026.89         4714.31  
    0.194       299.90          2227.87        3457.90         4016.06         4795.18  
    0.200       303.73          2235.65        3752.74         4030.71         4769.23  
    0.206       299.91          2256.69        3548.68         3998.54         4751.19  
    0.213       291.08          2286.84        3608.63         3982.82         4725.07  
    0.219       282.73          2316.25        3937.50         4070.60         4714.93  
    0.225       277.79          2343.68        3744.25         4057.02         4665.23  
    0.231       276.60          2361.75        3181.46         4024.63         4777.82  
    0.238       279.67          2367.68        3087.01         4035.50         4942.09  
    0.244       287.19          2359.77        3485.66         4039.94         4833.39  
    0.250       289.69          2362.62        3664.39         4045.67         4678.80  
    0.256       288.81          2367.61        3529.41         4098.95         4720.44  
    0.263       294.09          2388.51        3504.12         4047.59         4739.47  
    0.269       294.51          2404.16        3694.92         4029.56         4839.29  
    0.275       288.43          2401.91        3534.40         4070.35         4890.18  
    0.281       284.36          2390.15        3576.42         4101.68         4842.84  
    0.288       280.61          2366.29        3616.87         4080.39         4815.09  
    0.294       276.76          2369.10        3545.11         4023.52         4710.71  
    0.300       273.24          2394.65        3613.34         4016.32         4634.01  
    0.306       272.18          2409.89        3908.47         4214.65         4585.08  
    0.312       272.39          2417.33        3960.15         4168.67         4611.95  
    0.319       272.14          2412.21        3780.82         4081.70         4656.34  
    0.325       275.15          2396.33        3906.24         4059.59         4647.76  
    0.331       284.36          2377.85        4006.32         4027.61         4718.90  
    0.338       284.89          2368.79        3921.12         4042.19         4817.02  
    0.344       275.43          2367.97        3937.49         4280.47         4685.19  
    0.350       266.81          2372.34        3982.98         4252.97         4607.16  
    0.356       258.90          2385.37        3781.27         4122.13         4622.98  
    0.363       247.97          2389.26        3498.63         4094.13         4623.97  
    0.369       240.56          2392.46        3828.66         4076.45         4526.06  
    0.375       242.50          2414.88        4062.44         4157.69         5148.34  
    0.381       251.39          2414.46        4045.98         4231.16         5500.00  
    0.388       260.60          2401.73        4073.58         4333.60         5158.01  
    0.394       272.79          2394.96        4100.17         4414.36         5321.03  
    0.400       95.38          1015.51        3003.08         4197.81         4748.82  
    0.406       0          299.07        2419.99         4064.21         4342.30  
    0.413       185.50          1676.47        3482.18         4396.80         4528.30  
    0.419       264.59          2385.75        4007.72         4287.65         4651.58  
    0.425       253.54          2365.94        4113.05         4409.03         4864.07  
    0.431       86.80          985.84        2983.91         4264.85         4639.51  
    0.438       0          277.60        2391.46         4109.78         4480.24  
    0.444       0          270.83        2390.74         4131.56         4557.28  
    0.450       174.91          1656.52        3338.65         4175.07         4751.25  
    0.456       284.00          2379.44        3932.71         4173.04         4793.17  
    0.463       293.51          2373.01        4112.07         4198.41         4770.12  
    0.469       294.43          2396.00        4155.62         4496.85         4786.53  
    0.475       101.28          1014.21        2998.28         4276.96         4543.51  
    0.481       184.58          1656.15        3376.08         4156.43         4686.78  
    0.488       278.42          2348.59        3599.09         4126.38         4809.64  
    0.494       277.50          2324.85        3533.48         4143.49         4804.57  
    0.500       260.94          2334.43        3568.57         4258.57         4900.72  
    0.506       243.68          2349.43        3561.27         4270.86         4917.11  
    0.513       246.95          2356.27        3508.21         4198.23         4897.21  
    0.519       261.82          2349.81        3398.56         4177.83         4911.06  
    0.525       270.77          2345.19        3371.65         4191.00         4944.49  
    0.531       269.67          2381.39        3579.85         4159.98         4914.81  
    0.537       268.79          2405.37        3920.37         4512.14         5291.24  
    0.544       266.69          2366.55        4020.56         4629.85         4982.33  
    0.550       266.92          2347.93        3706.95         4421.33         4789.95  
    0.556       258.70          2361.57        3877.49         4161.17         4774.28  
    0.562       87.26          979.16        2994.77         4017.99         4684.73  
    0.569       159.24          1741.77        3120.02         4011.12         4726.87  
    0.575       238.68          2397.58        3354.31         4125.00         4882.19  
    0.581       222.31          2414.83        3690.56         4458.53         4861.37  
    0.588       213.59          2343.65        3610.42         4219.35         4773.52  
    0.594       233.36          2247.36        3280.68         3995.82         4739.16  
    0.600       240.58          2349.64        3270.03         4291.28         5236.67  
    0.606       245.55          2269.72        3382.31         4466.70         5500.00  
    