0.025       203.66          1628.90        2663.30         4057.23         4659.98  
    0.031       247.26          1603.91        2645.75         3743.63         4677.00  
    0.038       325.32          1581.47        2496.79         3425.70         4716.71  
    0.044       359.77          1592.47        2369.82         3364.94         4755.56  
    0.050       339.61          1671.53        2378.81         3755.91         4796.65  
    0.056       332.32          1738.68        2489.43         4146.28         4593.62  
    0.062       325.65          1708.63        2597.63         3983.03         4533.92  
    0.069       298.17          1691.73        2620.72         3747.17         4727.08  
    0.075       282.64          1745.40        2660.38         3744.65         4940.59  
    0.081       118.58          917.74        2231.68         3218.73         4491.07  
    0.088       168.74          1204.25        2417.16         3417.18         4907.59  
    0.094       305.11          1800.24        2779.90         3689.68         5257.10  
    0.100       330.43          1774.97        2764.87         3676.08         4825.07  
    0.106       333.33          1822.92        2763.77         3821.61         4588.71  
    0.113       322.81          1870.69        2820.22         3669.93         4434.68  
    0.119       336.56          1926.86        2845.06         3334.63         4433.49  
    0.125       363.25          1976.92        2805.78         3786.22         4375.96  
    0.131       371.74          1992.50        2785.15         4197.91         4445.17  
    0.138       360.24          2024.24        2793.89         4165.70         4524.17  
    0.144       346.76          2123.43        2812.73         4152.71         4361.92  
    0.150       343.48          2241.54        2800.11         3936.70         4264.79  
    0.156       339.51          2312.45        2779.62         3700.87         4254.01  
    0.163       325.51          2390.36        2811.19         3775.14         4239.82  
    0.169       311.58          2442.38        2845.02         4009.74         4966.99  
    0.175       303.91          2445.75        2851.08         4138.82         5500.00  
    0.181       303.64          2437.56        2844.09         4138.13         5183.24  
    0.188       303.47          2430.10        2877.36         4131.04         4796.79  
    0.194       297.60          2428.70        2959.15         4143.79         4844.03  
    0.200       292.27          2427.59        3010.95         4140.93         4858.68  
    0.206       291.27          2434.45        2993.19         4117.47         4783.13  
    0.213       291.05          2428.04        2954.39         4109.65         4998.19  
    0.219       288.24          2424.65        2924.96         4129.23         5184.02  
    0.225       284.77          2432.55        2926.82         4133.86         5310.06  
    0.231       282.49          2436.66        2950.85         4091.54         5452.26  
    0.238       284.17          2448.30        2969.94         4016.17         5104.16  
    0.244       290.06          2449.78        3004.38         3968.10         4565.51  
    0.250       293.39          2444.63        3018.62         3999.25         4422.03  
    0.256       290.32          2446.21        2999.18         4064.66         4594.89  
    0.263       286.97          2455.85        3086.00         4063.01         4875.98  
    0.269       286.63          2470.21        3148.99         4048.66         4720.23  
    0.275       286.88          2477.23        3121.88         4103.27         4732.46  
    0.281       285.34          2472.16        3084.68         4100.76         5243.74  
    0.288       283.41          2457.84        3041.25         4077.78         5093.98  
    0.294       281.00          2458.66        3021.79         4094.91         5203.85  
    0.300       280.88          2502.66        3090.02         4108.70         5500.00  
    0.306       281.00          2555.50        3129.66         4083.32         5500.00  
    0.312       277.86          2545.53        2958.87         3981.28         5472.35  
    0.319       272.24          2513.81        2810.39         3916.81         5361.69  
    0.325       271.53          2517.63        2815.75         3937.07         5413.83  
    0.331       272.21          2543.39        2904.16         3973.72         5428.72  
    0.338       269.70          2569.01        2963.51         4025.73         5448.01  
    0.344       272.15          2599.76        2877.64         4025.70         5500.00  
    0.350       272.48          2592.74        2751.52         3991.16         5500.00  
    0.356       244.50          2646.81        2709.71         4021.25         5500.00  
    0.363       223.98          2661.64        2730.95         4037.62         5421.70  
    0.369       225.49          2632.91        2904.12         4000.07         5357.51  
    0.375       230.36          2595.82        3142.99         4065.37         5437.73  
    