0.025       0          1643.67        1987.34         2940.87         4174.77  
    0.031       0          1561.62        2074.58         2931.34         4037.26  
    0.038       0          1648.28        2158.80         3183.55         3390.84  
    0.044       0          290.48        1797.12         2368.21         3182.80  
    0.050       0          0        1811.37         2075.21         3130.43  
    0.056       172.91          1359.59        2092.63         2944.03         5086.56  
    0.062       232.62          1580.37        2200.53         3145.03         5500.00  
    0.069       241.08          1565.82        2188.45         3190.06         5500.00  
    0.075       249.78          1562.01        2219.17         3345.52         5500.00  
    0.081       43.73          461.32        1782.58         2385.85         3683.82  
    0.088       0          316.16        1769.89         2250.98         3331.76  
    0.094       0          373.03        1849.18         2287.53         3474.02  
    0.100       0          374.04        1855.35         2288.84         3510.23  
    0.106       0          358.72        1791.89         2234.01         3429.31  
    0.113       0          384.47        1850.11         2318.32         3432.81  
    0.119       0          376.04        1785.25         2401.83         3468.07  
    0.125       296.96          1439.81        2261.77         3306.33         5147.73  
    0.131       357.21          1784.59        2311.85         3500.35         5500.00  
    0.138       352.98          1837.02        2319.26         3504.18         5500.00  
    0.144       342.26          1851.06        2359.49         3508.86         5500.00  
    0.150       327.20          1832.09        2332.83         3497.23         5320.17  
    0.156       306.43          1774.04        2274.31         3431.32         4864.04  
    0.163       295.62          1760.50        2259.03         3435.97         4761.05  
    0.169       293.83          1771.87        2277.49         3488.46         4922.69  
    0.175       297.45          1988.22        2531.45         3570.21         5024.07  
    0.181       311.33          2050.98        2630.38         3645.20         5036.49  
    0.188       306.36          2071.30        2685.09         3586.30         5419.33  
    0.194       296.11          2060.61        2636.21         3506.72         5500.00  
    0.200       288.40          2073.11        2657.48         3499.46         5500.00  
    0.206       277.51          2091.47        2761.73         3497.95         5332.00  
    0.213       274.17          2112.96        2794.30         3486.02         5464.63  
    0.219       268.92          2118.61        2910.63         3497.78         5500.00  
    0.225       263.61          2129.00        3036.91         3510.18         5500.00  
    0.231       258.29          2139.10        3140.21         3517.98         5349.97  
    0.238       255.80          2150.13        3126.67         3505.34         5299.70  
    0.244       251.41          2167.26        3059.53         3493.87         5275.57  
    0.250       249.12          2171.21        3038.72         3492.90         5263.78  
    0.256       251.68          2173.58        3115.27         3511.54         5275.31  
    0.263       251.47          2136.12        3204.38         3510.12         5248.12  
    0.269       247.78          2124.42        3257.77         3487.31         5237.57  
    0.275       248.09          2122.93        3265.38         3456.73         5209.47  
    0.281       256.62          2132.67        3348.73         3475.19         5194.37  
    0.288       261.80          2137.75        3365.63         3497.66         5170.09  
    0.294       267.75          2142.56        3387.26         3515.15         5159.52  
    0.300       275.66          2156.34        3366.36         3614.91         5137.56  
    0.306       281.05          2169.31        3330.83         3665.65         5142.44  
    0.312       288.58          2146.39        3309.97         3693.28         5170.46  
    0.319       297.36          2119.29        3293.94         3819.40         5155.84  
    0.325       299.15          2110.13        3287.08         3798.18         5137.98  
    0.331       293.66          2112.67        3283.37         3869.74         5112.62  
    0.338       285.60          2107.95        3279.68         3954.42         5115.15  
    0.344       282.95          2104.25        3280.24         4140.58         5107.06  
    0.350       284.89          2105.75        3292.30         4052.18         5098.45  
    0.356       293.06          2105.20        3293.42         3917.10         5128.44  
    0.363       295.50          2107.50        3297.04         3899.89         5133.71  
    0.369       295.72          2111.02        3295.72         3983.15         5098.81  
    0.375       293.36          2110.05        3278.79         4188.18         5065.36  
    0.381       291.56          2116.88        3285.33         4338.97         5067.81  
    0.388       291.44          2121.60        3301.08         4292.78         5113.85  
    0.394       290.67          2126.68        3305.33         4390.10         5118.69  
    0.400       291.20          2129.18        3309.17         4456.12         5028.35  
    0.406       295.20          2135.26        3305.72         4833.31         4957.64  
    0.413       296.25          2142.50        3293.51         4930.66         5051.76  
    0.419       293.17          2146.79        3299.60         4981.29         5016.58  
    0.425       291.64          2156.21        3307.11         5019.69         5175.40  
    0.431       289.87          2151.21        3287.75         4673.81         5084.73  
    0.438       288.29          2149.40        3296.82         4578.16         5045.96  
    0.444       290.79          2150.25        3313.43         4704.70         5051.21  
    0.450       293.84          2135.80        3316.75         4671.16         5022.81  
    0.456       300.21          2136.75        3320.87         4672.98         5034.03  
    0.463       304.34          2141.80        3314.50         4490.78         5045.22  
    0.469       307.15          2129.11        3318.08         4277.11         5046.73  
    0.475       311.03          2154.97        3304.55         4128.39         5063.57  
    0.481       309.05          2163.81        3296.35         4177.54         4991.17  
    0.488       306.34          2142.34        3316.46         4279.06         4988.14  
    0.494       307.37          2129.29        3326.23         4189.38         5027.56  
    0.500       309.62          2164.88        3333.31         3863.02         5046.42  
    0.506       309.33          2170.74        3350.25         3683.09         5019.69  
    0.513       312.29          2174.39        3384.00         3857.02         5028.46  
    0.519       314.55          2166.54        3411.90         4126.56         5114.90  
    0.525       314.09          2204.59        3439.54         4781.49         5087.21  
    0.531       310.30          2204.60        3455.93         4254.91         5097.67  
    0.537       306.01          2194.29        3475.54         4037.84         5106.93  
    0.544       304.80          2221.70        3497.67         3594.10         5104.54  
    0.550       299.52          2247.46        3104.34         3508.15         5063.27  
    0.556       51.90          622.67        2408.31         3501.28         4992.16  
    0.562       0          278.02        2299.95         3482.51         4959.92  
    0.569       228.70          1938.48        3193.17         3703.53         4924.88  
    0.575       48.15          611.01        2604.90         3460.70         4963.88  
    0.581       0          240.70        2500.19         3639.48         4646.72  
    0.588       0          234.39        2329.60         3227.23         4482.55  
    0.594       0          235.22        2434.22         3343.49         4995.27  
    0.600       194.63          1255.87        2547.42         3520.32         5123.78  
    0.606       235.76          1261.90        2538.56         3610.66         5107.62  
    0.613       41.01          211.83        651.67         2731.62         3936.57  
    0.619       195.69          919.38        2265.22         3651.88         4953.74  
    0.625       224.92          1243.46        2630.64         3761.95         5115.17  
    0.631       221.15          1316.03        2629.62         3621.11         5028.73  
    0.638       231.66          1318.19        2591.83         3674.51         5125.70  
    0.644       243.21          1306.18        2594.80         3718.85         5136.13  
    0.650       267.07          1306.45        2639.67         3749.97         5095.99  
    0.656       300.00          1305.96        2567.62         3749.46         5153.97  
    0.663       351.31          1307.21        2551.59         3699.43         5077.87  
    0.669       373.79          1307.52        2507.71         3676.28         4967.81  
    0.675       366.95          1300.37        2555.63         3725.25         5000.60  
    0.681       381.34          1299.59        2508.81         3765.18         5039.45  
    0.688       383.89          1305.69        2465.73         3740.58         5112.78  
    0.694       352.75          1306.51        2434.99         3784.55         5118.43  
    0.700       358.16          1309.00        2372.17         3787.99         5062.06  
    0.706       339.77          1312.53        2539.20         3757.76         4900.40  
    0.713       309.59          1321.59        2555.09         3858.64         5147.23  
    0.719       302.46          1322.38        2421.05         3835.53         4932.29  
    0.725       293.00          1324.87        2425.36         3795.90         4798.93  
    0.731       289.43          1330.46        2238.85         3797.25         4703.74  
    0.738       301.30          1322.98        2103.98         3785.11         4858.13  
    0.744       318.01          1317.28        2075.67         3780.99         4749.83  
    0.750       332.41          1300.49        2063.68         3873.30         4959.55  
    0.756       353.39          1185.58        2052.56         3857.42         5167.30  
    0.763       375.43          1134.49        1939.88         3689.50         4759.79  
    0.769       356.15          1379.07        1971.58         3611.76         4480.25  
    0.775       334.33          1416.74        2086.99         3810.26         4503.39  
    0.781       327.72          1421.75        2004.10         3758.52         4650.12  
    0.788       343.58          1585.69        1769.18         3632.21         4699.77  
    0.794       60.36          591.37        1757.29         2565.79         4180.74  
    0.800       0          378.71        1906.66         2017.65         4076.58  
    0.806       0          389.32        1868.60         1956.87         4166.33  
    0.812       303.30          1246.84        1924.15         3587.78         4428.57  
    0.819       343.46          1422.01        1967.46         3782.37         4635.99  
    0.825       334.93          1445.29        1991.29         3756.79         4671.04  
    0.831       325.60          1539.29        2007.58         3811.79         4932.21  
    