0.025       0          1433.11        2147.00         3566.28         3817.25  
    0.031       0          1695.82        2071.55         3601.06         4022.05  
    0.038       0          55.27        1848.12         3627.68         3952.16  
    0.044       0          0        1929.07         3705.16         3788.51  
    0.050       87.50          1934.00        3657.42         3860.08         4536.07  
    0.056       2.93          64.81        2107.01         3143.50         3834.96  
    0.062       228.77          2007.75        3029.28         3754.71         4625.38  
    0.069       336.62          2115.59        3096.57         3804.41         4550.84  
    0.075       349.62          2138.00        2956.20         3773.96         4443.60  
    0.081       358.71          2102.87        2827.12         3740.13         4167.01  
    0.088       360.76          2110.07        2816.26         3731.44         4052.15  
    0.094       361.66          2152.86        2805.72         3746.81         4049.51  
    0.100       354.46          2165.91        2759.35         3667.85         4048.84  
    0.106       349.87          2187.29        2744.63         3587.60         4025.97  
    0.113       336.70          2198.07        2705.27         3542.95         3846.67  
    0.119       337.83          2212.31        2729.33         3510.24         3843.81  
    0.125       332.32          2238.27        2743.46         3500.33         3813.54  
    0.131       305.24          2249.29        2763.05         3511.99         3826.71  
    0.138       294.13          2240.76        2751.49         3507.60         3810.47  
    0.144       290.36          2243.81        2738.54         3505.74         3827.87  
    0.150       256.64          2264.95        2754.03         3525.99         3862.72  
    0.156       191.70          2278.94        2790.20         3551.56         3919.22  
    0.163       103.14          2277.48        2826.52         3576.25         4031.23  
    0.169       3.25          73.85        2293.71         2865.90         3612.17  
    0.175       187.56          2193.88        2816.46         3566.30         3867.94  
    0.181       283.49          2279.44        2860.19         3562.17         3836.42  
    0.188       289.13          2278.12        2862.92         3577.18         3830.23  
    0.194       284.93          2276.56        2867.57         3586.30         3770.39  
    0.200       301.78          2293.05        2900.89         3587.26         3844.73  
    0.206       301.89          2287.76        2921.26         3580.57         3884.13  
    0.213       307.11          2291.08        2924.79         3562.64         3854.41  
    0.219       312.53          2287.51        2936.61         3549.84         3854.62  
    0.225       312.14          2281.33        2931.46         3543.59         3846.44  
    0.231       313.73          2314.69        2914.22         3530.22         3847.95  
    0.238       313.09          2330.53        2909.60         3521.96         3855.00  
    0.244       308.92          2328.82        2916.53         3522.39         3843.85  
    0.250       306.90          2320.82        2901.93         3540.38         3852.29  
    0.256       308.74          2310.83        2889.56         3553.87         3872.86  
    0.263       314.87          2319.11        2882.18         3548.25         3847.95  
    0.269       324.95          2335.34        2921.63         3571.13         3900.89  
    0.275       333.65          2339.20        2935.52         3579.57         3936.07  
    0.281       339.14          2334.53        2905.19         3573.52         3907.48  
    0.288       332.82          2309.37        2883.90         3625.45         3922.95  
    0.294       331.06          2321.61        2933.35         3632.27         3933.05  
    0.300       328.83          2361.63        2995.47         3628.37         3975.35  
    0.306       315.21          2360.70        2992.68         3615.91         3991.98  
    0.312       316.14          2346.01        2916.96         3603.10         3947.89  
    0.319       315.95          2354.06        2913.16         3611.15         3926.26  
    0.325       309.85          2346.32        2922.67         3636.14         3940.73  
    0.331       307.04          2345.77        2910.04         3610.30         4011.97  
    0.338       304.37          2359.58        2917.39         3620.57         4001.15  
    0.344       295.47          2360.62        2932.72         3627.47         3937.00  
    0.350       293.81          2355.64        2943.69         3647.56         3898.74  
    0.356       295.83          2352.29        2911.97         3670.57         3988.05  
    0.363       282.52          2347.19        2851.70         3702.29         4020.14  
    0.369       272.97          2330.13        2873.92         3695.35         3927.77  
    0.375       276.55          2335.44        2891.49         3690.88         3969.35  
    0.381       280.84          2363.42        2904.77         3708.10         3982.49  
    0.388       280.52          2366.01        2888.00         3680.29         3990.87  
    0.394       263.59          2363.50        2828.33         3690.15         3941.92  
    0.400       261.62          2357.44        2695.40         3702.13         3888.45  
    0.406       236.15          2396.97        2755.79         3736.14         3811.00  
    0.413       176.14          2393.98        2455.91         3735.64         3801.68  
    0.419       172.60          2319.39        2514.91         3792.93         3881.69  
    0.425       156.69          2205.76        2648.26         3796.57         3830.77  
    0.431       149.69          2057.52        2808.97         3805.23         3859.77  
    