0.025       667.33          1441.71        2687.89         4274.70         5205.30  
    0.031       652.58          1407.69        2719.03         4275.93         5094.36  
    0.038       354.01          1252.05        2611.86         4212.45         4787.77  
    0.044       279.07          1205.48        2711.84         4092.25         4606.47  
    0.050       12.21          368.11        2425.22         3952.74         4775.57  
    0.056       0          356.40        2455.00         3962.19         4358.26  
    0.062       0          345.01        2491.65         3971.84         4258.85  
    0.069       0          316.80        2487.82         3837.29         4104.88  
    0.075       0          291.18        2657.85         3579.03         4081.49  
    0.081       227.94          1293.35        3203.72         3627.08         4256.12  
    0.088       223.08          1325.88        3290.48         3668.55         4292.33  
    0.094       240.32          1318.54        3529.75         3878.41         4257.45  
    0.100       240.50          1282.89        3360.59         3929.87         4756.69  
    0.106       185.94          1212.16        3181.11         3808.55         4401.28  
    0.113       8.11          53.46        1171.95         3188.09         3791.64  
    0.119       0          651.14        3085.06         3736.29         4209.00  
    0.125       0          241.01        2803.74         3698.65         4224.89  
    0.131       229.56          2661.72        3171.15         3842.02         4320.70  
    0.138       278.26          2768.03        3306.85         3891.51         4249.27  
    0.144       12.38          413.06        2662.94         3746.10         4156.52  
    0.150       0          312.08        2513.40         3667.96         4171.93  
    0.156       301.18          2312.01        2545.59         3830.01         4243.61  
    0.163       319.40          1406.62        2574.00         3936.47         4393.56  
    0.169       322.41          1270.46        2683.65         3951.12         4426.53  
    0.175       324.43          706.48        2649.28         3978.74         4393.27  
    0.181       324.11          2166.04        2588.24         3983.18         4425.62  
    0.188       14.33          408.54        2412.35         3908.53         4400.76  
    0.194       0          322.32        2369.88         3941.47         4388.21  
    0.200       0          319.55        2429.60         4022.35         4431.02  
    0.206       0          319.36        2442.35         4025.75         4452.02  
    0.213       0          318.96        2442.29         3981.28         4307.75  
    0.219       0          320.01        2545.74         3913.36         4295.80  
    0.225       0          320.37        2559.76         3885.70         4291.20  
    0.231       0          314.24        2561.11         3828.78         4242.92  
    0.238       0          314.91        2654.37         3969.09         4163.68  
    0.244       0          314.71        2612.65         3896.67         4227.43  
    0.250       0          312.89        2693.95         3885.68         4203.38  
    0.256       0          313.66        2661.06         3902.57         4238.73  
    0.263       0          313.61        2649.92         4112.57         4356.17  
    0.269       0          312.68        2662.78         4111.75         4261.41  
    0.275       0          309.72        2692.63         4024.69         4366.50  
    0.281       289.89          2282.12        2780.48         4025.08         4356.91  
    0.288       13.41          392.87        2712.82         3860.10         4142.06  
    0.294       0          296.71        2689.39         3879.00         4157.13  
    0.300       0          289.55        2679.86         3868.63         4189.72  
    0.306       270.08          2566.80        3857.47         4163.54         5442.13  
    0.312       283.15          2702.92        3808.88         4061.26         4179.35  
    0.319       280.35          2693.43        3887.70         3964.52         4180.54  
    0.325       267.52          2714.55        3886.71         4011.51         4219.49  
    0.331       261.02          2688.15        3876.05         4224.78         4408.54  
    0.338       255.24          2722.63        3896.67         4225.59         4856.69  
    0.344       255.44          2784.62        3893.76         4158.19         4806.90  
    0.350       256.70          2853.69        3878.30         4147.13         5469.21  
    0.356       255.12          2926.24        3886.36         4210.38         5500.00  
    0.363       257.24          2935.19        3904.97         4301.47         5500.00  
    0.369       256.74          2882.67        3942.12         4238.73         4667.14  
    0.375       242.06          2832.01        4000.42         4105.84         5069.65  
    0.381       179.26          2765.55        3889.84         4130.80         5481.87  
    0.388       72.29          2732.02        3881.13         4127.31         5500.00  
    0.394       2.98          120.74        2768.37         3886.65         4165.79  
    0.400       0          0        2763.88         3867.33         4130.71  
    0.406       225.81          2658.33        3845.51         4113.49         5439.51  
    0.413       256.55          2795.67        3900.96         4123.29         5500.00  
    0.419       256.00          2849.60        3884.06         4132.88         5500.00  
    0.425       244.67          2871.03        3879.04         4193.08         4915.85  
    0.431       242.88          2843.86        3880.82         4150.48         5472.98  
    0.438       196.16          2754.33        3881.36         4092.93         5500.00  
    0.444       206.09          2675.05        3897.38         4032.40         4649.87  
    0.450       220.33          2599.25        3886.85         4178.19         4408.71  
    0.456       236.68          2570.12        3883.65         4177.30         4433.45  
    0.463       262.34          2713.49        3850.62         3946.97         4227.41  
    0.469       269.17          2714.04        3931.02         3966.96         4284.21  
    0.475       279.99          2680.35        3944.07         3982.14         4261.73  
    0.481       276.14          2662.57        3938.95         4122.25         4211.17  
    0.488       272.28          2582.10        3804.98         4011.92         4172.20  
    0.494       278.62          2465.09        3615.99         4021.28         4311.95  
    0.500       278.54          2501.40        3624.23         3962.80         4305.08  
    0.506       291.63          2585.25        3146.38         3988.18         4307.61  
    