0.025       0          291.03        1975.50         2316.42         3618.33  
    0.031       203.29          1308.58        2064.83         3100.40         4584.54  
    0.038       336.24          1879.82        2075.79         3577.50         5015.71  
    0.044       336.30          1864.35        2067.07         3648.09         4920.59  
    0.050       284.29          1828.18        2144.60         3688.05         4888.47  
    0.056       253.26          1833.60        2218.75         3674.46         4881.26  
    0.062       258.78          1838.32        2259.81         3692.05         4974.62  
    0.069       281.01          1831.33        2261.38         3694.55         5031.07  
    0.075       309.14          1853.91        2260.20         3626.95         4990.03  
    0.081       331.34          1892.44        2270.33         3421.44         4983.83  
    0.088       334.39          1929.36        2271.75         3364.88         5163.34  
    0.094       321.35          1966.23        2283.00         3420.72         5412.28  
    0.100       312.57          1997.90        2315.46         3408.73         5500.00  
    0.106       114.28          928.12        2141.69         2738.53         4172.40  
    0.113       188.61          1399.02        2264.47         3006.31         4729.14  
    0.119       295.97          2035.87        2415.83         3156.08         5320.64  
    0.125       294.22          2037.54        2429.12         3181.03         5395.86  
    0.131       291.69          2038.74        2428.01         3320.23         5500.00  
    0.138       288.00          2043.30        2438.97         3377.20         5500.00  
    0.144       286.54          2047.63        2455.94         3453.40         5500.00  
    0.150       287.57          2050.11        2459.39         3532.77         5500.00  
    0.156       289.85          2055.98        2439.07         3551.13         5500.00  
    0.163       291.07          2073.00        2432.03         3550.55         5500.00  
    0.169       290.75          2084.39        2467.04         3578.44         5500.00  
    0.175       289.08          2086.89        2551.90         3607.81         5211.06  
    0.181       288.20          2070.64        2627.46         3621.49         5015.10  
    0.188       290.66          2052.93        2645.78         3629.94         5224.28  
    0.194       292.16          2055.52        2604.92         3618.90         5244.73  
    0.200       292.13          2073.36        2554.83         3605.12         5027.11  
    0.206       290.39          2107.34        2542.80         3598.11         4957.99  
    0.213       287.78          2117.22        2554.47         3585.50         4972.21  
    0.219       286.89          2093.76        2619.09         3583.35         4970.91  
    0.225       287.47          2083.03        2657.98         3586.12         4955.93  
    0.231       288.12          2088.38        2630.92         3578.59         4945.92  
    0.238       290.12          2096.55        2644.52         3574.35         5055.76  
    0.244       291.02          2095.76        2718.79         3575.13         5360.52  
    0.250       290.16          2095.35        2790.65         3574.71         5500.00  
    0.256       289.49          2104.28        2829.37         3571.03         5500.00  
    0.263       289.10          2121.58        2815.73         3558.53         5357.00  
    0.269       289.25          2133.77        2797.03         3567.05         5207.07  
    0.275       290.29          2147.97        2803.25         3590.82         5378.13  
    0.281       290.61          2150.06        2839.74         3604.16         5500.00  
    0.288       290.53          2129.22        2862.74         3613.67         5226.29  
    0.294       289.20          2120.30        2859.13         3611.21         5016.83  
    0.300       288.16          2124.52        2908.01         3621.74         5311.73  
    0.306       287.51          2127.36        2920.80         3622.35         5249.05  
    0.312       286.60          2128.62        2856.93         3596.97         4962.26  
    0.319       286.35          2135.16        2819.17         3567.88         4861.28  
    0.325       287.51          2139.73        2794.77         3574.12         4762.67  
    0.331       288.16          2136.69        2765.31         3596.53         4630.95  
    0.338       286.83          2145.11        2728.84         3625.33         4527.36  
    0.344       286.06          2153.55        2725.36         3631.35         4506.14  
    0.350       285.92          2149.20        2693.90         3590.20         4617.99  
    0.356       285.31          2145.02        2645.83         3560.86         4689.32  
    0.363       285.36          2146.20        2640.51         3581.24         4638.54  
    0.369       284.75          2155.02        2641.96         3595.03         4581.99  
    0.375       285.77          2173.96        2687.35         3613.81         4549.89  
    0.381       288.03          2201.78        2712.47         3636.87         4541.17  
    0.388       288.00          2199.78        2662.10         3645.87         4562.17  
    0.394       288.26          2189.49        2625.31         3636.30         4608.06  
    0.400       289.94          2172.04        2637.61         3583.08         4617.77  
    0.406       292.03          2154.61        2637.96         3573.54         4592.65  
    0.413       294.67          2154.29        2659.20         3593.69         4610.70  
    0.419       296.47          2169.41        2748.61         3619.53         4567.14  
    0.425       297.38          2186.61        2820.07         3661.45         4477.20  
    0.431       299.64          2194.99        2855.22         3680.92         4462.62  
    0.438       302.20          2199.66        2884.25         3655.11         4440.38  
    0.444       304.13          2207.55        2874.00         3642.53         4422.86  
    0.450       305.01          2218.33        2873.70         3650.55         4456.26  
    0.456       304.72          2227.01        2873.50         3664.88         4477.20  
    0.463       302.73          2227.36        2853.22         3674.33         4487.57  
    0.469       298.56          2217.55        2822.61         3690.63         4514.95  
    0.475       290.64          2226.11        2792.35         3701.31         4526.87  
    0.481       281.52          2229.29        2785.09         3689.65         4511.64  
    0.488       279.28          2221.34        2773.98         3677.28         4505.86  
    0.494       282.22          2218.58        2754.45         3680.20         4515.81  
    0.500       287.55          2216.14        2794.68         3691.28         4505.85  
    0.506       293.78          2213.89        2851.62         3695.12         4463.08  
    0.513       296.40          2222.16        2864.17         3707.77         4410.20  
    0.519       293.07          2236.18        2818.52         3721.56         4400.63  
    0.525       287.81          2244.88        2761.70         3711.06         4442.84  
    0.531       282.58          2250.20        2743.05         3689.96         4466.42  
    0.537       282.28          2257.72        2733.86         3680.30         4414.86  
    0.544       284.38          2262.28        2751.39         3671.90         4362.42  
    0.550       286.55          2273.20        2791.91         3670.38         4345.11  
    0.556       283.63          2284.04        2826.02         3687.98         4362.58  
    0.562       282.49          2284.92        2835.72         3707.51         4385.46  
    0.569       288.93          2287.11        2855.44         3739.82         4408.87  
    0.575       293.02          2289.36        2883.99         3772.21         4412.41  
    0.581       293.34          2292.74        2878.23         3779.05         4377.33  
    0.588       290.58          2281.69        2844.17         3758.74         4367.93  
    0.594       291.58          2264.89        2810.19         3742.63         4387.13  
    0.600       302.04          2259.75        2803.07         3747.09         4386.91  
    0.606       313.36          2261.72        2844.88         3741.13         4372.48  
    0.613       317.39          2261.63        2874.19         3721.43         4352.17  
    0.619       320.13          2268.59        2867.03         3728.52         4340.10  
    0.625       325.58          2281.18        2846.33         3701.20         4340.57  
    0.631       328.86          2292.99        2792.99         3670.12         4338.17  
    0.638       328.87          2301.83        2664.78         3694.05         4321.91  
    0.644       321.83          2305.89        2589.51         3703.23         4313.13  
    0.650       313.48          2287.86        2609.92         3715.40         4312.97  
    0.656       309.24          2265.16        2695.33         3750.06         4310.08  
    0.663       302.01          2259.50        2785.43         3748.30         4304.87  
    0.669       283.61          2272.13        2874.72         3765.01         4301.95  
    0.675       264.81          2290.28        2887.03         3819.16         4288.58  
    0.681       266.27          2308.00        2850.25         3878.02         4263.13  
    0.688       290.22          2326.97        2820.29         3965.40         4261.78  
    0.694       308.77          2345.15        2804.25         4026.15         4287.44  
    0.700       298.41          2356.27        2892.62         4011.57         4310.70  
    0.706       279.00          2342.30        2919.51         3943.27         4303.87  
    0.713       265.19          2309.08        2864.34         4031.47         4279.28  
    0.719       267.26          2290.07        2788.06         4169.81         4260.31  
    0.725       287.66          2295.22        2722.07         4113.02         4268.03  
    0.731       294.56          2314.37        2741.00         4145.97         4278.85  
    0.738       272.69          2334.84        2733.14         4204.89         4421.22  
    0.744       254.87          2350.82        2650.92         4217.86         4479.57  
    0.750       253.08          2362.86        2603.90         4140.97         4383.70  
    0.756       261.52          2372.51        2604.63         4064.04         4341.82  
    0.763       270.35          2356.56        2632.72         4085.41         4340.59  
    0.769       272.56          2339.30        2665.23         4154.51         4294.62  
    0.775       271.28          2327.77        2677.15         4078.55         4280.06  
    0.781       269.21          2319.52        2688.32         4025.11         4319.20  
    0.788       274.19          2334.33        2646.48         4043.79         4374.76  
    0.794       278.25          2356.23        2580.30         4047.07         4337.70  
    0.800       275.80          2370.50        2506.64         4076.73         4301.95  
    0.806       282.56          2384.14        2453.31         4134.29         4307.46  
    0.812       283.23          2374.09        2445.71         4109.58         4357.39  
    0.819       279.55          2391.63        2440.60         4105.72         4394.97  
    0.825       285.57          2415.83        2461.26         4159.81         4385.39  
    0.831       299.90          2413.77        2528.93         4207.88         4373.67  
    0.838       311.36          2409.22        2566.16         4239.08         4350.41  
    0.844       317.35          2394.59        2575.10         4284.58         4323.02  
    0.850       318.98          2385.70        2530.16         4285.86         4321.29  
    0.856       321.55          2380.73        2551.71         4263.83         4407.52  
    0.863       318.65          2377.24        2589.33         4284.33         4384.94  
    0.869       300.06          2361.24        2530.95         4270.64         4474.78  
    0.875       270.20          2025.20        2539.81         4152.06         4507.29  
    