0.025       0          0        2578.22         2585.99         3778.00  
    0.031       0          0        2602.64         3355.55         3772.14  
    0.038       0          0        2135.55         2956.67         3883.06  
    0.044       151.28          1436.71        2500.32         3558.52         4730.96  
    0.050       248.20          1866.11        2634.82         3764.61         4923.01  
    0.056       276.23          1849.93        2670.83         3745.48         4939.22  
    0.062       286.29          1860.00        2678.75         3732.67         5011.16  
    0.069       295.38          1883.26        2647.34         3740.81         4917.35  
    0.075       299.34          1911.77        2650.85         3806.99         4710.04  
    0.081       299.16          1943.10        2682.12         3834.61         4595.74  
    0.088       297.99          1966.94        2678.63         3770.23         4504.38  
    0.094       296.42          2015.30        2688.89         3815.15         4581.58  
    0.100       294.93          2070.98        2719.48         3897.62         4546.73  
    0.106       294.77          2117.26        2722.93         3899.63         4466.45  
    0.113       295.47          2123.06        2719.84         3918.61         5259.37  
    0.119       67.65          712.62        2269.85         3016.36         4215.78  
    0.125       221.84          1736.17        2630.00         3573.58         5119.00  
    0.131       280.66          2182.37        2817.37         3814.26         5500.00  
    0.138       272.51          2213.80        2853.13         3795.85         5500.00  
    0.144       272.45          2225.09        2865.60         3732.90         5500.00  
    0.150       281.52          2231.03        2918.73         3723.86         5500.00  
    0.156       287.06          2230.03        2940.38         3747.41         5267.59  
    0.163       288.73          2242.35        2933.84         3703.84         4995.72  
    0.169       287.37          2272.36        2980.70         3749.78         5002.34  
    0.175       282.07          2296.05        3012.61         3826.50         5390.67  
    0.181       64.21          739.23        2477.05         3243.37         4221.43  
    0.188       214.56          1863.58        2910.35         3632.25         5120.68  
    0.194       281.54          2342.55        3041.84         3772.97         5500.00  
    0.200       283.91          2342.44        2957.75         3739.74         5049.66  
    0.206       285.24          2315.55        2903.14         3719.30         4847.03  
    0.213       290.44          2293.86        2896.16         3722.16         4856.89  
    0.219       292.27          2290.18        2812.61         3724.03         4844.38  
    0.225       291.89          2292.04        2768.27         3720.70         4802.64  
    0.231       291.17          2297.66        2839.43         3681.36         4771.74  
    0.238       292.52          2306.52        2847.50         3644.78         4759.78  
    0.244       295.50          2312.56        2797.57         3637.42         4778.61  
    0.250       296.79          2316.30        2767.51         3631.73         4798.09  
    0.256       295.70          2325.94        2796.73         3610.51         4814.43  
    0.263       294.99          2346.59        2863.65         3609.57         4787.78  
    0.269       294.83          2348.05        2891.03         3613.53         4745.33  
    0.275       293.50          2361.88        2891.91         3630.34         4774.49  
    0.281       292.13          2365.11        2862.52         3662.40         4839.05  
    0.288       291.28          2359.48        2863.05         3647.69         4803.35  
    0.294       289.58          2359.70        2932.40         3646.18         4821.79  
    0.300       285.89          2358.31        2974.13         3636.98         4819.71  
    0.306       282.42          2351.43        2984.60         3644.70         4783.04  
    0.312       279.32          2346.90        2977.42         3657.35         4748.22  
    0.319       276.52          2350.54        3004.58         3669.90         4744.66  
    0.325       278.22          2345.16        3038.63         3594.72         4744.80  
    0.331       278.95          2352.09        3067.75         3555.19         4743.74  
    0.338       279.47          2352.07        3072.29         3620.45         4780.43  
    0.344       282.11          2346.20        3047.96         3653.79         4773.12  
    0.350       282.86          2351.11        3070.27         3650.94         4754.20  
    0.356       279.36          2356.27        3102.32         3645.93         4735.11  
    0.363       275.58          2350.53        3048.62         3553.39         4707.42  
    0.369       274.43          2347.72        3039.54         3520.48         4705.67  
    0.375       274.29          2360.72        3087.02         3524.38         4710.68  
    0.381       274.24          2383.86        3043.91         3513.05         4714.18  
    0.388       273.86          2364.44        2905.51         3552.52         4693.47  
    0.394       271.38          2338.97        2915.77         3543.26         4674.78  
    0.400       270.15          2356.10        3201.88         3450.98         4647.51  
    0.406       265.33          2382.50        3242.96         3850.80         4589.98  
    0.413       257.78          2396.66        3260.48         3508.35         4597.48  
    0.419       250.53          2408.58        3005.22         3359.92         4623.06  
    0.425       240.47          2416.19        2749.92         3378.51         4637.47  
    0.431       233.79          2332.47        2486.35         3494.07         4656.26  
    0.438       232.99          2045.09        2425.25         3561.09         4650.27  
    0.444       53.34          637.48        2431.85         3395.58         4639.68  
    0.450       0          259.69        2443.89         3340.45         4635.84  
    0.456       0          274.05        2430.79         3416.92         4664.51  
    0.463       0          275.27        2480.54         3423.81         4688.87  
    0.469       0          283.55        2474.24         3389.42         4671.19  
    0.475       228.61          753.99        2475.54         3369.66         4732.13  
    0.481       298.00          1160.40        2534.50         3389.66         4764.20  
    0.488       298.00          1334.85        2531.78         3467.03         4771.20  
    0.494       284.41          1392.79        2548.40         3535.23         4752.76  
    0.500       261.39          1415.95        2664.68         3553.52         4763.20  
    0.506       264.04          1434.86        2750.63         3545.05         4734.38  
    0.513       278.99          1387.31        2694.68         3552.16         4759.12  
    0.519       299.66          1405.38        2702.80         3510.57         4876.56  
    0.525       306.30          1387.95        2715.49         3528.61         4826.96  
    0.531       320.54          1405.23        2636.12         3553.48         4782.34  
    0.537       306.82          1399.00        2635.93         3497.35         4764.53  
    0.544       288.97          1567.12        2540.82         3398.53         4611.44  
    0.550       273.96          2086.52        2569.42         4220.87         4507.35  
    0.556       260.55          2151.71        2568.76         4394.96         4445.53  
    0.562       233.03          1507.47        2575.14         3960.15         4484.85  
    0.569       213.25          1479.22        2594.05         3694.74         4542.59  
    