0.025       0          1370.77        2701.84         3122.19         3453.12  
    0.031       0          1456.62        2831.93         3198.09         3299.25  
    0.038       0          1492.67        2900.84         3265.55         3744.33  
    0.044       0          1482.62        2976.14         3313.33         3922.60  
    0.050       0          1562.76        3003.09         3357.60         3879.86  
    0.056       0          1608.15        2957.11         3455.00         3862.75  
    0.062       0          484.00        2362.69         3173.68         3767.16  
    0.069       135.37          1501.19        2773.72         3476.85         4267.49  
    0.075       156.07          2160.00        2922.26         3713.52         4506.31  
    0.081       42.04          650.39        2520.75         2898.84         3958.21  
    0.088       183.29          1365.01        2802.75         3498.44         4214.26  
    0.094       290.32          1904.99        2896.58         3921.69         4421.29  
    0.100       305.06          1815.85        2764.50         3777.24         4475.61  
    0.106       307.98          1810.09        2703.61         3618.01         4541.12  
    0.113       308.06          1914.65        2650.20         3598.72         4281.01  
    0.119       309.23          1950.61        2594.78         3560.28         4021.08  
    0.125       312.53          1965.19        2605.38         3507.23         3832.23  
    0.131       316.12          2009.65        2631.19         3441.40         3767.93  
    0.138       319.39          2054.76        2607.10         3381.62         3756.68  
    0.144       318.76          2095.54        2595.56         3355.18         3719.20  
    0.150       317.53          2191.33        2613.52         3371.51         3692.31  
    0.156       315.88          2272.66        2684.28         3511.90         3711.25  
    0.163       313.27          2263.52        2753.30         3525.21         3846.26  
    0.169       314.50          2253.27        2784.26         3440.17         3827.26  
    0.175       316.30          2274.40        2803.99         3453.86         3897.33  
    0.181       314.13          2288.77        2814.41         3519.99         4006.53  
    0.188       307.76          2311.49        2783.31         3538.17         3941.66  
    0.194       296.51          2329.93        2791.90         3538.34         3811.48  
    0.200       281.48          2416.34        2805.88         3617.62         3708.41  
    0.206       269.35          2486.28        2857.03         3637.92         4191.44  
    0.213       265.54          2493.07        2916.33         3641.74         4679.18  
    0.219       269.35          2456.47        2937.18         3638.65         4362.95  
    0.225       271.57          2447.96        2936.16         3636.09         5103.05  
    0.231       263.87          2427.55        2946.90         3631.32         5500.00  
    0.238       253.41          2401.80        2976.95         3641.16         4632.17  
    0.244       248.61          2392.22        2995.35         3637.56         4367.05  
    0.250       248.90          2374.95        2993.68         3626.88         5173.67  
    0.256       250.05          2365.48        2983.23         3622.69         5500.00  
    0.263       251.20          2362.11        2983.53         3604.74         5500.00  
    0.269       251.47          2346.86        2993.62         3587.83         4813.83  
    0.275       254.39          2338.82        3004.86         3579.01         4680.01  
    0.281       259.01          2327.09        3009.71         3576.06         4762.42  
    0.288       267.34          2319.19        2992.63         3571.32         4936.76  
    0.294       276.27          2317.44        2981.38         3562.10         5352.61  
    0.300       83.71          900.64        2550.81         3153.90         4122.38  
    0.306       0          301.93        2393.63         2982.51         3529.38  
    0.312       219.17          1786.27        2817.33         3401.50         4908.11  
    0.319       316.12          2431.52        2981.54         3592.63         5500.00  
    0.325       95.28          961.78        2633.74         3167.53         4169.67  
    0.331       235.72          1870.71        2838.51         3398.72         4929.24  
    0.338       337.40          2515.66        2997.33         3566.94         5500.00  
    0.344       333.12          2486.59        3016.59         3566.21         5500.00  
    0.350       99.43          968.22        2651.39         3195.71         4163.95  
    0.356       221.68          1818.17        2862.82         3424.24         4926.79  
    0.363       317.74          2423.60        3011.68         3580.67         4609.26  
    0.369       322.28          2374.92        2978.60         3575.01         3962.55  
    0.375       323.57          2375.63        2930.07         3550.52         3824.72  
    0.381       315.07          2443.17        2897.73         3410.10         3964.66  
    0.388       309.35          2460.29        2906.67         3376.44         4097.20  
    0.394       309.08          2474.24        2911.33         3445.19         4180.23  
    0.400       309.04          2469.90        2912.32         3488.23         4302.05  
    0.406       307.39          2447.01        2913.38         3477.24         4321.19  
    0.413       304.67          2456.48        2910.13         3395.20         4237.79  
    0.419       301.21          2498.47        2901.14         3391.66         4267.70  
    0.425       297.71          2493.96        2899.86         3408.01         4323.13  
    0.431       293.46          2464.74        2916.64         3425.93         4331.36  
    0.438       291.82          2477.52        2931.57         3466.54         4323.00  
    0.444       292.25          2472.95        2953.24         3558.92         4345.72  
    0.450       297.58          2529.64        2962.08         3625.83         4297.43  
    0.456       301.05          2612.89        2925.60         3648.31         4266.62  
    0.463       289.39          2645.09        2888.32         3591.80         4418.07  
    0.469       266.76          2619.55        2869.38         3535.11         4268.23  
    0.475       246.54          2524.88        2863.37         3644.85         4013.18  
    0.481       222.10          2297.29        2860.39         3700.67         4134.84  
    0.488       197.50          2167.43        2851.66         3686.66         4575.48  
    0.494       186.40          2301.31        2840.28         3724.34         5268.62  
    0.500       180.63          2319.36        2808.83         3739.95         5500.00  
    0.506       178.26          2246.29        2806.74         3742.51         5500.00  
    0.513       170.35          2172.49        2798.18         3765.36         5500.00  
    0.519       162.85          2115.86        2859.48         3848.13         5500.00  
    0.525       191.07          2152.32        2896.55         3865.13         5500.00  
    