0.025       0          351.36        1710.13         2870.00         3726.58  
    0.031       185.62          1644.93        2709.11         3660.12         5412.33  
    0.038       9.65          277.41        1913.28         2831.45         3674.72  
    0.044       177.15          1688.16        2473.70         3398.21         4602.23  
    0.050       175.31          1702.78        2521.18         3567.59         4676.78  
    0.056       204.24          1639.65        2475.83         3643.40         4646.49  
    0.062       10.17          336.27        1940.82         2720.96         3776.47  
    0.069       0          323.89        1937.11         2627.34         3696.31  
    0.075       0          330.54        1976.12         2579.93         3660.96  
    0.081       295.83          908.55        2090.69         2711.27         3648.58  
    0.088       312.88          1964.81        2059.26         2668.94         3646.33  
    0.094       314.26          1983.39        2330.85         2706.15         3659.18  
    0.100       312.63          1988.76        2379.73         2796.93         3690.88  
    0.106       315.82          1996.60        2443.91         2943.45         3660.99  
    0.113       318.63          2006.60        2477.62         3078.98         3655.42  
    0.119       316.41          2002.00        2489.37         3130.12         3674.37  
    0.125       309.16          1998.36        2488.46         3171.65         3691.59  
    0.131       299.70          2010.47        2492.57         3159.08         3704.51  
    0.138       291.87          2018.38        2498.54         3154.16         3679.51  
    0.144       292.43          2013.87        2501.52         3199.58         3700.90  
    0.150       294.32          2017.14        2502.98         3191.10         3719.66  
    0.156       293.82          2014.33        2501.05         3252.12         3725.40  
    0.163       294.98          2004.50        2503.12         3360.07         3753.94  
    0.169       295.29          1999.85        2515.73         3480.53         3827.34  
    0.175       294.76          2028.28        2562.34         3587.56         4224.55  
    0.181       291.46          2072.08        2638.12         3673.41         4454.44  
    0.188       289.55          2127.68        2710.61         3697.96         4576.24  
    0.194       289.11          2160.65        2692.41         3747.35         4052.17  
    0.200       289.87          2207.86        2710.53         3618.98         3862.72  
    0.206       292.12          2300.70        2751.82         3531.03         3888.20  
    0.213       293.84          2365.54        2815.57         3522.55         3903.96  
    0.219       295.12          2402.46        2864.85         3579.56         3950.95  
    0.225       296.52          2420.40        2897.08         3502.86         4092.13  
    0.231       297.74          2431.08        2933.45         3468.66         4205.06  
    0.238       298.76          2448.50        2952.84         3482.15         4260.17  
    0.244       300.25          2462.64        2959.48         3455.51         4175.59  
    0.250       301.33          2494.77        3004.79         3377.58         4125.88  
    0.256       301.34          2527.90        3067.49         3442.20         4180.43  
    0.263       301.81          2508.50        3058.04         3463.15         4277.36  
    0.269       301.02          2505.20        3098.21         3457.37         4178.69  
    0.275       301.66          2527.81        3164.26         3551.46         4089.01  
    0.281       302.27          2537.73        3177.51         3545.96         4057.30  
    0.288       300.88          2535.78        3152.83         3512.67         4022.41  
    0.294       298.47          2527.93        3131.98         3382.89         3989.18  
    0.300       298.16          2554.98        3139.29         3517.38         3986.85  
    0.306       296.78          2565.38        3152.87         3552.29         4066.41  
    0.312       294.80          2568.71        3168.67         3458.87         4093.45  
    0.319       294.26          2584.87        3178.77         3571.07         4096.43  
    0.325       292.42          2580.49        3180.33         3699.48         4162.32  
    0.331       289.62          2568.90        3178.94         3683.19         4123.49  
    0.338       287.23          2579.09        3161.81         3638.57         4091.52  
    0.344       286.46          2581.11        3149.28         3528.62         4273.31  
    0.350       281.42          2579.94        3174.91         3456.10         4158.21  
    0.356       278.01          2572.13        3151.11         3426.89         4111.92  
    0.363       274.14          2567.44        3152.62         3428.22         4138.18  
    0.369       273.81          2558.87        3163.69         3436.28         4208.50  
    0.375       271.91          2548.59        3202.96         3517.30         4128.27  
    0.381       269.28          2546.95        3191.16         3512.22         4021.86  
    0.388       269.99          2571.21        3169.91         3443.41         4060.12  
    0.394       274.72          2570.68        3213.17         3414.52         4050.35  
    0.400       277.09          2561.17        3335.84         3406.18         3920.34  
    0.406       276.66          2569.92        3355.19         3814.19         3938.58  
    0.413       284.35          2578.08        3354.34         3803.77         4282.80  
    0.419       14.08          430.99        2634.50         3524.68         3941.63  
    0.425       0          342.47        2635.30         3536.38         3957.59  
    0.431       0          342.46        2694.13         3616.69         3973.04  
    0.438       0          336.47        2706.02         3610.48         3969.16  
    0.444       316.17          2573.30        3080.35         3634.35         4280.29  
    0.450       304.36          2675.40        2747.21         3746.46         4345.37  
    0.456       14.97          380.63        2744.68         3589.59         4039.35  
    0.463       0          273.15        2627.55         3418.26         4191.81  
    0.469       0          243.96        2614.18         3431.30         4431.26  
    0.475       0          233.60        2662.60         3355.07         4429.94  
    0.481       0          190.05        2688.36         3316.36         4309.05  
    0.488       0          176.00        2576.44         3287.08         4043.65  
    