0.025       0          720.02        1925.98         3033.24         3889.28  
    0.031       0          743.64        1758.04         3047.56         3908.61  
    0.038       0          766.58        1632.42         2954.18         3916.12  
    0.044       658.45          975.57        2332.09         3595.52         5090.99  
    0.050       229.28          1022.22        2508.34         3732.68         4425.50  
    0.056       0          982.39        2459.18         3828.75         4047.57  
    0.062       0          250.91        1371.21         2878.37         3987.27  
    0.069       431.03          828.44        2025.65         3604.16         5103.99  
    0.075       633.21          1114.09        2476.75         3878.79         5500.00  
    0.081       702.49          1093.10        2595.44         3819.24         5290.90  
    0.088       715.70          1121.19        2672.38         3793.30         5128.90  
    0.094       184.43          858.84        1565.35         3711.91         4542.84  
    0.100       555.72          1043.04        2994.14         3761.05         4861.66  
    0.106       743.97          1068.30        2977.01         3871.63         5283.38  
    0.113       745.66          973.79        2800.15         3854.70         5275.41  
    0.119       729.18          979.51        2782.13         3848.12         5345.84  
    0.125       712.76          1003.50        2662.35         3865.09         5231.12  
    0.131       715.44          998.14        2662.45         3879.25         5170.47  
    0.138       736.26          969.47        2696.03         3847.06         5166.47  
    0.144       706.22          976.44        2648.99         3792.57         5141.69  
    0.150       688.26          961.31        2613.82         3830.53         5106.85  
    0.156       697.49          922.71        2619.46         3848.95         5154.99  
    0.163       674.00          897.04        2585.95         3865.87         5143.41  
    0.169       669.89          903.12        2576.81         3822.23         5163.79  
    0.175       653.95          932.86        2569.28         3788.50         5197.45  
    0.181       657.00          939.01        2567.89         3803.64         5240.30  
    0.188       712.65          897.50        2537.81         3836.75         5176.12  
    0.194       727.70          901.17        2471.27         3840.47         5110.34  
    0.200       689.25          958.09        2438.06         3850.16         5041.28  
    0.206       671.13          987.38        2453.39         3845.38         5102.55  
    0.213       664.72          1017.71        2423.42         3863.22         5304.57  
    0.219       683.55          1113.73        2387.53         3871.79         5465.17  
    0.225       680.32          1131.60        2394.95         3868.98         5500.00  
    0.231       666.29          1099.39        2423.91         3900.83         5500.00  
    0.238       678.17          1075.33        2427.43         3921.28         5500.00  
    0.244       693.49          1072.35        2441.27         3925.20         5500.00  
    0.250       696.77          1094.59        2496.91         3870.05         5500.00  
    0.256       688.15          1146.05        2480.77         3838.79         5500.00  
    0.263       691.26          1192.05        2404.47         3909.13         5378.34  
    0.269       695.35          1215.41        2399.74         3964.10         5220.43  
    0.275       700.22          1247.02        2486.55         3959.58         5125.33  
    0.281       702.06          1261.89        2527.28         3917.27         5029.41  
    0.288       699.60          1233.45        2516.30         3892.10         4939.40  
    0.294       700.33          1197.01        2483.20         3922.40         4997.69  
    0.300       697.16          1178.76        2432.76         3939.23         5044.30  
    0.306       696.89          1170.97        2435.26         3970.39         5049.55  
    0.312       697.77          1171.62        2497.05         3968.22         5115.28  
    0.319       694.16          1139.56        2516.66         3947.64         5335.07  
    0.325       694.96          1113.15        2464.55         3934.06         5281.77  
    0.331       705.62          1081.53        2460.36         3904.73         5432.68  
    0.338       694.68          1050.07        2451.45         3830.32         5272.97  
    0.344       679.31          1088.87        2420.52         3803.12         5173.77  
    0.350       670.54          1126.54        2375.54         3825.12         5413.93  
    0.356       676.28          1129.15        2346.56         3866.27         5500.00  
    0.363       695.66          1130.97        2358.46         3915.01         5500.00  
    0.369       690.71          1129.64        2376.25         3911.38         5500.00  
    0.375       665.53          1132.01        2362.65         3890.89         5225.46  
    0.381       665.31          1130.40        2366.68         3885.00         5209.14  
    0.388       668.77          1140.73        2376.45         3854.85         5243.91  
    0.394       665.68          1158.97        2370.73         3815.48         5167.61  
    0.400       681.10          1218.02        2360.92         3771.59         5170.83  
    0.406       689.95          1245.95        2345.75         3789.13         5417.74  
    0.413       680.67          1259.61        2350.19         3811.67         5500.00  
    0.419       668.47          1267.72        2353.93         3770.84         5500.00  
    0.425       663.71          1275.08        2292.55         3751.14         5278.63  
    0.431       660.97          1286.65        2258.88         3781.24         5293.56  
    0.438       591.72          1263.23        2348.43         3771.35         5454.95  
    0.444       558.76          1283.72        2424.86         3766.70         5393.26  
    0.450       552.47          1266.45        2270.54         3744.75         5462.83  
    0.456       424.53          1144.05        2380.36         3767.93         5500.00  
    0.463       335.07          1145.95        2550.43         3799.54         5353.97  
    0.469       326.73          1183.29        2574.89         3788.18         5449.15  
    0.475       401.39          1245.90        2399.19         3767.59         5452.08  
    0.481       441.20          1281.64        2383.97         3691.35         5186.65  
    0.488       515.94          1270.19        2419.59         3667.65         5245.16  
    0.494       644.99          1317.05        2486.08         3738.84         5166.81  
    0.500       637.92          1329.50        2531.24         3745.78         5053.12  
    0.506       664.18          1289.55        2396.76         3742.40         5052.88  
    