0.025       915.05          1299.50        3028.07         4307.59         4858.17  
    0.031       868.91          1289.48        3034.19         4237.22         4884.87  
    0.038       781.34          1291.32        3045.31         4195.96         4933.67  
    0.044       795.44          1304.44        3047.93         4361.93         4817.30  
    0.050       828.53          1302.45        3022.58         4451.92         4685.30  
    0.056       816.76          1303.16        2954.85         4217.89         4826.70  
    0.062       834.59          1306.48        2925.07         4115.49         4894.69  
    0.069       841.96          1312.84        2959.25         3692.44         4851.40  
    0.075       831.83          1301.82        3001.27         3618.63         4860.74  
    0.081       855.51          1331.55        2961.11         4169.38         5184.57  
    0.088       869.97          1378.81        2901.50         4094.96         5000.56  
    0.094       852.03          1374.23        2894.18         3689.82         4590.12  
    0.100       850.08          1375.63        2935.22         3503.10         4662.84  
    0.106       856.79          1393.70        2960.76         3506.62         4708.21  
    0.113       871.22          1393.11        2989.07         3544.61         4748.39  
    0.119       884.74          1375.25        3047.57         3634.12         4786.95  
    0.125       885.97          1368.64        3056.43         3611.40         4808.34  
    0.131       890.39          1376.58        3060.27         3469.54         4796.85  
    0.138       892.56          1384.19        3056.95         3430.13         4834.57  
    0.144       877.72          1386.03        3021.80         3443.90         4931.19  
    0.150       869.71          1378.57        3003.96         3469.57         5000.66  
    0.156       869.90          1358.54        3030.74         3508.03         4954.80  
    0.163       863.08          1346.82        3052.74         3581.95         4932.52  
    0.169       853.53          1348.93        3062.66         3595.51         4956.09  
    0.175       854.20          1353.03        3079.40         3547.61         4922.59  
    0.181       862.05          1356.62        3079.82         3523.66         4869.01  
    0.188       873.02          1364.01        3066.83         3591.01         4821.58  
    0.194       877.62          1367.97        3048.82         3659.17         4933.13  
    0.200       862.56          1357.77        3026.66         3591.69         5061.41  
    0.206       854.34          1350.80        3017.34         3524.54         5081.73  
    0.213       865.19          1358.71        3025.06         3516.75         5088.73  
    0.219       876.26          1368.27        3037.81         3576.37         5033.73  
    0.225       886.43          1378.68        3050.31         3707.41         5079.58  
    0.231       885.87          1378.85        3050.81         3697.25         5101.11  
    0.238       876.93          1363.95        3024.95         3575.13         5046.17  
    0.244       883.22          1362.11        3000.30         3507.70         5028.97  
    0.250       894.15          1373.25        3011.08         3459.08         5016.06  
    0.256       904.04          1386.64        3035.09         3496.95         5035.53  
    0.263       906.80          1400.67        3033.58         3617.33         5046.33  
    0.269       908.21          1406.51        3023.76         3729.83         5034.01  
    0.275       912.91          1408.06        3026.02         3870.60         5120.76  
    0.281       894.78          1410.08        3028.99         3780.82         5092.60  
    0.288       868.78          1408.94        3019.34         3625.52         5021.97  
    0.294       873.24          1420.87        3014.38         3641.28         5006.61  
    0.300       873.15          1420.82        3013.99         3651.86         4937.93  
    0.306       849.03          1415.59        3014.52         3617.03         4904.39  
    0.312       841.17          1431.23        3018.95         3536.51         4876.77  
    0.319       850.08          1439.55        3024.40         3520.20         4873.85  
    0.325       849.40          1431.36        3027.68         3619.12         4895.90  
    0.331       848.51          1429.98        3024.45         3786.25         5082.64  
    0.338       854.98          1434.40        3005.81         3864.96         5375.24  
    0.344       856.19          1437.49        2986.75         3868.25         5500.00  
    0.350       850.33          1433.85        2989.26         3894.51         5500.00  
    0.356       840.03          1417.39        2991.04         3916.32         5378.57  
    0.363       837.05          1421.45        2992.64         3944.19         5251.01  
    0.369       841.21          1449.01        3007.84         3895.87         5155.52  
    0.375       855.31          1494.72        3033.02         3800.15         5061.07  
    0.381       867.56          1541.63        3048.34         3761.07         5050.49  
    0.388       857.29          1541.37        3036.86         3671.56         5073.84  
    0.394       844.18          1505.53        3015.35         3710.16         5054.24  
    0.400       834.75          1469.17        3004.89         3844.36         4815.38  
    0.406       820.36          1446.14        2996.19         3816.58         4823.76  
    0.413       806.60          1430.87        2983.36         3677.36         5005.58  
    0.419       806.47          1427.94        2974.64         3564.04         4971.13  
    0.425       809.33          1427.73        2956.76         3484.14         4986.86  
    0.431       797.79          1414.08        2914.15         3398.84         5072.01  
    0.438       784.31          1398.69        2911.48         3281.38         5003.85  
    0.444       780.03          1388.76        2927.21         3178.28         4890.59  
    0.450       789.87          1395.95        2922.99         3148.48         4857.30  
    0.456       790.55          1386.54        2931.38         3247.56         4808.35  
    0.463       766.80          1352.16        2927.36         3377.32         4788.91  
    0.469       737.48          1327.36        2955.50         3421.24         4896.40  
    0.475       714.61          1306.08        3013.83         3387.80         5254.48  
    0.481       698.35          1271.34        3008.53         3319.15         5239.30  
    0.488       681.40          1223.01        2979.35         3261.87         4948.33  
    0.494       659.52          1201.36        2941.73         3177.03         4929.33  
    0.500       622.08          1206.48        2904.60         3132.86         4965.08  
    0.506       577.96          1154.36        2994.02         3122.89         4950.82  
    0.513       521.37          1066.96        3063.64         3307.90         5076.58  
    0.519       493.18          1067.83        3069.80         3677.48         5364.15  
    0.525       243.48          775.70        2094.67         3464.02         4591.25  
    0.531       192.78          871.70        2159.83         3367.74         4638.61  
    0.537       370.07          1287.90        3088.55         3727.89         5500.00  
    