0.025       775.38          1318.59        2804.50         3799.62         4937.53  
    0.031       756.93          1244.60        2723.04         3798.92         5161.68  
    0.038       752.34          1190.06        2663.58         3799.89         5424.87  
    0.044       750.52          1188.42        2680.50         3799.46         5149.03  
    0.050       759.64          1195.53        2739.99         3804.46         4825.14  
    0.056       764.80          1216.55        2739.20         3818.66         4652.32  
    0.062       762.41          1367.53        2604.67         3883.95         4796.36  
    0.069       761.98          1445.84        2545.22         3916.87         4978.83  
    0.075       773.57          1432.99        2537.45         3903.71         5085.00  
    0.081       775.27          1406.89        2533.31         3858.77         5094.20  
    0.088       774.85          1438.63        2519.93         3875.19         5113.70  
    0.094       780.56          1560.23        2496.03         3922.40         5078.57  
    0.100       778.73          1605.90        2496.77         3920.48         4942.49  
    0.106       771.13          1561.67        2501.61         3881.17         4911.26  
    0.113       776.06          1522.68        2506.35         3880.55         5174.36  
    0.119       778.76          1501.60        2529.78         3895.54         5433.46  
    0.125       779.40          1496.96        2535.56         3960.51         5500.00  
    0.131       785.03          1485.86        2563.27         4010.49         5293.93  
    0.138       792.29          1469.18        2598.89         4038.09         5236.22  
    0.144       794.10          1434.68        2585.82         4014.39         5365.99  
    0.150       792.11          1420.36        2575.59         4003.36         5278.34  
    0.156       790.17          1416.07        2591.78         3983.46         5157.00  
    0.163       792.23          1404.62        2625.57         4010.97         5378.79  
    0.169       787.37          1410.42        2637.79         4035.45         5500.00  
    0.175       781.57          1425.11        2629.95         4022.33         5500.00  
    0.181       789.95          1447.42        2654.91         4034.04         5500.00  
    0.188       794.81          1436.13        2686.80         4051.10         5500.00  
    0.194       797.34          1419.28        2705.44         4045.85         5500.00  
    0.200       793.32          1397.30        2692.47         4041.57         5500.00  
    0.206       787.30          1394.02        2694.96         4035.13         5500.00  
    0.213       791.05          1447.33        2716.02         4038.80         5500.00  
    0.219       789.42          1468.38        2667.69         4023.09         5500.00  
    0.225       782.92          1457.47        2645.01         4000.13         5313.87  
    0.231       775.15          1433.68        2650.80         3996.16         5173.49  
    0.238       785.45          1428.50        2681.80         3992.44         5262.57  
    0.244       792.22          1433.22        2698.36         4007.35         5440.16  
    0.250       781.92          1421.37        2673.45         3993.62         5500.00  
    0.256       779.19          1409.67        2636.69         3976.15         5500.00  
    0.263       780.82          1419.23        2610.65         3972.25         5500.00  
    0.269       787.57          1438.99        2599.46         3977.57         5500.00  
    0.275       795.93          1467.91        2594.81         3998.07         5500.00  
    0.281       799.89          1466.11        2588.79         4030.73         5500.00  
    0.288       799.74          1445.54        2577.65         4016.68         5500.00  
    0.294       262.82          1029.55        1850.11         3051.54         4495.59  
    0.300       544.39          1229.05        2241.82         3502.66         5007.97  
    0.306       805.75          1398.76        2619.81         3979.56         5500.00  
    0.312       264.07          1011.58        1841.26         3063.89         4505.58  
    0.319       0          820.85        1491.61         2588.48         4024.76  
    0.325       0          812.53        1562.60         2564.15         4034.61  
    0.331       0          807.30        1651.43         2518.84         4037.73  
    0.338       0          799.98        1690.61         2484.35         4032.93  
    0.344       521.80          1360.38        2207.94         3521.01         5016.87  
    0.350       255.61          1042.57        2023.14         2999.55         4575.71  
    0.356       505.29          1227.34        2219.81         3552.04         5047.22  
    0.363       742.86          1365.04        2498.48         4013.91         5500.00  
    0.369       730.53          1275.14        2616.50         3987.79         5500.00  
    0.375       725.65          1239.19        2630.69         3986.85         5500.00  
    0.381       740.43          1225.96        2514.35         3928.18         5245.25  
    0.388       717.30          1212.13        2392.60         3912.17         5110.21  
    