0.025       743.80          1916.46        2884.83         3770.25         4935.68  
    0.031       487.34          1675.85        2840.17         3781.53         4990.66  
    0.038       431.76          1660.37        2833.37         3761.47         4977.91  
    0.044       530.97          1643.89        2865.35         3730.31         4997.42  
    0.050       634.43          1585.71        2768.10         3493.70         4914.16  
    0.056       158.48          1244.68        2415.73         3312.03         4694.81  
    0.062       0          1195.37        2383.29         3481.31         4635.10  
    0.069       576.48          1739.37        2475.81         3796.47         5291.76  
    0.075       636.12          1912.06        2515.16         3846.31         5018.41  
    0.081       720.83          1958.48        2679.35         3667.82         4798.78  
    0.088       183.04          1397.88        2256.10         3413.56         4613.37  
    0.094       0          1268.11        2118.19         3313.88         4443.63  
    0.100       442.50          1663.66        2827.82         4243.16         5236.62  
    0.106       664.80          1806.95        2957.36         4159.62         4976.16  
    0.113       590.78          1695.17        2829.10         3931.62         4912.44  
    0.119       620.95          1658.04        2925.88         4058.31         5366.33  
    0.125       779.18          2014.25        3038.94         4209.13         5500.00  
    0.131       198.23          1123.52        2254.80         3185.22         4615.68  
    0.138       297.94          1334.79        2523.31         3844.67         4778.58  
    0.144       776.07          1572.00        2724.08         4027.26         4885.44  
    0.150       216.19          1098.07        2459.31         3575.41         4583.38  
    0.156       0          1086.94        2372.77         3571.91         4397.78  
    0.163       696.27          1796.53        2536.33         3649.61         4814.68  
    0.169       674.00          1822.81        2830.15         3824.48         5031.91  
    0.175       670.53          1621.04        2971.73         4066.69         5393.05  
    0.181       797.40          1269.88        2569.03         3884.41         5141.85  
    0.188       562.31          1421.52        2519.82         3781.41         4940.84  
    0.194       415.66          1504.61        2538.02         3686.97         4920.83  
    0.200       792.51          1850.93        2432.92         3586.46         5060.16  
    0.206       221.13          1266.16        2220.81         3508.89         4997.83  
    0.213       0          1348.79        2173.28         3556.37         4685.68  
    0.219       533.24          1582.74        2589.34         3688.27         4936.64  
    0.225       169.15          1193.03        2495.43         3556.42         4785.12  
    0.231       0          1096.03        2300.72         3435.73         4479.45  
    0.238       0          1305.81        2305.53         3573.85         4811.43  
    0.244       0          329.50        1760.48         2713.16         4057.51  
    0.250       0          1162.42        1782.57         2837.85         4112.37  
    0.256       0          1290.17        2226.08         3234.26         4281.39  
    0.263       667.59          1686.69        2693.62         3777.05         4753.76  
    0.269       975.41          1540.23        2793.76         3992.60         4865.62  
    0.275       242.23          348.26        1746.53         3010.41         4202.32  
    0.281       573.83          1129.64        2531.70         3594.41         4806.38  
    0.288       182.02          1401.49        2308.21         3560.96         4427.06  
    0.294       0          330.89        1559.70         2567.82         3827.21  
    0.300       0          710.80        2115.80         3193.65         4562.03  
    0.306       623.38          1908.56        2885.95         3527.97         4784.48  
    0.312       197.74          1107.03        2320.98         3387.01         4544.48  
    0.319       0          737.45        2033.55         3294.66         4433.47  
    0.325       494.94          1570.03        2891.94         3588.88         4774.84  
    0.331       157.00          442.11        1894.36         2787.77         4027.15  
    0.338       0          974.34        2253.38         3391.86         4720.07  
    0.344       0          1304.46        2368.25         3557.21         4839.02  
    0.350       0          1354.30        2321.36         3459.69         4670.86  
    0.356       0          1318.66        2285.39         3471.98         4601.39  
    0.363       0          1163.79        2249.18         3529.45         4451.70  
    0.369       578.95          1705.53        2596.08         3968.74         4708.01  
    0.375       724.11          2062.87        2896.21         4119.17         5332.21  
    0.381       171.44          1304.36        2417.07         3540.17         4727.46  
    0.388       584.61          1626.71        2803.41         3702.04         4864.85  
    0.394       185.44          1331.81        2562.49         3484.24         4431.34  
    0.400       0          1203.40        2286.17         3481.29         4426.72  
    0.406       491.31          1597.17        2774.38         3892.98         4890.81  
    0.413       600.94          1791.15        2825.87         3968.90         5069.27  
    0.419       558.29          1889.19        2742.34         3823.37         4999.59  
    0.425       666.35          1846.88        2687.66         3850.74         5119.81  
    0.431       728.33          1690.48        2792.32         3756.08         5128.97  
    0.438       177.30          1205.20        2481.36         3591.40         4994.39  
    0.444       701.01          1742.83        2550.18         3708.62         5053.54  
    0.450       876.50          1815.49        2882.78         3857.46         5317.49  
    0.456       933.65          1985.25        3390.86         4320.55         5473.84  
    0.463       230.34          1261.00        2528.89         3620.85         4888.51  
    0.469       0          243.14        1396.96         2676.06         3842.95  
    0.475       460.63          1348.35        2603.69         3769.95         4550.06  
    0.481       146.11          1132.69        2345.70         3641.76         4664.94  
    0.488       0          1137.07        2345.04         3475.50         4560.24  
    0.494       0          1168.59        2340.16         3453.82         4383.75  
    0.500       0          969.95        2072.48         3384.79         4305.48  
    0.506       0          1222.83        1922.75         3281.69         4531.82  
    0.513       0          1426.17        2844.87         3306.41         4711.79  
    0.519       0          1454.84        2568.58         3086.17         4476.49  
    0.525       0          1476.92        2402.17         3311.57         4372.67  
    0.531       0          357.46        1772.72         2864.10         3725.72  
    0.537       0          929.16        2116.77         3291.03         4560.94  
    0.544       0          294.73        1530.14         2819.07         4002.57  
    0.550       0          960.72        2164.78         3423.92         4565.84  
    0.556       0          1239.38        2365.69         3733.47         4737.66  
    0.562       0          296.47        1453.88         2794.32         4024.65  
    0.569       703.00          747.67        2245.81         3443.34         4690.15  
    0.575       886.38          1322.19        2643.67         3678.16         4790.82  
    0.581       869.56          1425.25        2571.73         3717.16         4588.80  
    0.588       868.14          1398.44        2485.22         3742.35         4494.36  
    0.594       853.05          1333.83        2437.30         3731.38         4493.76  
    0.600       869.87          1333.55        2481.46         3693.59         4453.23  
    0.606       873.45          1335.19        2494.19         3678.46         4433.51  
    0.613       866.37          1334.00        2483.34         3697.08         4463.28  
    0.619       862.92          1331.76        2447.29         3695.63         4528.31  
    0.625       861.70          1332.30        2441.71         3719.48         4613.85  
    0.631       841.07          1342.90        2439.07         3726.95         4648.79  
    0.638       824.25          1352.31        2450.93         3698.66         4667.09  
    0.644       816.44          1342.05        2453.38         3653.31         4699.53  
    0.650       815.10          1334.03        2451.98         3645.27         4739.34  
    0.656       827.62          1343.94        2470.48         3654.07         4753.95  
    0.663       869.99          1378.78        2446.62         3651.73         4732.42  
    0.669       883.21          1389.99        2420.40         3640.36         4680.98  
    0.675       855.95          1366.86        2446.48         3648.96         4650.96  
    0.681       827.81          1348.13        2542.65         3666.11         4660.85  
    0.688       812.56          1355.18        2572.16         3669.79         4752.02  
    0.694       799.86          1353.04        2573.20         3669.39         4797.53  
    0.700       798.06          1349.31        2600.42         3630.49         4665.82  
    0.706       788.58          1344.11        2594.41         3635.10         4627.81  
    0.713       783.11          1346.81        2568.63         3653.11         4629.60  
    0.719       770.83          1351.71        2560.42         3672.37         4571.88  
    0.725       752.08          1355.49        2559.01         3680.69         4607.24  
    0.731       756.58          1354.87        2566.53         3676.57         4632.05  
    0.738       755.68          1357.22        2576.97         3657.34         4633.05  
    0.744       761.22          1353.88        2609.96         3662.30         4770.93  
    0.750       792.24          1345.68        2654.26         3654.20         4875.13  
    0.756       808.85          1332.65        2759.89         3659.70         4795.67  
    0.763       806.93          1317.10        2765.14         3651.26         4857.92  
    0.769       840.11          1309.34        2592.22         3604.53         4869.38  
    0.775       842.63          1334.19        2585.05         3671.44         4862.89  
    0.781       819.03          1322.02        2650.72         3704.61         4926.86  
    0.788       805.52          1284.74        2761.19         3769.00         4964.36  
    0.794       790.13          1218.29        2961.35         4063.70         5372.32  
    0.800       449.82          1159.27        2756.34         3701.88         4962.68  
    0.806       82.65          1138.46        2440.82         3521.68         4891.46  
    0.812       0          1127.31        2313.19         3316.43         4403.69  
    0.819       321.39          1614.48        2701.32         4024.95         5196.33  
    0.825       101.95          426.22        1954.81         3273.32         4709.10  
    0.831       0          1177.84        2327.00         3708.72         5249.12  
    0.838       0          1294.48        2547.82         3559.78         4475.32  
    0.844       623.37          1447.40        2747.21         3869.82         4827.02  
    0.850       720.12          1447.11        2753.15         3982.50         4996.33  
    0.856       977.16          1814.63        3016.85         4397.84         5375.24  
    0.863       625.97          1541.65        2683.01         3860.23         4973.99  
    0.869       661.51          1696.95        2749.78         3738.19         4788.72  
    0.875       914.17          1847.63        2841.90         3518.91         4755.51  
    0.881       1081.52          1634.68        2882.64         3694.31         4836.34  
    0.888       1061.08          1629.60        3030.88         3774.33         5347.02  
    0.894       765.43          1678.26        2925.31         3885.53         5139.04  
    0.900       726.38          1621.50        2863.66         3987.22         4984.35  
    0.906       712.89          1556.36        2855.72         3813.33         5079.19  
    0.913       775.38          1661.41        2957.92         3926.17         5406.88  
    0.919       192.21          1289.51        2343.19         3498.74         4598.52  
    0.925       0          1176.39        2124.20         3368.51         4402.81  
    0.931       727.30          1788.31        2862.32         3821.12         4893.38  
    0.938       899.92          2023.06        3067.90         3918.89         5389.20  
    0.944       212.28          1431.39        2539.37         3680.56         5044.25  
    0.950       0          1294.68        2321.70         3581.39         4890.04  
    0.956       698.99          1634.28        2574.90         3744.15         4985.86  
    0.963       858.87          1687.14        2687.99         4002.32         5127.90  
    0.969       202.11          1330.48        2193.01         3445.28         4645.43  
    0.975       0          1151.27        1716.70         3199.11         4449.95  
    0.981       632.40          1507.56        2550.31         3736.71         4812.89  
    0.988       200.60          391.98        1763.07         2886.85         3974.81  
    0.994       0          876.68        2102.39         3254.08         4500.78  
    1.000       689.47          1876.32        3067.47         3842.60         4812.05  
    1.006       723.08          1785.88        2915.42         3776.21         4991.17  
    1.012       717.54          1785.69        2773.69         3724.06         4990.07  
    1.019       813.84          1889.81        2584.79         4027.66         4960.88  
    1.025       202.05          1633.76        2234.46         3124.07         4463.59  
    1.031       272.05          1524.55        2692.45         3956.65         5212.73  
    1.038       263.43          1467.49        2862.82         4228.28         5126.00  
    1.044       467.16          1632.45        2933.62         3986.29         4946.48  
    1.050       537.83          1770.55        3128.95         3903.01         4905.28  
    1.056       761.80          1789.08        3091.14         4253.31         5102.38  
    1.062       492.24          1644.75        2826.87         4131.10         4983.29  
    1.069       92.49          1380.55        2413.97         3674.98         4668.03  
    1.075       0          1087.64        2071.22         3376.93         4478.35  
    1.081       0          871.70        1984.73         3154.68         4320.27  
    1.088       0          1016.91        2008.27         3252.46         4351.10  
    1.094       586.05          1545.10        2349.47         3557.35         4711.30  
    1.100       185.90          1245.59        2244.72         3616.05         4929.64  
    1.106       0          1079.25        2214.44         3546.70         4519.18  
    1.113       0          1225.34        2561.44         3614.15         4023.75  
    1.119       0          1393.11        2733.99         3882.74         4518.84  
    1.125       469.52          1588.33        2740.58         3825.99         4850.98  
    1.131       635.52          1640.34        2671.66         3853.20         4932.91  
    1.137       727.92          1567.90        2732.63         3890.65         5047.23  
    1.144       763.51          1695.96        2818.58         3895.04         5153.52  
    1.150       580.69          1634.03        2797.92         3961.36         5422.20  
    1.156       125.68          1238.46        2664.34         3684.76         5049.92  
    1.163       734.12          1393.63        2613.73         3724.95         4927.48  
    1.169       718.19          1400.89        2684.96         3744.81         4939.26  
    1.175       153.95          1204.96        2454.32         3425.60         4413.05  
    1.181       0          1193.23        2479.50         3275.66         4295.80  
    1.188       0          290.60        1639.28         2740.26         4018.66  
    1.194       0          1041.51        2130.48         3244.59         4458.47  
    1.200       0          1302.84        2387.53         3478.51         4675.81  
    1.206       0          1293.64        2403.77         3412.93         4414.53  
    1.213       0          1433.40        2093.67         3422.10         4310.58  
    1.219       0          1190.48        2095.45         3400.25         4381.96  
    1.225       0          1122.64        2457.22         3629.77         5236.60  
    1.231       0          1139.50        2540.35         3643.35         4509.59  
    1.238       581.27          1739.20        2853.66         3863.84         5185.84  
    1.244       184.38          1342.38        2434.66         3470.56         4423.82  
    1.250       0          1118.87        2284.43         3175.60         4109.54  
    1.256       0          1311.28        2235.19         3351.18         4411.31  
    1.263       656.94          1729.10        3100.67         4183.47         5072.01  
    1.269       208.38          1111.98        2266.19         3681.29         4866.91  
    1.275       628.72          1439.82        2818.04         3581.60         4836.08  
    1.281       660.35          1750.17        3051.28         3679.69         4838.72  
    1.288       543.98          1798.52        3149.54         3462.77         4790.41  
    1.294       126.18          1455.49        2492.03         3482.26         4750.26  
    1.300       0          1120.83        2118.71         3464.89         4538.97  
    1.306       0          1448.32        2415.16         3443.99         4169.50  
    1.312       0          379.25        1523.95         2680.44         4011.33  
    1.319       554.40          1694.43        2442.07         3771.30         5136.82  
    1.325       738.13          2044.33        2630.93         3945.43         5500.00  
    1.331       178.36          1199.42        2333.66         3623.82         4544.65  
    1.338       0          1067.48        2352.97         3691.00         4709.67  
    1.344       0          1239.30        2377.93         3720.68         4766.30  
    1.350       0          1278.52        2459.17         3523.41         4479.72  
    1.356       0          1332.95        2407.42         3284.11         4279.23  
    1.363       0          1385.70        2560.55         3337.28         4190.23  
    1.369       0          1282.99        2382.24         3536.95         4155.60  
    1.375       552.46          1838.47        2703.89         3938.53         5174.84  
    1.381       175.24          487.92        1974.18         3093.65         4304.25  
    1.388       345.99          1278.82        2470.90         3535.94         4677.97  
    1.394       506.01          1690.85        2739.02         3776.44         4869.65  
    1.400       125.70          407.67        1842.77         2794.94         3984.68  
    1.406       360.67          1300.37        2467.59         3452.34         4599.53  
    1.413       683.27          1771.65        2941.47         3883.82         4935.82  
    1.419       675.25          1806.55        2970.23         4039.50         5368.24  
    1.425       156.96          1448.56        2455.84         3376.10         4558.90  
    1.431       505.23          1691.88        2857.99         4010.95         4663.47  
    1.438       160.26          1199.33        2450.98         3686.98         4316.31  
    1.444       0          944.79        2277.83         3585.20         4588.04  
    1.450       496.31          1406.51        2528.54         3678.25         4802.56  
    1.456       514.03          1662.17        2810.22         3951.70         4970.51  
    1.463       327.88          1601.71        2893.36         3978.72         5181.22  
    1.469       68.12          1361.13        2826.51         3828.76         4264.47  
    1.475       0          1255.34        2472.21         3600.66         4447.68  
    1.481       619.03          1554.68        2728.17         3922.19         4961.29  
    1.488       782.89          1606.81        2951.66         3883.37         4883.24  
    1.494       825.03          1516.32        2519.09         3789.90         4980.33  
    1.500       995.34          1523.39        2448.97         3788.75         5050.28  
    1.506       251.43          1087.78        1971.58         3469.67         4765.37  
    1.513       0          1009.68        2086.11         3149.77         4563.93  
    1.519       0          247.98        1640.26         2750.35         4025.87  
    1.525       0          956.08        2162.92         3420.00         4289.31  
    1.531       0          1172.25        2323.44         3569.95         4689.94  
    1.538       0          963.40        2210.14         3370.69         4491.15  
    1.544       0          1100.15        2333.17         3456.82         4541.85  
    1.550       0          1143.63        2446.10         3550.58         4318.91  
    1.556       0          994.78        2462.65         3360.44         4241.41  
    1.562       0          1150.48        2455.40         3499.59         4628.38  
    1.569       0          1361.11        2349.32         3652.70         4491.23  
    1.575       0          1264.09        2221.85         3686.42         4267.00  
    1.581       0          1230.90        1918.81         3556.33         4383.02  
    1.588       0          1173.98        2002.42         3481.32         4507.70  
    1.594       0          1066.40        2015.41         3341.59         4480.05  
    1.600       685.25          1581.67        2984.43         3999.95         5250.48  
    1.606       737.26          1721.38        2910.05         3836.65         5040.81  
    1.613       676.30          1782.74        2819.11         3845.78         4929.54  
    1.619       162.21          853.58        2034.24         3099.16         4430.75  
    1.625       0          132.84        1510.39         2758.76         4051.99  
    1.631       0          0        1423.70         2600.96         3710.05  
    1.638       529.77          1460.29        2169.64         3241.54         4567.04  
    1.644       168.04          956.65        2078.14         3335.66         4583.28  
    1.650       364.05          1624.60        2774.93         4035.72         5257.61  
    1.656       620.43          1901.22        2984.36         4293.43         5500.00  
    1.663       682.52          1747.28        2739.67         3921.76         4891.19  
    1.669       779.18          1872.35        3158.08         4333.22         5306.88  
    1.675       720.14          1806.72        3093.26         4377.74         5500.00  
    1.681       738.51          1686.37        2985.74         4144.03         5183.11  
    1.688       750.84          1734.52        2825.94         3969.18         5117.77  
    1.694       768.48          1826.46        2855.32         3963.41         5046.50  
    1.700       798.24          1737.56        2836.59         3914.37         5133.88  
    1.706       793.66          1717.52        2773.36         3994.47         5216.07  
    1.713       755.70          1765.60        2879.26         4073.30         4970.06  
    1.719       179.38          1073.86        2181.79         3523.03         4572.77  
    1.725       0          886.72        2139.56         3333.37         4466.68  
    1.731       701.75          1604.27        2250.42         3488.49         4822.29  
    1.738       814.23          1839.99        2736.97         3527.56         4933.22  
    1.744       187.67          1167.71        2445.70         3388.19         4700.04  
    1.750       0          965.65        2394.52         3204.04         4143.58  
    1.756       548.84          1430.73        2589.96         3624.31         4689.25  
    1.763       815.79          1618.84        2859.28         3979.80         5358.14  
    