0.025       377.00          1829.68        2816.77         3839.55         4990.83  
    0.031       412.37          2091.27        2871.24         3961.52         5053.55  
    0.038       405.57          2314.65        2723.38         4074.35         5291.10  
    0.044       17.92          963.96        2444.32         3574.53         4383.08  
    0.050       829.78          1275.13        2438.04         3843.37         4791.78  
    0.056       837.46          1280.51        2460.03         3988.40         4799.25  
    0.062       836.13          1263.30        2460.66         3983.56         4849.91  
    0.069       840.96          1183.49        2430.67         4102.32         5471.36  
    0.075       836.58          1076.58        2474.53         4194.02         5500.00  
    0.081       795.62          1017.51        2417.07         4341.22         5500.00  
    0.088       722.41          981.51        2436.49         4106.63         4996.48  
    0.094       766.39          1093.11        2520.21         3587.91         4950.97  
    0.100       830.68          1199.01        2568.02         3715.48         4878.89  
    0.106       830.44          1250.02        2578.46         3929.01         4859.11  
    0.113       843.03          1240.99        2583.13         3928.15         4894.28  
    0.119       852.72          1251.47        2574.61         3909.07         4982.73  
    0.125       855.64          1253.39        2589.70         3905.26         4969.25  
    0.131       848.35          1237.22        2586.56         3908.42         4941.73  
    0.138       842.09          1225.98        2535.92         3886.12         4926.15  
    0.144       845.71          1210.65        2571.17         3870.13         4896.21  
    0.150       853.72          1188.57        2607.69         3875.34         4878.25  
    0.156       857.04          1174.31        2617.10         3918.83         4951.70  
    0.163       855.64          1147.32        2655.54         3887.37         4979.91  
    0.169       870.30          1115.79        2666.31         3927.19         5069.76  
    0.175       871.89          1116.54        2654.51         3913.75         5126.21  
    0.181       867.29          1109.16        2634.27         3879.59         5134.17  
    0.188       865.26          1115.76        2584.34         3908.76         5010.74  
    0.194       862.94          1145.54        2561.63         3894.21         4970.98  
    0.200       866.45          1141.84        2549.32         3875.21         5033.76  
    0.206       860.94          1116.42        2533.65         3924.03         5062.66  
    0.213       861.46          1091.54        2508.98         3917.02         5033.07  
    0.219       859.85          1104.60        2523.15         3896.14         4988.90  
    0.225       858.42          1143.24        2535.73         3836.45         4969.78  
    0.231       860.59          1185.99        2562.84         3736.81         4950.29  
    0.238       851.56          1167.86        2566.76         3819.42         4843.85  
    0.244       833.41          1119.99        2530.28         3960.87         4915.83  
    0.250       833.54          1108.24        2550.51         3981.91         4985.73  
    0.256       804.03          1133.01        2582.09         4015.23         4962.43  
    0.263       803.01          1163.41        2550.64         3980.67         4889.29  
    0.269       797.87          1196.46        2525.09         3954.18         4947.35  
    0.275       794.18          1233.59        2584.69         3898.57         4905.79  
    0.281       802.69          1248.94        2623.25         3890.47         4818.94  
    0.288       785.83          1191.20        2601.39         3943.81         4855.83  
    0.294       771.44          1172.83        2540.12         3961.10         4895.07  
    0.300       764.39          1192.62        2503.28         4023.51         4898.60  
    0.306       761.99          1220.41        2515.43         4067.97         4905.20  
    0.312       745.08          1213.60        2567.41         4052.20         4919.29  
    0.319       745.68          1198.39        2562.40         3938.83         4903.89  
    0.325       754.50          1216.20        2525.53         3802.89         4891.31  
    0.331       754.52          1217.31        2514.44         3765.87         4873.80  
    0.338       756.23          1231.17        2470.14         3883.11         4817.34  
    0.344       764.51          1220.99        2455.60         3785.28         4820.02  
    0.350       767.37          1208.26        2460.75         3971.28         4827.65  
    0.356       750.98          1173.06        2439.34         4020.09         4904.38  
    0.363       735.99          1159.10        2456.38         3958.38         4927.91  
    0.369       746.69          1149.98        2563.99         3970.78         4924.96  
    0.375       742.31          1175.38        2542.38         3981.58         4926.66  
    0.381       763.09          1168.47        2512.38         3878.10         4903.90  
    0.388       752.50          1174.18        2498.64         3941.13         4910.61  
    0.394       738.26          1182.72        2417.46         4033.02         4891.32  
    0.400       731.60          1202.49        2437.07         4108.08         4910.74  
    0.406       741.13          1241.89        2556.50         4115.31         4959.18  
    0.413       758.53          1293.45        2574.51         4129.29         4948.32  
    0.419       775.22          1300.19        2576.80         4066.56         5021.68  
    0.425       776.97          1264.26        2699.55         3973.49         4987.02  
    0.431       759.81          1206.22        2642.99         3836.75         4926.88  
    0.438       699.84          1065.92        2636.18         4018.53         4803.06  
    0.444       30.82          46.85        1080.86         2665.76         4115.61  
    0.450       0          0        1219.80         2734.72         3852.89  
    0.456       240.03          1266.83        2588.01         3827.23         4956.44  
    0.463       173.44          1373.45        2656.28         3679.12         4905.73  
    0.469       237.95          1414.60        2879.65         3998.09         5025.98  
    0.475       10.66          62.63        1524.94         2943.49         4247.77  
    0.481       0          1373.64        1561.31         3004.18         4664.76  
    0.488       0          63.55        1675.99         3036.29         3659.33  
    0.494       183.29          1495.47        2869.64         3541.84         5001.02  
    0.500       8.48          69.19        1449.17         2774.68         3810.09  
    0.506       0          0        1491.26         2767.90         3747.55  
    