0.025       0          1031.12        1573.74         2276.12         4029.89  
    0.031       0          986.98        1558.50         2275.74         4110.30  
    0.038       0          949.47        1564.60         2302.03         4161.09  
    0.044       0          1038.65        1558.38         2338.81         4104.45  
    0.050       0          989.71        1522.74         2361.96         4011.00  
    0.056       637.06          1376.90        2118.67         3525.99         5065.77  
    0.062       867.60          1601.58        2332.16         4051.78         5500.00  
    0.069       841.70          1559.28        2279.31         4148.46         5500.00  
    0.075       829.26          1489.87        2257.16         4183.18         5500.00  
    0.081       814.24          1453.04        2258.06         4180.55         5500.00  
    0.088       807.90          1444.36        2259.87         4193.96         5500.00  
    0.094       231.23          997.88        1693.58         2819.64         4598.97  
    0.100       565.74          1272.26        2060.65         3636.54         5138.38  
    0.106       787.11          1454.01        2300.26         4123.89         5500.00  
    0.113       787.09          1447.87        2313.84         4108.32         5500.00  
    0.119       787.74          1450.69        2310.28         4131.63         5500.00  
    0.125       782.76          1450.45        2296.55         4038.62         5500.00  
    0.131       775.47          1447.49        2300.75         3977.98         5500.00  
    0.138       769.27          1446.22        2303.32         3977.17         5423.29  
    0.144       771.18          1449.30        2309.55         3996.47         5308.52  
    0.150       777.87          1450.67        2300.09         4011.32         5211.21  
    0.156       781.66          1444.51        2319.59         4020.37         5120.71  
    0.163       786.78          1432.75        2336.52         4030.07         5154.80  
    0.169       789.73          1427.83        2344.33         4029.96         5408.05  
    0.175       793.28          1434.15        2350.50         4014.92         5500.00  
    0.181       790.65          1431.34        2356.46         3988.63         5342.65  
    0.188       790.69          1426.56        2364.55         3982.56         5362.19  
    0.194       799.07          1435.12        2373.95         3992.41         5326.89  
    0.200       801.92          1451.85        2373.71         3992.07         5093.09  
    0.206       807.99          1453.50        2369.45         4040.14         5086.74  
    0.213       817.22          1437.84        2375.07         4035.44         5390.43  
    0.219       814.29          1434.62        2375.47         4013.84         5500.00  
    0.225       800.73          1431.77        2374.95         4004.05         5305.50  
    0.231       807.53          1447.43        2377.86         4047.09         5421.94  
    0.238       815.53          1443.96        2381.44         4041.73         5251.33  
    0.244       813.02          1424.27        2385.33         3981.86         5137.07  
    0.250       814.79          1420.42        2395.55         3961.55         5394.40  
    0.256       836.97          1444.03        2401.99         4036.56         5500.00  
    0.263       846.74          1462.48        2394.42         4085.07         5500.00  
    0.269       830.31          1440.38        2381.56         4023.01         5178.10  
    0.275       818.82          1409.23        2358.66         3876.40         5008.15  
    0.281       814.19          1400.99        2355.29         3898.71         5014.44  
    0.288       808.55          1405.84        2348.20         3981.61         4987.23  
    0.294       808.75          1411.96        2353.90         3982.12         5005.81  
    0.300       819.61          1410.53        2346.01         3931.85         4981.60  
    0.306       831.43          1415.47        2344.76         3795.95         4848.29  
    0.312       841.30          1421.90        2346.82         3738.95         4777.29  
    0.319       849.48          1426.68        2343.30         3704.47         4864.17  
    0.325       852.13          1439.68        2341.96         3672.41         4842.56  
    0.331       846.11          1458.46        2341.38         3657.01         4771.72  
    0.338       842.12          1457.78        2328.96         3683.31         4805.49  
    0.344       846.05          1465.02        2331.68         3695.28         4750.93  
    0.350       858.01          1507.43        2334.57         3665.85         4521.87  
    0.356       901.21          1521.10        2317.73         3679.62         4446.97  
    0.363       879.85          1523.09        2299.69         3725.86         4278.77  
    0.369       847.02          1506.29        2319.32         3735.67         4156.67  
    0.375       825.60          1500.37        2328.93         3846.24         4146.65  
    0.381       792.67          1498.25        2320.00         3964.24         4602.31  
    