0.025       940.63          1399.80        2371.24         4693.50         5042.80  
    0.031       926.37          1406.84        2382.65         4312.63         5074.83  
    0.038       951.91          1508.43        2393.15         3694.70         5088.69  
    0.044       967.58          1536.84        2426.99         3419.49         5107.91  
    0.050       994.99          1519.73        2459.72         3336.42         5135.54  
    0.056       1008.77          1525.72        2780.64         3359.00         5098.84  
    0.062       1002.29          1519.18        2758.40         3509.43         5080.17  
    0.069       1004.14          1517.38        2751.40         3490.68         5109.64  
    0.075       1001.26          1504.48        2668.70         3417.91         5146.21  
    0.081       1000.07          1519.77        2520.98         3369.12         5156.53  
    0.088       1014.22          1556.18        2484.07         3559.32         5145.67  
    0.094       1050.14          1738.44        2443.09         3924.12         5103.30  
    0.100       1058.31          1676.69        2551.51         4198.18         4987.87  
    0.106       1028.99          1573.98        2692.93         4467.87         4980.83  
    0.113       1026.21          1567.90        2747.65         4248.10         5049.30  
    0.119       1030.06          1582.32        2561.52         3796.20         5084.06  
    0.125       1042.70          1574.74        2466.99         3681.59         5097.56  
    0.131       1051.49          1623.85        2622.80         3650.37         5102.48  
    0.138       1019.31          1565.74        2732.41         3893.22         5042.14  
    0.144       1013.23          1563.37        2594.70         3759.39         5043.42  
    0.150       1018.93          1545.40        2478.76         3893.81         5099.07  
    0.156       986.94          1466.63        2469.61         4051.43         5081.33  
    0.163       971.94          1493.29        2541.98         3860.38         5039.90  
    0.169       965.63          1482.65        2618.81         3934.89         5040.68  
    0.175       960.26          1434.39        2574.51         4017.45         5043.98  
    0.181       968.11          1424.28        2615.94         3822.65         5026.54  
    0.188       962.76          1466.36        2744.59         3674.92         4998.50  
    0.194       968.43          1516.77        2873.06         4252.61         4949.97  
    0.200       970.51          1502.50        2794.74         4216.99         5082.53  
    0.206       974.09          1494.74        2600.53         4018.49         5133.23  
    0.213       967.18          1485.35        2515.07         3936.21         5102.53  
    0.219       952.45          1443.76        2517.33         3825.31         5096.98  
    0.225       959.41          1436.38        2476.27         3712.70         5166.77  
    0.231       976.29          1453.87        2447.09         3672.44         5165.43  
    0.238       991.62          1435.50        2508.88         3743.49         5092.16  
    0.244       986.52          1417.13        2555.58         3760.20         5091.64  
    0.250       1010.70          1406.80        2531.92         3679.39         5132.55  
    0.256       330.80          1189.67        2073.05         3612.55         5146.01  
    0.263       645.79          1260.31        2300.79         4293.66         5385.70  
    0.269       904.57          1333.26        2577.97         4428.95         5251.47  
    0.275       841.92          1360.43        2494.35         4270.24         5210.49  
    0.281       923.74          1456.13        2345.63         4297.51         5336.08  
    0.288       1017.92          1491.33        2314.98         4327.91         5362.98  
    0.294       1100.14          1554.43        2559.39         4551.37         5453.39  
    0.300       1124.75          1559.25        2666.42         4693.28         5500.00  
    