0.025       890.67          1424.08        2607.50         3630.36         4506.35  
    0.031       839.86          1391.63        2586.05         3646.49         4303.66  
    0.038       786.93          1358.88        2576.78         3666.59         4061.57  
    0.044       783.31          1323.08        2588.61         3445.56         3861.31  
    0.050       786.75          1331.28        2590.37         3445.65         3858.65  
    0.056       782.98          1356.02        2562.38         3542.00         4244.25  
    0.062       773.17          1340.81        2489.82         3625.26         4522.47  
    0.069       754.97          1334.41        2513.83         3661.38         4574.44  
    0.075       778.53          1342.22        2565.29         3499.45         4539.30  
    0.081       795.48          1338.69        2561.28         3280.81         4541.74  
    0.088       802.32          1338.00        2569.01         3325.60         4588.16  
    0.094       807.63          1326.96        2584.85         3450.03         4665.55  
    0.100       808.49          1319.37        2591.11         3504.48         4759.35  
    0.106       802.27          1314.67        2582.46         3612.19         4824.67  
    0.113       798.90          1308.92        2592.03         3707.32         4759.28  
    0.119       803.92          1308.38        2616.64         3665.40         4722.66  
    0.125       799.50          1302.09        2622.18         3597.65         4769.15  
    0.131       790.33          1295.37        2628.59         3531.98         4793.25  
    0.138       785.94          1286.99        2634.81         3458.95         4742.39  
    0.144       789.63          1284.48        2625.16         3389.39         4721.71  
    0.150       798.65          1294.01        2634.81         3468.94         4734.23  
    0.156       811.39          1313.64        2649.18         3501.34         4643.65  
    0.163       829.76          1314.71        2650.50         3510.40         4481.20  
    0.169       840.51          1312.06        2656.83         3514.20         4306.50  
    0.175       840.43          1319.09        2664.60         3514.11         4307.99  
    0.181       836.53          1327.04        2668.17         3512.81         4442.43  
    0.188       825.84          1329.87        2662.12         3494.16         4297.86  
    0.194       821.40          1330.74        2665.06         3502.56         4320.55  
    0.200       825.36          1329.84        2670.08         3509.55         4387.84  
    0.206       820.51          1323.70        2675.31         3516.98         4355.17  
    0.213       809.33          1320.86        2680.05         3512.76         4316.37  
    0.219       810.34          1320.94        2683.09         3512.37         4388.66  
    0.225       814.12          1319.14        2687.66         3522.05         4456.22  
    0.231       822.29          1310.08        2693.29         3554.70         4506.35  
    0.238       835.45          1293.58        2681.42         3569.08         4500.60  
    0.244       836.81          1283.46        2673.93         3576.29         4351.76  
    0.250       808.37          1289.15        2687.84         3590.80         4402.15  
    0.256       777.48          1286.39        2684.52         3607.35         4551.97  
    0.263       755.85          1273.71        2685.89         3637.25         4622.15  
    0.269       728.40          1251.50        2665.95         3672.93         4612.23  
    0.275       710.14          1254.95        2670.54         3690.19         4604.92  
    0.281       681.79          1285.95        2711.50         3710.58         4548.15  
    0.288       658.32          1279.54        2748.79         3838.09         4516.16  
    0.294       627.59          1250.75        2755.90         3751.38         4442.79  
    0.300       716.77          1273.86        2772.70         3675.43         4575.03  
    0.306       769.96          1284.12        2777.36         3664.35         4716.06  
    0.312       582.11          1252.07        2816.78         3816.32         4678.51  
    0.319       237.87          1218.52        2851.26         4020.23         4679.08  
    0.325       199.31          1235.07        2874.57         4101.34         4653.34  
    0.331       58.86          330.88        1687.86         3167.95         4544.89  
    0.338       348.49          974.40        2452.14         3953.00         4632.24  
    0.344       623.91          1340.16        2900.73         4169.82         4673.55  
    