0.025       0          1670.10        2273.67         3777.40         5080.46  
    0.031       522.12          1909.58        2199.68         3774.53         5048.10  
    0.038       946.46          2067.99        2403.19         3794.63         4935.35  
    0.044       973.52          1588.27        2220.05         3968.21         4971.36  
    0.050       914.85          1407.49        2086.21         4360.26         4977.20  
    0.056       879.04          1413.64        2044.15         4428.28         5001.32  
    0.062       538.23          1325.07        1941.09         4325.27         5048.94  
    0.069       400.11          1263.43        1702.92         4309.75         5096.09  
    0.075       92.56          297.82        1022.81         2125.22         4504.92  
    0.081       0          0        839.05         1436.39         4264.80  
    0.088       0          0        832.27         1408.15         4271.77  
    0.094       331.06          700.50        1319.22         3645.77         4850.02  
    0.100       645.79          888.06        1453.82         4227.38         5034.22  
    0.106       722.63          1189.76        1978.35         4153.72         5389.77  
    0.113       762.27          1239.98        2384.06         4037.35         5500.00  
    0.119       804.40          1392.48        2622.07         3958.47         5500.00  
    0.125       869.83          1460.51        2728.11         4105.37         5500.00  
    0.131       867.20          1465.93        2686.76         4095.52         5500.00  
    0.138       845.27          1451.79        2660.37         4026.64         5265.13  
    0.144       826.91          1432.27        2692.62         4004.15         5225.13  
    0.150       821.95          1424.72        2713.97         4050.61         5437.14  
    0.156       814.53          1429.26        2664.79         4039.39         5281.32  
    0.163       806.29          1444.16        2634.03         4030.60         5323.04  
    0.169       793.33          1457.80        2644.68         4049.27         5466.09  
    0.175       780.25          1443.02        2637.08         4019.39         5251.31  
    0.181       778.45          1433.89        2610.06         3991.70         5191.42  
    0.188       775.51          1436.65        2621.25         4005.77         5427.97  
    0.194       772.07          1438.23        2621.75         3990.46         5348.58  
    0.200       778.13          1443.14        2578.84         3968.76         5452.80  
    0.206       783.15          1436.79        2528.02         3970.14         5500.00  
    0.213       776.88          1407.54        2476.51         3976.72         5500.00  
    0.219       767.44          1384.69        2451.75         3925.85         5500.00  
    0.225       763.85          1359.50        2440.88         3872.00         5500.00  
    0.231       764.18          1343.59        2497.75         3880.50         5500.00  
    0.238       772.43          1349.18        2582.60         3898.43         5500.00  
    0.244       775.25          1338.64        2627.75         3868.99         5500.00  
    0.250       765.55          1323.38        2615.21         3784.16         5500.00  
    0.256       757.15          1320.87        2597.15         3793.37         5500.00  
    0.263       747.67          1295.18        2554.75         3759.21         5500.00  
    0.269       735.41          1265.74        2516.05         3733.90         5500.00  
    0.275       732.97          1262.19        2485.42         3731.03         5500.00  
    0.281       732.06          1262.84        2473.10         3684.20         5500.00  
    0.288       724.33          1244.39        2461.47         3640.29         5429.53  
    0.294       720.09          1223.83        2456.81         3643.62         5478.03  
    0.300       715.09          1216.13        2484.23         3661.74         5500.00  
    0.306       715.90          1215.76        2505.41         3719.33         5500.00  
    0.312       711.29          1212.62        2463.60         3758.57         5500.00  
    0.319       705.01          1208.80        2449.16         3744.88         5446.05  
    0.325       701.30          1204.28        2479.19         3720.25         5483.18  
    0.331       704.08          1203.24        2473.45         3728.84         5351.16  
    0.338       710.12          1211.99        2459.01         3754.84         5305.21  
    0.344       717.21          1216.49        2483.50         3786.27         5341.33  
    0.350       717.93          1207.53        2504.85         3750.45         5290.66  
    0.356       714.82          1192.47        2497.65         3721.90         5260.45  
    0.363       707.96          1178.91        2518.66         3703.43         5197.75  
    0.369       702.30          1167.21        2530.33         3671.33         5206.39  
    0.375       700.89          1159.98        2529.96         3673.23         5231.97  
    0.381       707.65          1171.30        2552.27         3708.05         5216.39  
    0.388       710.41          1183.49        2526.65         3739.62         5149.22  
    0.394       712.33          1193.74        2499.03         3786.00         5162.26  
    0.400       709.67          1197.20        2520.10         3788.02         5229.70  
    0.406       711.44          1199.36        2511.50         3767.56         5253.67  
    0.413       714.22          1206.83        2503.09         3739.78         5226.17  
    0.419       718.29          1217.53        2505.98         3719.96         5108.12  
    0.425       731.84          1225.04        2509.75         3696.15         5156.26  
    0.431       747.05          1220.61        2516.08         3759.12         5424.39  
    0.438       737.84          1211.30        2585.55         3838.78         5110.22  
    0.444       723.83          1208.38        2707.38         3851.39         5378.50  
    0.450       171.27          883.65        1597.85         3119.50         4167.11  
    0.456       615.53          1097.02        1244.98         3486.46         5084.51  
    0.463       191.87          854.73        1175.17         2826.10         4278.18  
    0.469       0          739.11        1159.97         2551.08         4041.01  
    0.475       0          739.25        1181.09         2689.12         4164.31  
    0.481       0          175.91        869.13         1570.07         3709.85  
    0.488       0          0        785.64         1207.27         3498.55  
    0.494       321.00          674.66        1170.73         3094.17         5019.78  
    0.500       100.06          802.58        1033.11         2910.85         4358.21  
    0.506       0          617.23        1022.90         2673.99         4078.85  
    0.513       0          360.55        1095.92         2353.44         4078.52  
    0.519       226.12          905.48        1718.55         3581.10         5160.40  
    0.525       308.76          1082.45        2045.97         3996.06         5500.00  
    0.531       74.28          516.85        1347.46         2949.52         4270.97  
    0.537       0          364.25        1144.00         2461.44         3909.17  
    0.544       270.73          980.06        1994.70         3626.27         5123.53  
    0.550       350.02          1157.36        2307.44         4013.12         5500.00  
    0.556       322.70          1190.17        2414.74         3855.91         5500.00  
    0.562       325.10          1177.19        2656.39         4053.78         5500.00  
    0.569       78.03          576.49        1529.15         3118.62         4629.54  
    0.575       0          342.05        1173.01         2776.26         4309.23  
    0.581       0          282.97        1280.62         2834.32         4132.26  
    0.588       247.19          1101.68        2316.05         3705.64         5162.99  
    0.594       411.84          1234.19        2671.26         4214.89         5500.00  
    0.600       648.11          1260.92        2628.24         4223.61         5500.00  
    