0.025       0          953.83        2102.11         3413.84         4324.98  
    0.031       0          1140.14        2097.27         3520.25         4347.55  
    0.038       0          270.64        1577.71         2828.58         3937.66  
    0.044       0          1035.00        2311.19         3526.74         4628.31  
    0.050       0          1274.64        2574.72         3902.16         4966.93  
    0.056       0          1237.02        2606.87         3479.74         4418.07  
    0.062       786.34          1403.23        2819.43         3764.10         5216.54  
    0.069       230.30          329.27        1558.53         2817.96         3993.09  
    0.075       548.15          1441.48        2657.77         3243.68         4701.97  
    0.081       738.45          1777.60        2954.78         3816.96         5017.70  
    0.088       685.07          1550.48        2857.06         3995.57         4898.71  
    0.094       151.07          1392.43        2736.89         3556.68         4466.73  
    0.100       657.76          1551.53        2730.08         3843.62         4821.85  
    0.106       192.64          363.95        1697.54         2864.63         4104.44  
    0.113       420.49          1273.98        2435.48         3614.12         5127.09  
    0.119       527.71          1728.10        3024.53         4202.74         5500.00  
    0.125       118.49          1269.01        2254.90         3487.67         4700.19  
    0.131       0          1333.07        2207.97         3270.76         4406.23  
    0.138       0          1531.89        2248.31         3183.37         4230.52  
    0.144       560.39          1912.64        2667.70         3692.60         5201.93  
    0.150       164.12          455.84        1645.96         2808.57         3996.92  
    0.156       489.62          1079.55        2328.91         3355.66         4937.76  
    0.163       143.40          1334.26        2628.43         3686.48         4548.26  
    0.169       0          1512.48        2077.85         3099.63         4219.56  
    0.175       595.31          1771.90        2744.78         3958.76         5203.56  
    0.181       782.48          1820.11        3018.62         4084.51         5380.75  
    0.188       178.11          1493.73        2860.59         3929.52         4824.91  
    0.194       0          1474.08        2414.27         3463.69         4472.91  
    0.200       0          1447.14        2129.02         3318.19         4437.22  
    0.206       0          1304.80        2280.69         3271.90         4373.40  
    0.213       0          1288.80        2290.16         3389.94         4292.97  
    0.219       0          1281.96        2238.90         3537.29         4274.06  
    0.225       0          1235.33        2302.90         3545.00         4207.00  
    0.231       700.70          1760.16        2944.26         4088.09         5202.68  
    0.238       205.22          434.38        1683.84         2922.11         4249.39  
    0.244       0          0        1193.11         2523.85         3883.09  
    0.250       642.97          843.12        2207.36         3597.16         4480.95  
    0.256       813.76          1119.26        2529.15         3927.52         4608.55  
    0.263       827.79          1105.98        2508.08         3877.06         4447.28  
    0.269       814.18          1169.84        2478.47         3811.41         4383.33  
    0.275       759.87          1264.35        2510.25         3800.12         4458.88  
    0.281       739.94          1263.17        2503.12         3756.11         4343.69  
    0.288       723.88          1285.53        2485.55         3723.59         4243.47  
    0.294       715.71          1292.77        2468.38         3713.12         4191.38  
    0.300       722.85          1277.21        2480.95         3706.30         4227.76  
    0.306       731.33          1267.87        2504.79         3698.31         4244.71  
    0.312       720.95          1268.29        2454.36         3695.44         4354.09  
    0.319       715.66          1267.95        2444.62         3676.94         4276.62  
    0.325       721.55          1263.01        2459.62         3680.31         4275.41  
    0.331       739.15          1260.88        2493.44         3680.64         4189.10  
    0.338       784.91          1255.67        2476.70         3670.06         3986.50  
    0.344       752.79          1265.41        2441.48         3687.61         4028.04  
    0.350       725.61          1262.71        2442.68         3695.66         4252.50  
    0.356       722.39          1255.99        2460.54         3686.83         4342.58  
    0.363       714.60          1247.44        2442.46         3677.57         4272.84  
    0.369       705.30          1240.03        2413.24         3694.75         4233.05  
    0.375       699.83          1232.83        2400.34         3714.26         4397.52  
    0.381       686.21          1221.94        2388.58         3687.26         4573.28  
    0.388       675.12          1215.08        2379.39         3673.34         4679.33  
    0.394       679.09          1214.71        2382.44         3729.24         4569.03  
    0.400       698.38          1218.42        2394.80         3738.59         4228.64  
    0.406       674.20          1210.73        2388.13         3740.66         4274.45  
    0.413       654.25          1200.27        2381.36         3741.96         4492.85  
    0.419       658.64          1198.37        2423.32         3752.76         4538.75  
    0.425       664.47          1198.56        2485.84         3777.30         4638.29  
    0.431       654.53          1202.21        2602.94         3778.38         4794.93  
    0.438       643.05          1195.63        2582.48         3775.71         4779.48  
    0.444       638.70          1179.71        2541.73         3776.20         4716.78  
    0.450       619.01          1162.46        2580.48         3751.49         4634.64  
    0.456       618.29          1161.48        2542.41         3746.34         4601.61  
    0.463       639.94          1154.90        2505.71         3779.87         4614.74  
    0.469       661.49          1121.84        2450.65         3794.81         4664.66  
    0.475       682.44          1099.02        2431.68         3788.23         4763.02  
    0.481       689.23          1107.78        2402.06         3778.62         4696.61  
    0.488       675.33          1050.87        2416.49         3775.28         4723.00  
    0.494       529.95          1132.69        2493.39         3788.70         4770.90  
    0.500       110.68          263.20        1429.77         2725.86         4013.71  
    0.506       0          0        1120.91         2434.36         3845.82  
    0.513       0          885.94        1943.64         3059.82         4340.66  
    0.519       0          1153.41        2310.04         3481.41         4543.45  
    0.525       0          1162.02        2352.36         3561.90         4649.93  
    0.531       0          1144.54        2372.70         3580.74         4711.33  
    0.537       0          1208.60        2462.54         3718.67         4955.13  
    0.544       0          278.41        1413.90         2802.38         4055.41  
    0.550       0          0        1138.03         2505.95         3785.59  
    0.556       331.08          1012.81        2190.32         3474.76         4571.81  
    0.562       96.97          296.63        1640.37         2817.92         4061.98  
    0.569       851.16          1066.23        2358.01         3452.92         4707.50  
    0.575       823.82          1558.12        2690.77         3689.04         4904.20  
    0.581       811.19          1515.45        2677.50         3748.80         4731.91  
    0.588       188.30          1255.62        2590.43         3149.45         4201.29  
    0.594       0          1216.70        2371.61         3185.66         4286.12  
    0.600       0          1181.56        2370.89         3377.39         4447.24  
    0.606       0          1239.54        2531.43         3253.59         4308.57  
    0.613       0          1270.35        2136.19         2970.43         4229.08  
    0.619       666.04          1735.95        2742.36         3850.23         5210.06  
    0.625       195.07          1113.08        2231.98         3373.35         4687.04  
    0.631       0          1093.51        2067.78         3428.54         4398.57  
    0.638       0          1121.72        2102.57         3458.28         4351.39  
    0.644       0          1064.67        2273.17         3572.88         4668.19  
    0.650       487.76          1596.23        2563.90         3671.50         4825.40  
    0.656       696.97          1707.97        2700.15         3784.46         4853.58  
    0.663       854.96          1508.55        2836.04         3769.05         4926.55  
    0.669       896.75          1469.13        2824.26         3858.27         5094.12  
    0.675       751.48          1325.44        2836.34         3989.93         5417.81  
    0.681       160.57          1076.09        2204.27         3402.66         4509.86  
    0.688       0          1109.07        2212.96         3384.72         4389.09  
    0.694       0          257.43        1615.89         2712.75         3731.93  
    0.700       604.19          1266.72        2308.78         3482.74         4576.54  
    0.706       743.57          1669.13        2564.18         3847.91         4988.67  
    0.713       165.95          1426.27        2542.10         3822.55         5021.55  
    0.719       0          1285.21        2398.16         3723.04         4421.87  
    0.725       714.18          1521.02        2388.32         3591.10         4679.84  
    0.731       923.93          1359.95        2467.30         3507.23         4834.71  
    0.738       209.34          962.59        2285.26         3436.71         4818.47  
    0.744       585.62          1575.55        2827.61         3608.57         5012.24  
    0.750       171.51          1354.65        2524.84         3414.76         4864.83  
    0.756       0          1181.40        2310.38         3462.06         4692.24  
    0.763       585.90          1718.50        2741.41         3670.65         4868.32  
    0.769       712.72          1670.59        2762.04         3795.94         4915.30  
    0.775       158.48          1467.34        2465.73         3704.81         4430.64  
    0.781       557.79          1801.55        2477.89         3828.47         4965.49  
    0.788       684.45          1723.51        2788.38         3896.86         4982.18  
    0.794       363.56          1548.49        2802.68         3783.97         4974.07  
    0.800       61.78          1214.17        2429.51         3451.00         4492.41  
    0.806       0          1128.28        2180.69         3326.85         4391.22  
    0.812       626.82          1579.56        2915.06         4044.84         4624.86  
    0.819       797.15          1754.21        3028.63         4003.10         4745.25  
    0.825       179.70          1469.95        2317.04         3386.52         4519.65  
    0.831       436.59          1729.17        2702.72         3982.66         4647.56  
    0.838       734.28          1775.25        2846.85         3862.06         4832.87  
    0.844       674.35          1739.16        2862.87         3882.12         4773.71  
    0.850       145.49          1240.27        2356.34         3398.25         4355.27  
    0.856       0          1064.66        2258.09         3472.14         4330.68  
    0.863       0          986.55        2311.00         3557.51         4602.14  
    0.869       0          1065.86        2386.59         3403.21         4446.78  
    0.875       0          1241.00        2428.71         3318.56         4362.52  
    0.881       0          1338.44        2549.61         3234.23         4416.58  
    0.888       0          306.82        1811.71         2895.21         4248.23  
    0.894       0          0        1521.72         2641.77         4028.43  
    0.900       0          997.22        2073.36         3435.47         4592.15  
    0.906       0          1053.07        2132.46         3424.89         4466.74  
    0.913       0          1129.56        2347.10         3413.79         4603.44  
    0.919       0          1269.05        2466.98         3540.63         4768.94  
    0.925       0          1289.84        2400.65         3640.37         4871.22  
    0.931       0          1222.26        2355.06         3546.04         4773.46  
    0.938       0          1343.84        2457.25         3616.07         4941.66  
    0.944       0          313.76        1661.64         2836.54         4051.30  
    0.950       577.80          1355.34        2492.68         3451.92         4692.67  
    0.956       761.70          1875.01        2825.83         3728.93         5075.67  
    0.963       858.08          1772.51        2889.56         3818.14         4923.62  
    0.969       855.38          1712.32        2909.02         3696.50         4874.28  
    0.975       886.46          2076.13        2661.16         3660.87         4847.10  
    0.981       606.57          1366.37        2623.08         3735.16         4897.95  
    0.988       118.07          255.25        1651.64         2837.99         3990.44  
    0.994       0          0        1337.01         2485.41         3677.54  
    1.000       663.39          1260.21        2453.23         3442.63         4727.28  
    1.006       194.29          369.08        1748.96         3016.06         4047.30  
    1.012       621.33          1402.72        2929.41         3397.93         4566.40  
    1.019       814.45          2016.47        3295.91         4336.37         5342.21  
    1.025       624.94          1865.09        2840.51         3974.06         5120.48  
    1.031       128.78          1267.93        2368.63         3696.45         4947.67  
    