0.025       0          0        1419.83         2271.55         3641.25  
    0.031       0          1132.24        2143.21         3634.72         4804.96  
    0.038       0          1239.23        2306.17         3589.05         4722.19  
    0.044       0          1222.36        2373.24         3673.68         4669.33  
    0.050       0          1041.50        2399.94         3819.55         4870.39  
    0.056       0          48.47        1533.42         2893.55         4061.58  
    0.062       0          0        1355.86         2682.94         3973.55  
    0.069       0          1235.69        2442.97         3322.84         4593.05  
    0.075       0          1258.43        2160.15         3366.82         4609.15  
    0.081       0          1318.18        2598.18         3561.89         4905.19  
    0.088       0          1179.98        2513.53         3673.99         4235.46  
    0.094       803.58          1649.34        2781.45         3817.38         5042.12  
    0.100       39.58          1265.16        2471.18         3726.12         4879.02  
    0.106       812.03          1773.56        2334.54         3731.26         4954.61  
    0.113       813.65          2033.69        3204.46         4325.26         5474.60  
    0.119       38.10          599.27        2408.27         3114.28         4089.33  
    0.125       0          862.37        2430.96         3620.54         4801.22  
    0.131       0          1376.15        2459.92         3826.34         4941.06  
    0.138       0          65.74        1703.09         2823.90         3948.47  
    0.144       0          0        1726.34         2795.42         4075.39  
    0.150       0          1302.13        2365.28         3593.81         4290.71  
    0.156       0          1277.33        2512.78         3670.51         4634.62  
    0.163       592.43          1328.65        2672.37         3825.12         4844.65  
    0.169       976.36          1372.23        2373.44         3758.23         4914.08  
    0.175       46.65          64.51        1400.84         2541.48         3767.76  
    0.181       0          1087.18        2259.71         3363.16         4429.34  
    0.188       0          1093.18        2363.65         3458.61         4406.12  
    0.194       0          51.20        1645.09         2743.01         4146.25  
    0.200       540.09          1449.53        2912.77         4180.88         4986.27  
    0.206       26.60          1262.47        2637.82         3664.88         4571.92  
    0.213       497.76          1502.23        2638.78         3934.94         4791.75  
    0.219       785.29          1562.76        2437.25         3915.86         4879.52  
    0.225       37.47          1105.15        2230.38         3631.47         4623.38  
    0.231       0          1295.48        2441.36         3509.74         4652.94  
    0.238       567.59          1623.40        3097.17         4035.57         4851.88  
    0.244       555.98          1812.90        3139.47         4088.65         4936.90  
    0.250       276.92          1886.34        3097.09         3937.17         4800.37  
    0.256       218.98          1919.77        2859.23         4086.56         5028.87  
    0.263       625.34          1769.86        2676.61         4083.40         4843.13  
    0.269       30.30          1487.61        2350.36         3221.06         4569.84  
    0.275       485.60          1591.11        2758.35         3987.92         4843.16  
    0.281       23.92          1213.72        1870.15         3225.33         4289.20  
    0.288       658.14          1803.41        3103.68         4111.65         5441.85  
    0.294       395.08          1794.46        2995.53         3992.15         5196.88  
    0.300       17.86          1451.63        2090.39         3260.80         4376.18  
    0.306       0          1347.98        2019.57         3128.33         4301.43  
    0.312       0          1239.39        2126.64         2928.20         4303.07  
    0.319       0          1205.35        2110.44         3000.62         4213.21  
    0.325       0          807.68        2082.68         3177.09         4280.66  
    0.331       0          1221.44        2197.07         3392.22         4443.86  
    0.338       0          58.33        1670.63         2712.12         3615.86  
    0.344       558.90          1815.98        3193.26         3616.95         4880.48  
    0.350       666.93          2033.90        3286.90         4000.73         4862.54  
    0.356       577.63          1674.41        2890.93         4112.13         5469.89  
    0.363       26.90          77.75        1649.15         2935.55         4273.80  
    0.369       0          987.38        1703.14         3072.17         4199.48  
    0.375       0          1338.96        2046.49         3386.80         4385.99  
    0.381       610.95          1525.30        2854.64         3779.75         5077.35  
    0.388       697.58          1484.62        2779.32         3774.43         5016.34  
    0.394       32.87          69.57        1663.92         2831.63         3574.66  
    0.400       0          976.79        2244.27         3210.01         4362.76  
    0.406       0          1185.94        2446.50         3487.37         4541.21  
    0.413       0          1224.72        2306.93         3525.22         4518.99  
    0.419       504.43          1715.19        2774.86         3854.27         4951.35  
    0.425       701.26          1704.54        2731.47         3872.04         5022.10  
    0.431       33.31          1543.48        2739.54         3991.39         4582.17  
    0.438       0          1360.26        2385.65         3428.93         4587.71  
    0.444       0          1287.70        2562.71         3309.11         4564.69  
    0.450       0          1385.23        2482.20         3458.73         4639.84  
    0.456       0          1267.31        2045.79         3212.78         4429.07  
    0.463       0          991.00        2085.08         3301.40         4419.97  
    0.469       0          953.70        2173.98         3378.82         4493.24  
    0.475       0          1337.54        2268.95         3333.71         4620.78  
    0.481       0          63.67        1638.86         2927.30         3973.99  
    0.488       0          1198.99        2537.83         3055.13         4213.30  
    0.494       0          887.42        2471.80         3735.62         4820.48  
    0.500       0          1194.87        2416.38         3555.52         4762.09  
    0.506       0          1486.78        1934.06         3141.60         4750.33  
    0.513       0          1673.40        2731.84         3545.11         4784.00  
    0.519       0          1411.49        2213.37         3410.29         4686.72  
    0.525       0          1487.92        2409.89         3460.58         4809.66  
    0.531       0          70.05        1476.54         2713.45         3809.66  
    0.537       786.32          1369.84        2846.94         3916.70         5418.33  
    0.544       741.19          1680.62        2828.14         3957.56         5500.00  
    0.550       546.13          1724.13        2873.06         3819.31         5129.29  
    0.556       686.40          1762.33        2838.82         3914.93         4991.45  
    0.562       32.56          978.05        2402.89         2979.47         4236.00  
    0.569       613.43          1807.11        3080.26         3705.67         4698.86  
    0.575       804.84          1863.41        3229.49         4215.65         4870.50  
    0.581       709.92          1743.63        2962.99         3600.52         4992.60  
    0.588       938.39          1445.62        2986.92         3642.81         4931.45  
    0.594       44.59          1326.27        2983.83         3227.64         3756.62  
    0.600       0          1350.38        2886.59         3714.17         4791.63  
    0.606       907.27          1808.38        2913.12         3910.11         5469.28  
    0.613       44.68          1234.20        2285.05         3695.68         4737.45  
    0.619       0          1169.84        2397.01         3663.62         3876.62  
    0.625       0          1016.48        2107.55         3036.33         3880.36  
    0.631       941.32          1735.12        2953.77         3829.60         5424.08  
    0.638       871.62          1473.92        2976.25         3880.02         5216.90  
    0.644       40.64          902.32        1405.43         3115.96         4128.66  
    0.650       0          823.24        1345.73         3037.20         3903.04  
    0.656       0          810.83        1356.40         2985.85         3860.12  
    0.663       803.20          1349.24        2928.74         3335.44         3891.53  
    0.669       844.27          1376.30        3007.46         3522.33         3909.18  
    0.675       829.61          1362.86        3033.83         3401.11         3904.54  
    0.681       38.91          867.39        1433.11         3042.48         3849.81  
    0.688       0          827.87        1338.41         3019.15         3987.96  
    0.694       0          821.47        1334.56         3053.89         4002.38  
    0.700       0          831.68        1337.74         3037.86         3944.42  
    0.706       767.30          1302.03        2961.67         3934.55         5426.85  
    0.713       37.79          834.38        1410.05         3149.35         4080.89  
    0.719       0          802.41        1317.94         3067.07         4063.30  
    0.725       728.00          1267.11        2983.73         3527.16         4274.37  
    0.731       777.56          1299.98        3003.67         3902.23         5442.95  
    0.738       36.53          854.77        1412.24         3014.43         4071.33  
    0.744       0          808.93        1334.62         2962.48         4090.82  
    0.750       0          794.54        1328.06         2976.25         4096.99  
    0.756       0          815.95        1324.53         2975.64         4077.35  
    0.763       0          843.84        1324.04         2977.31         4027.87  
    0.769       0          874.63        1337.34         2990.54         4049.96  
    0.775       0          871.53        1312.78         2978.47         4070.68  
    0.781       0          854.42        1206.57         3022.11         4097.58  
    0.788       0          849.10        1142.90         3020.37         4123.39  
    0.794       0          881.52        1273.32         2926.82         4124.27  
    0.800       0          923.72        1353.09         2916.23         4116.62  
    0.806       0          903.54        1308.23         2967.79         4115.26  
    0.812       0          861.75        1347.63         2938.74         4131.59  
    0.819       0          878.03        1366.88         2917.62         4128.57  
    0.825       0          841.30        1348.08         2909.76         4129.77  
    0.831       0          733.46        1346.89         2945.93         4113.79  
    0.838       0          811.85        1277.78         3017.18         4138.46  
    0.844       0          1015.68        1300.79         2958.86         4124.07  
    0.850       0          1215.44        1295.62         3054.01         4070.77  
    0.856       0          1268.68        1317.41         3123.68         4109.13  
    0.863       0          1278.47        1484.74         3173.41         4069.78  
    0.869       0          1004.87        1370.52         3035.73         4052.04  
    0.875       279.74          1392.91        2831.08         3632.71         4812.60  
    0.881       636.63          1359.43        2930.78         3663.49         4663.65  
    0.888       1054.18          1298.88        2988.17         4147.45         5460.31  
    0.894       957.27          1296.27        3065.16         3910.29         4660.58  
    0.900       1011.19          1298.65        2782.63         3579.11         4855.61  
    0.906       47.60          1326.93        2972.41         3344.36         4824.01  
    0.913       0          1304.56        2838.86         3651.25         4795.54  
    0.919       0          1305.54        2660.75         3577.83         4461.39  
    0.925       0          1312.13        2664.91         3598.47         4897.69  
    0.931       0          1295.43        2551.83         3503.13         4324.18  
    0.938       0          1294.60        2580.78         3398.84         4167.49  
    0.944       0          1242.60        2599.24         3638.93         4377.22  
    0.950       0          58.21        1341.90         2548.94         3905.03  
    0.956       0          0        1243.97         2492.84         3842.50  
    0.963       813.72          1350.29        2723.86         3918.98         4795.35  
    0.969       705.98          1199.06        2792.59         4323.09         4517.29  
    0.975       32.80          1103.18        2385.52         3210.67         4410.97  
    0.981       0          1146.81        2111.30         3319.41         4340.05  
    