0.025       0          579.94        1634.01         3533.33         4646.31  
    0.031       0          1020.87        1608.26         3562.00         4542.68  
    0.038       0          1279.83        1944.54         3617.14         4513.47  
    0.044       350.53          1285.84        2025.45         3566.91         5167.86  
    0.050       181.42          436.78        1465.59         2301.04         4106.04  
    0.056       643.88          775.18        1514.17         2790.76         4261.15  
    0.062       932.16          1298.23        2048.53         3419.14         4762.71  
    0.069       916.96          1336.08        2258.21         3470.15         4803.56  
    0.075       909.86          1261.76        2081.64         3465.81         4848.46  
    0.081       1067.52          1412.06        2288.88         3476.64         4862.33  
    0.088       1045.23          1487.81        3098.66         3661.75         4859.64  
    0.094       962.78          1461.05        3409.89         4011.10         4905.65  
    0.100       938.36          1428.32        3382.56         4082.03         4953.37  
    0.106       933.72          1418.28        3372.29         4039.40         4976.29  
    0.113       935.46          1427.24        3382.83         4091.16         5009.57  
    0.119       933.66          1421.02        3407.06         4237.39         4922.08  
    0.125       924.99          1394.45        3406.39         4295.96         4948.68  
    0.131       923.65          1382.99        3417.49         4254.23         4961.90  
    0.138       924.32          1372.61        3417.43         4148.99         4944.23  
    0.144       923.00          1351.21        3401.94         4076.06         4948.69  
    0.150       923.21          1348.64        3394.29         4042.69         4925.03  
    0.156       926.85          1365.25        3405.05         3989.08         4842.64  
    0.163       931.57          1369.06        3428.12         3987.08         4820.91  
    0.169       927.94          1356.16        3399.14         4005.19         4861.38  
    0.175       910.20          1340.48        3356.70         3956.52         4893.19  
    0.181       895.95          1352.02        3380.26         3876.70         4895.32  
    0.188       894.79          1371.65        3411.26         3862.80         4891.57  
    0.194       906.08          1390.15        3433.07         3947.32         4821.69  
    0.200       918.16          1401.14        3475.79         3789.34         4832.47  
    0.206       918.59          1397.51        3484.32         3737.89         4862.94  
    0.213       914.01          1396.05        3462.74         4083.58         4861.64  
    0.219       913.88          1395.05        3454.51         4342.49         4798.77  
    0.225       917.92          1396.51        3476.73         4110.93         4856.01  
    0.231       923.30          1408.50        3497.98         4030.39         4892.67  
    0.238       918.88          1408.66        3478.54         4185.93         4840.88  
    0.244       917.42          1406.89        3465.86         4297.66         4813.43  
    0.250       920.61          1414.27        3468.52         4556.86         5265.30  
    0.256       918.57          1399.80        3511.30         4627.01         5500.00  
    0.263       914.01          1363.30        3524.12         4601.77         5500.00  
    0.269       910.84          1348.33        3529.14         4586.56         5500.00  
    0.275       916.00          1359.51        3564.41         4649.19         5500.00  
    0.281       313.46          1085.94        2145.20         3983.63         5051.57  
    0.288       627.65          1250.26        2896.61         4381.10         5267.92  
    0.294       942.90          1394.98        3621.65         4679.68         4991.96  
    0.300       927.32          1391.79        3590.64         4401.17         4742.72  
    0.306       932.30          1389.88        3578.86         4348.66         4817.27  
    0.312       934.33          1395.09        3571.43         4463.21         4856.35  
    0.319       935.26          1406.74        3561.24         4712.79         5281.22  
    0.325       319.44          1099.75        2153.93         4033.67         5037.26  
    0.331       616.55          1243.77        2919.02         3703.90         4826.09  
    0.338       938.34          1390.99        3667.19         3699.74         4840.87  
    0.344       922.07          1377.15        3535.36         3657.76         4868.22  
    0.350       906.84          1381.92        3411.90         3589.42         4880.27  
    0.356       905.85          1396.74        3406.03         3584.59         4865.45  
    0.363       920.69          1403.85        3212.03         3662.41         4878.84  
    0.369       924.46          1393.25        3125.09         3646.43         4889.84  
    0.375       934.85          1395.25        3266.34         3577.77         4859.88  
    0.381       958.88          1422.49        3343.91         3489.03         4845.33  
    0.388       974.43          1453.33        3020.36         3480.85         4829.21  
    0.394       981.83          1463.03        2659.01         3609.64         4800.07  
    0.400       976.65          1443.52        2583.60         3716.01         4856.08  
    0.406       962.42          1430.66        2733.45         3797.59         4909.55  
    0.413       940.81          1429.89        3199.47         3954.75         4841.44  
    0.419       905.27          1433.17        3514.23         3973.15         4797.93  
    0.425       880.11          1441.26        3524.43         4443.80         5260.00  
    0.431       880.51          1461.60        3457.55         4619.36         4968.85  
    0.438       902.49          1460.17        3405.61         4662.85         5225.10  
    0.444       311.11          1079.15        2107.59         3845.92         4930.35  
    0.450       478.52          1321.31        2740.93         4080.30         5205.18  
    0.456       669.10          1606.70        3380.09         4213.41         4960.63  
    0.463       629.63          1583.68        3402.76         3778.89         4709.30  
    0.469       212.98          997.04        2124.64         3587.90         4863.24  
    0.475       378.15          1226.21        2759.99         4513.36         5307.47  
    0.481       522.79          1464.02        3468.86         4045.48         5199.37  
    0.488       439.37          1423.93        3136.89         3607.10         5078.58  
    0.494       139.79          838.02        2011.28         3589.32         5060.45  
    0.500       0          849.17        1681.62         3565.92         5048.81  
    