0.025       0          898.66        1811.49         3468.77         4287.38  
    0.031       0          896.56        1819.38         3285.36         4198.71  
    0.038       0          816.05        1791.27         2981.07         4091.49  
    0.044       604.77          1467.84        2187.04         3677.73         4609.88  
    0.050       696.24          1706.22        2644.13         3612.81         4677.47  
    0.056       135.98          961.71        2032.44         3644.19         4339.05  
    0.062       0          878.55        1884.39         3379.53         4510.65  
    0.069       0          890.70        1822.52         3318.88         4615.75  
    0.075       679.35          1699.17        2126.95         3589.28         4957.58  
    0.081       169.36          1057.19        1908.77         3597.83         4289.82  
    0.088       0          816.38        1860.25         3357.54         4369.81  
    0.094       656.66          1059.93        2042.65         3655.83         4590.63  
    0.100       802.76          1208.31        2684.20         3980.89         4657.31  
    0.106       835.35          1222.98        2859.36         4026.49         4656.78  
    0.113       623.33          1238.61        2851.31         4009.18         4662.79  
    0.119       356.52          1248.69        2871.28         4175.40         4708.64  
    0.125       200.01          1277.84        2985.41         4418.83         4775.41  
    0.131       257.97          1271.18        3093.09         4123.93         4665.65  
    0.138       361.77          1232.47        2888.97         3934.64         4644.20  
    0.144       460.67          1239.69        2795.71         3863.11         5329.69  
    0.150       532.89          1240.06        2772.70         3857.36         5500.00  
    0.156       580.59          1276.61        2780.56         3844.36         5500.00  
    0.163       609.04          1293.26        2720.16         3812.47         4975.16  
    0.169       616.14          1283.63        2720.62         3811.11         5369.16  
    0.175       615.57          1268.88        2726.08         3856.21         5080.21  
    0.181       622.22          1262.81        2714.78         3814.68         4931.79  
    0.188       626.18          1257.99        2706.64         3787.87         4922.82  
    0.194       629.68          1246.70        2693.19         3790.89         4948.12  
    0.200       630.42          1243.40        2699.13         3798.26         5038.13  
    0.206       635.46          1251.70        2692.78         3783.19         5113.75  
    0.213       634.50          1239.03        2711.28         3773.08         5089.86  
    0.219       636.49          1224.88        2742.60         3820.39         5416.29  
    0.225       638.08          1216.78        2733.24         3885.82         5500.00  
    0.231       641.54          1211.85        2727.30         3842.75         5500.00  
    0.238       644.02          1215.36        2727.68         3778.21         5180.36  
    0.244       646.17          1215.83        2717.74         3772.88         5111.91  
    0.250       656.36          1209.06        2732.45         3808.69         5423.12  
    0.256       652.09          1207.62        2750.75         3818.82         5500.00  
    0.263       648.26          1209.62        2739.61         3803.00         5158.66  
    0.269       655.31          1215.44        2702.12         3788.05         5144.50  
    0.275       677.76          1233.34        2630.51         3774.07         5011.09  
    0.281       692.70          1250.33        2555.29         3768.86         5005.77  
    0.288       675.11          1229.45        2764.34         3761.40         5402.99  
    0.294       649.01          1206.24        2735.81         3767.55         5224.55  
    0.300       640.53          1201.18        2826.65         3755.38         4962.24  
    0.306       607.88          1194.66        2838.19         3742.58         5383.06  
    0.312       576.51          1187.94        2821.36         3743.14         5500.00  
    0.319       560.11          1182.80        2813.93         3742.03         5500.00  
    0.325       552.56          1182.87        2815.15         3744.61         5500.00  
    0.331       544.13          1179.03        2824.60         3745.99         5500.00  
    0.338       538.91          1184.56        2851.99         3737.49         5403.54  
    0.344       545.07          1188.10        2829.23         3756.66         4759.75  
    0.350       554.38          1181.92        2814.84         3770.37         4583.77  
    0.356       567.99          1179.84        2827.80         3762.32         4698.70  
    0.363       583.63          1185.11        2866.81         3795.74         4678.03  
    0.369       598.69          1188.97        2916.32         3836.00         4668.47  
    0.375       609.00          1203.25        3021.67         3808.03         4689.06  
    0.381       611.06          1210.92        2887.65         3804.86         4703.19  
    0.388       609.14          1200.41        2801.84         3825.35         4668.29  
    0.394       619.23          1193.12        2775.89         3762.85         4580.97  
    0.400       622.78          1197.87        2839.51         3741.53         4540.58  
    0.406       617.54          1193.62        2869.17         3750.40         4656.14  
    0.413       633.78          1195.72        2953.54         3777.55         4612.73  
    0.419       626.65          1198.16        2929.23         3749.62         4600.42  
    0.425       624.96          1194.28        3096.88         3749.80         5320.79  
    0.431       622.47          1193.43        3073.38         3757.63         5299.94  
    0.438       642.60          1181.01        2959.79         3792.89         4904.83  
    0.444       666.01          1157.31        2966.08         3819.02         4750.67  
    0.450       613.48          1164.95        2985.59         3819.65         4848.39  
    0.456       581.73          1152.35        2982.84         3803.30         5305.56  
    0.463       592.59          1144.67        2919.34         3753.72         4947.98  
    0.469       658.88          1149.04        2906.30         3763.56         4688.34  
    0.475       682.46          1072.08        2936.95         3791.99         4632.99  
    0.481       581.83          1132.65        2958.82         3770.92         4719.84  
    0.488       513.64          1164.00        2948.40         3803.73         5348.88  
    0.494       528.05          1105.92        2897.94         3834.53         5500.00  
    0.500       500.37          1081.94        2839.25         3879.08         5500.00  
    0.506       450.54          1084.27        2816.76         3880.89         5137.13  
    0.513       415.98          1123.81        2830.33         3831.79         5409.54  
    0.519       390.16          1114.88        2763.47         3803.52         4902.26  
    0.525       359.62          1138.55        2708.44         3808.82         4693.27  
    0.531       321.83          1162.45        2771.05         3795.53         4636.49  
    0.537       301.04          1195.58        2824.23         3767.38         4616.02  
    0.544       281.49          1217.75        2902.12         3829.81         4626.86  
    0.550       263.70          1122.66        2980.79         3898.01         4670.76  
    0.556       253.22          1112.22        2899.49         3800.05         4638.77  
    0.562       230.72          1150.76        2905.27         3947.50         4486.03  
    0.569       45.01          391.79        1535.42         3188.56         4166.72  
    0.575       168.48          980.50        2641.68         3886.68         5219.83  
    0.581       42.00          497.11        1525.60         3298.39         4540.55  
    0.588       0          878.58        1431.41         3197.36         4353.87  
    0.594       0          1075.86        1658.85         3205.86         4262.80  
    0.600       0          217.67        1323.18         3072.25         3987.21  
    0.606       0          895.74        1400.12         3186.76         4056.72  
    0.613       0          1043.23        1500.51         3129.65         4274.50  
    0.619       0          836.27        1312.98         3236.41         4318.62  
    0.625       612.43          1245.62        2646.12         3731.41         4790.74  
    0.631       152.67          841.87        1797.74         3275.21         4285.14  
    0.638       0          876.17        1854.33         3260.30         4108.97  
    0.644       0          891.65        2011.84         3423.40         4097.45  
    0.650       0          893.86        2015.74         3432.24         4065.33  
    