0.025       456.16          1771.96        2712.42         3775.68         5500.00  
    0.031       433.56          1761.35        2820.40         3821.67         5500.00  
    0.038       204.65          871.45        1457.06         2762.35         4417.45  
    0.044       0          186.30        841.95         2579.98         3723.61  
    0.050       0          299.18        1710.08         3510.18         4099.49  
    0.056       0          449.76        1725.90         3519.17         4068.82  
    0.062       0          669.12        1525.56         3526.80         4050.03  
    0.069       0          659.00        1353.67         3557.86         4089.59  
    0.075       339.92          1019.43        2476.69         3780.70         4811.65  
    0.081       336.85          1058.38        2470.13         3795.52         4729.37  
    0.088       0          756.78        1387.92         3584.85         3843.61  
    0.094       388.07          1058.20        2004.89         3614.42         4342.78  
    0.100       772.24          1350.57        2797.16         3672.46         4866.52  
    0.106       783.66          1336.79        2887.59         3722.38         4901.96  
    0.113       797.13          1310.83        2781.25         3749.91         5264.22  
    0.119       785.88          1326.08        2874.95         3754.17         5500.00  
    0.125       769.95          1333.01        2971.16         3798.30         5500.00  
    0.131       768.38          1332.16        2928.48         3823.80         5160.59  
    0.138       775.27          1335.77        2765.33         3785.15         4988.19  
    0.144       788.19          1339.47        2599.34         3724.54         5105.80  
    0.150       805.24          1359.65        2565.88         3736.34         5012.07  
    0.156       814.97          1366.42        2585.32         3791.29         4964.58  
    0.163       813.97          1348.51        2583.38         3814.40         4892.79  
    0.169       812.75          1341.84        2575.27         3806.00         4772.62  
    0.175       816.30          1354.54        2592.69         3806.05         4702.21  
    0.181       824.03          1377.27        2632.15         3815.72         4699.43  
    0.188       828.86          1397.85        2671.19         3814.35         4872.29  
    0.194       832.72          1423.07        2679.67         3882.99         5262.99  
    0.200       835.90          1449.28        2685.41         3997.70         5367.33  
    0.206       834.08          1460.05        2720.72         4056.80         5128.07  
    0.213       831.24          1454.15        2750.09         4048.78         4843.52  
    0.219       831.63          1455.17        2753.30         4015.56         4713.46  
    0.225       835.23          1468.73        2754.07         4041.27         4751.87  
    0.231       837.78          1463.73        2770.47         4100.96         4777.95  
    0.238       835.49          1444.20        2775.38         4061.32         4938.13  
    0.244       835.50          1447.78        2757.18         3982.30         5052.40  
    0.250       839.22          1468.93        2774.73         3988.75         5171.25  
    0.256       841.25          1482.77        2824.08         3971.65         5138.41  
    0.263       842.51          1498.72        2842.87         3942.21         5039.28  
    0.269       840.92          1504.22        2847.58         3947.16         5111.55  
    0.275       833.84          1488.94        2861.62         3921.12         5312.19  
    0.281       831.81          1492.50        2863.46         3904.84         5357.76  
    0.288       834.85          1525.73        2862.39         3911.53         5278.82  
    0.294       834.77          1565.70        2850.55         3948.48         5420.50  
    0.300       830.13          1598.52        2821.19         3917.16         5166.50  
    0.306       825.43          1616.26        2825.55         3866.28         4847.34  
    0.312       828.90          1582.70        2836.04         3876.96         4767.72  
    0.319       834.06          1516.99        2796.43         3877.58         4732.29  
    0.325       825.14          1479.52        2702.56         3771.49         4863.44  
    0.331       808.61          1493.74        2608.17         3640.20         4997.04  
    0.338       804.53          1545.46        2558.65         3648.92         5126.24  
    0.344       819.10          1556.36        2550.72         3664.39         5185.32  
    0.350       838.47          1501.96        2579.77         3607.22         5163.71  
    0.356       840.30          1470.28        2597.45         3557.52         5159.99  
    0.363       844.19          1514.50        2598.78         3533.19         5188.95  
    0.369       854.75          1602.96        2656.28         3543.16         5356.94  
    0.375       853.50          1637.84        2843.91         3582.10         5500.00  
    0.381       865.22          1618.28        3109.48         3620.03         5500.00  
    0.388       881.22          1599.04        3285.62         3681.24         5500.00  
    0.394       882.53          1589.36        3364.81         3697.00         5500.00  
    0.400       879.15          1558.84        3161.19         3563.25         5500.00  
    0.406       870.23          1514.70        2966.81         3454.44         5500.00  
    0.413       858.80          1554.65        3167.69         3508.32         5500.00  
    0.419       842.97          1578.66        3271.14         3574.37         5500.00  
    0.425       827.14          1572.48        3280.21         3596.82         5500.00  
    0.431       814.60          1589.79        3377.34         3588.14         5500.00  
    0.438       803.00          1574.47        3273.85         3505.41         5500.00  
    0.444       784.51          1539.37        3159.49         3456.83         5500.00  
    0.450       762.55          1524.92        3262.92         3520.62         5500.00  
    0.456       745.31          1514.97        3350.22         3623.30         5500.00  
    0.463       737.26          1492.15        3166.76         3532.03         5363.56  
    0.469       742.35          1461.25        2874.50         3397.76         5248.86  
    0.475       743.07          1421.88        2761.80         3403.19         5204.82  
    0.481       727.04          1405.55        2764.88         3401.13         5321.34  
    0.488       700.37          1409.10        2876.53         3415.13         5295.66  
    0.494       341.50          1013.97        2197.05         3408.75         4602.24  
    0.500       0          577.22        1392.04         3370.57         4049.08  
    0.506       0          557.01        1390.92         3326.26         3977.06  
    0.513       0          636.30        1483.02         3355.82         4417.34  
    0.519       0          345.81        1149.04         2492.52         4137.82  
    0.525       0          406.59        1201.00         2532.37         4466.05  
    0.531       0          794.54        1577.82         3457.88         4688.56  
    0.537       382.88          1150.03        2350.98         3537.22         4695.88  
    0.544       779.53          1468.38        3042.77         3647.16         5500.00  
    0.550       789.96          1412.04        2989.07         3697.98         5500.00  
    0.556       389.91          1109.19        2375.85         3565.02         4773.00  
    