0.025       719.96          1417.49        2442.40         3438.22         3926.25  
    0.031       773.49          1426.84        2475.60         3500.88         3900.39  
    0.038       843.13          1391.38        2509.34         3796.86         4035.23  
    0.044       849.57          1361.18        2519.71         3803.25         4203.59  
    0.050       870.15          1346.09        2522.47         3794.37         4255.85  
    0.056       834.32          1318.54        2542.33         3788.01         4171.67  
    0.062       815.67          1284.65        2542.50         3700.83         4152.25  
    0.069       816.47          1279.87        2539.63         3589.51         4159.24  
    0.075       813.31          1297.21        2528.88         3441.43         4200.73  
    0.081       778.55          1319.43        2542.17         3582.12         4221.04  
    0.088       759.05          1337.45        2557.23         3542.69         4172.14  
    0.094       747.32          1333.86        2564.63         3428.09         4186.66  
    0.100       746.92          1318.77        2571.44         3455.07         4202.72  
    0.106       746.48          1302.66        2589.80         3525.20         4206.94  
    0.113       740.37          1287.87        2595.21         3446.02         4181.96  
    0.119       742.61          1278.13        2611.95         3411.91         4192.92  
    0.125       757.91          1288.31        2620.95         3447.95         4233.41  
    0.131       765.85          1297.41        2609.20         3437.04         4258.81  
    0.138       758.14          1308.92        2588.62         3382.49         4165.68  
    0.144       749.88          1308.28        2589.81         3381.98         4061.61  
    0.150       755.94          1319.83        2573.62         3370.82         4121.08  
    0.156       763.23          1336.10        2573.21         3366.14         4098.84  
    0.163       768.82          1338.82        2579.72         3356.14         4033.90  
    0.169       775.67          1342.17        2597.91         3347.37         4024.66  
    0.175       788.39          1328.11        2617.23         3338.96         4001.92  
    0.181       803.62          1314.70        2632.41         3325.39         3990.85  
    0.188       813.92          1320.94        2640.29         3345.53         4090.24  
    0.194       818.92          1316.24        2641.40         3383.03         4174.45  
    0.200       819.06          1304.29        2631.92         3381.44         4141.53  
    0.206       826.22          1286.00        2612.80         3353.02         4127.08  
    0.213       821.84          1275.78        2607.45         3376.63         4115.25  
    0.219       806.60          1281.34        2619.86         3362.17         3992.66  
    0.225       813.36          1282.23        2654.02         3368.59         3998.76  
    0.231       822.70          1272.10        2656.10         3366.40         4038.92  
    0.238       820.24          1255.07        2652.75         3358.46         4036.45  
    0.244       825.72          1256.06        2634.51         3386.79         4047.20  
    0.250       804.68          1264.72        2637.65         3406.55         4056.23  
    0.256       784.76          1258.47        2654.43         3419.51         3961.89  
    0.263       772.55          1284.49        2680.44         3446.99         3921.24  
    0.269       765.05          1339.68        2672.38         3439.40         3886.09  
    0.275       756.47          1345.85        2653.69         3427.06         3885.28  
    0.281       757.63          1296.95        2626.80         3415.71         4010.27  
    0.288       763.33          1276.67        2620.24         3386.89         4028.83  
    0.294       767.46          1279.52        2591.82         3268.20         3995.72  
    0.300       764.21          1262.70        2603.72         3277.24         3959.30  
    0.306       754.27          1246.88        2647.40         3490.72         3963.39  
    0.312       751.71          1249.77        2655.63         3602.57         3991.41  
    0.319       761.29          1263.74        2615.32         3610.02         4075.48  
    0.325       732.69          1266.45        2538.85         3566.46         4150.12  
    0.331       711.43          1276.91        2497.55         3628.69         4191.47  
    0.338       714.64          1291.88        2625.29         3735.20         4268.66  
    0.344       747.37          1305.32        2621.15         3521.72         4244.43  
    