0.025       834.60          1212.81        2392.04         4483.85         5500.00  
    0.031       764.44          1193.73        2395.20         4419.52         5500.00  
    0.038       698.11          1178.42        2391.16         4244.63         5500.00  
    0.044       714.15          1205.95        2414.02         4012.55         5500.00  
    0.050       741.09          1236.76        2460.86         3966.62         5500.00  
    0.056       740.57          1234.73        2486.40         3927.54         5500.00  
    0.062       733.87          1210.70        2503.99         3777.03         5500.00  
    0.069       728.09          1198.46        2524.59         3710.17         5500.00  
    0.075       715.16          1195.26        2528.79         3838.28         5500.00  
    0.081       710.68          1195.18        2542.39         3901.23         5500.00  
    0.088       714.36          1187.94        2559.97         3860.88         5500.00  
    0.094       713.30          1179.71        2569.80         3823.61         5500.00  
    0.100       708.29          1180.05        2575.85         3865.20         5500.00  
    0.106       706.96          1180.08        2583.95         3918.15         5447.51  
    0.113       713.28          1177.61        2587.82         3897.88         5470.00  
    0.119       718.75          1173.35        2595.20         3827.24         5500.00  
    0.125       720.04          1172.50        2595.31         3852.54         5500.00  
    0.131       727.63          1168.57        2596.75         3953.61         5500.00  
    0.138       732.25          1171.57        2601.12         3956.40         5500.00  
    0.144       735.40          1172.88        2601.61         4017.33         5500.00  
    0.150       742.88          1167.93        2603.48         4058.70         5500.00  
    0.156       755.33          1167.03        2616.72         4001.50         5500.00  
    0.163       760.10          1163.71        2628.88         3964.97         5500.00  
    0.169       756.65          1155.72        2646.40         3857.51         5500.00  
    0.175       764.96          1151.22        2663.25         3886.19         5500.00  
    0.181       773.09          1143.99        2662.19         3772.10         5500.00  
    0.188       773.90          1151.83        2665.31         3690.23         5500.00  
    0.194       772.73          1157.38        2667.83         3720.07         5500.00  
    0.200       778.27          1161.35        2662.77         3789.85         5500.00  
    0.206       786.10          1167.77        2669.45         3811.96         5500.00  
    0.213       790.36          1168.75        2687.57         3791.74         5500.00  
    0.219       788.92          1171.71        2693.13         3818.69         5500.00  
    0.225       788.07          1183.20        2700.03         3865.29         5500.00  
    0.231       789.50          1181.10        2690.46         3837.42         5500.00  
    0.238       791.23          1174.69        2681.18         3759.61         5500.00  
    0.244       796.34          1170.93        2682.31         3759.03         5500.00  
    0.250       799.26          1171.17        2685.83         3780.98         5500.00  
    0.256       799.50          1169.49        2688.21         3799.78         5500.00  
    0.263       801.01          1163.98        2690.76         3817.63         5500.00  
    0.269       797.54          1170.68        2698.22         3885.50         5500.00  
    0.275       788.28          1182.19        2689.17         3862.10         5500.00  
    0.281       784.99          1201.06        2655.73         3788.54         5500.00  
    0.288       785.30          1209.04        2660.82         3874.53         5500.00  
    0.294       784.13          1208.25        2669.40         3888.00         5500.00  
    0.300       778.96          1212.84        2672.73         3868.48         5500.00  
    0.306       775.98          1213.57        2676.57         3920.40         5500.00  
    0.312       772.85          1210.53        2665.48         3871.61         5500.00  
    0.319       767.92          1213.62        2648.29         3782.76         5500.00  
    0.325       768.10          1224.93        2633.76         3795.27         5500.00  
    0.331       778.41          1233.30        2613.15         3891.69         5500.00  
    0.338       285.02          929.94        1731.29         3112.33         4516.56  
    0.344       459.68          1062.06        2147.40         3475.52         4937.83  
    0.350       705.51          1228.98        2637.64         3929.94         5500.00  
    0.356       715.39          1206.30        2564.56         3962.85         5500.00  
    0.363       709.04          1200.65        2538.90         4031.03         5500.00  
    0.369       613.78          1158.11        2565.03         4017.68         5500.00  
    0.375       517.50          1116.05        2601.55         3969.81         5500.00  
    0.381       466.69          1137.97        2597.28         3952.66         5500.00  
    0.388       397.37          1191.69        2588.65         3962.60         5500.00  
    0.394       288.43          1154.55        2583.89         3992.67         5500.00  
    0.400       198.06          1180.95        2517.71         4062.87         5500.00  
    0.406       216.46          1184.34        2476.92         3998.63         5500.00  
    0.413       88.07          424.42        1613.52         3082.04         4594.96  
    0.419       0          0        1139.33         2617.02         4079.69  
    0.425       0          0        1200.16         2541.27         3966.07  
    