0.025       693.07          1383.63        2773.91         3508.01         4850.91  
    0.031       736.29          1301.80        2668.38         3523.84         5085.38  
    0.038       730.37          1260.76        2627.28         3650.21         4957.06  
    0.044       721.69          1270.42        2541.18         3684.61         4942.85  
    0.050       722.48          1265.11        2519.59         3661.10         4972.26  
    0.056       716.96          1267.10        2532.71         3744.40         4975.15  
    0.062       711.81          1266.26        2531.03         3763.92         4956.47  
    0.069       706.63          1270.78        2546.98         3777.79         4949.60  
    0.075       744.66          1269.01        2544.79         3740.25         5002.34  
    0.081       773.60          1270.05        2519.76         3756.57         4817.31  
    0.088       770.04          1241.21        2471.35         3760.95         4924.76  
    0.094       777.94          1229.36        2507.48         3767.91         4990.27  
    0.100       743.72          1266.27        2569.82         3758.80         4796.93  
    0.106       727.40          1265.17        2543.32         3724.07         4419.26  
    0.113       722.91          1253.05        2461.84         3718.65         4394.75  
    0.119       733.66          1246.85        2469.26         3705.52         4801.71  
    0.125       733.97          1246.88        2445.11         3715.78         5033.82  
    0.131       732.26          1233.55        2417.88         3733.19         5043.74  
    0.138       739.96          1233.78        2390.89         3676.36         4917.77  
    0.144       743.36          1238.13        2385.87         3653.23         4697.13  
    0.150       748.06          1226.87        2376.96         3614.31         5449.24  
    0.156       746.77          1220.32        2378.00         3585.53         5500.00  
    0.163       743.57          1215.16        2387.86         3614.27         5500.00  
    0.169       750.17          1217.00        2412.85         3620.65         5179.95  
    0.175       754.23          1223.78        2447.46         3638.53         4934.99  
    0.181       761.73          1234.77        2420.94         3611.27         4296.01  
    0.188       759.44          1225.40        2410.36         3599.62         4141.62  
    0.194       752.99          1225.12        2415.39         3602.34         4323.71  
    0.200       753.84          1229.70        2418.09         3604.47         4248.98  
    0.206       756.97          1232.23        2419.78         3608.37         4293.86  
    0.213       752.42          1221.84        2416.00         3584.86         4159.18  
    0.219       752.89          1224.31        2413.22         3570.79         4113.53  
    0.225       755.54          1217.28        2415.32         3554.61         3920.78  
    0.231       754.14          1216.02        2414.40         3549.01         3851.28  
    0.238       758.13          1230.88        2413.98         3552.72         3991.98  
    0.244       752.54          1231.61        2410.23         3554.52         4007.91  
    0.250       741.66          1231.52        2414.76         3559.24         4221.28  
    0.256       729.83          1229.35        2406.54         3546.11         4089.19  
    0.263       727.40          1231.06        2389.81         3532.82         4049.42  
    0.269       722.75          1230.09        2367.86         3529.12         4269.78  
    0.275       711.54          1224.04        2347.81         3524.29         4453.94  
    0.281       709.33          1227.28        2337.00         3536.18         4559.29  
    0.288       701.12          1232.59        2346.84         3516.20         5441.94  
    0.294       698.94          1237.80        2346.79         3532.23         5159.56  
    0.300       699.79          1234.73        2355.92         3550.27         5477.45  
    0.306       705.61          1215.61        2359.89         3574.22         4790.14  
    0.312       702.03          1220.85        2355.60         3583.48         4729.41  
    0.319       701.75          1225.75        2353.59         3579.70         5137.16  
    0.325       694.35          1226.98        2351.82         3624.57         4976.52  
    0.331       716.89          1236.07        2353.52         3625.92         4669.99  
    0.338       676.82          1238.10        2368.14         3641.65         4829.91  
    