0.025       0          411.86        1903.42         3095.85         4213.03  
    0.031       248.20          1121.92        2496.60         3647.74         4905.25  
    0.038       645.52          1545.81        2940.03         3940.67         5500.00  
    0.044       822.34          1372.18        2901.74         3817.60         5500.00  
    0.050       804.45          1332.16        2924.66         3832.51         5500.00  
    0.056       771.66          1301.77        2921.99         3773.95         5500.00  
    0.062       771.81          1293.58        2935.78         3740.77         5500.00  
    0.069       782.99          1300.99        2941.87         3720.23         5500.00  
    0.075       795.61          1327.65        2924.07         3669.47         5500.00  
    0.081       805.08          1330.52        2893.81         3696.50         5500.00  
    0.088       808.80          1310.87        2866.09         3773.82         5500.00  
    0.094       811.63          1318.32        2876.95         3744.26         5500.00  
    0.100       817.19          1358.53        2897.16         3688.01         5500.00  
    0.106       810.78          1352.58        2886.10         3694.11         5500.00  
    0.113       806.33          1324.46        2865.15         3736.14         5500.00  
    0.119       810.73          1318.13        2865.75         3747.91         5500.00  
    0.125       810.82          1306.81        2869.01         3712.27         5500.00  
    0.131       808.53          1292.17        2864.83         3732.05         5500.00  
    0.138       809.46          1287.68        2873.17         3770.34         5500.00  
    0.144       813.10          1296.89        2886.29         3813.52         5500.00  
    0.150       816.48          1306.28        2889.49         3804.27         5500.00  
    0.156       814.22          1311.30        2885.83         3765.39         5500.00  
    0.163       805.70          1310.54        2883.75         3779.44         5500.00  
    0.169       799.93          1301.18        2881.89         3802.31         5500.00  
    0.175       802.26          1288.80        2876.93         3807.86         5500.00  
    0.181       807.15          1283.88        2875.36         3847.90         5500.00  
    0.188       806.06          1284.51        2876.44         3856.71         5500.00  
    0.194       801.72          1285.39        2872.71         3824.57         5500.00  
    0.200       798.32          1286.97        2861.49         3830.79         5500.00  
    0.206       796.89          1288.26        2851.60         3868.71         5436.04  
    0.213       795.03          1288.25        2840.44         3857.27         5445.05  
    0.219       799.54          1291.73        2822.28         3807.88         5500.00  
    0.225       801.08          1295.42        2814.42         3810.43         5500.00  
    0.231       794.67          1296.45        2830.52         3831.49         5369.35  
    0.238       791.18          1295.26        2853.70         3799.00         5191.86  
    0.244       791.57          1298.65        2864.16         3778.58         5133.15  
    0.250       787.84          1312.43        2862.37         3779.44         5051.53  
    0.256       780.99          1330.47        2855.17         3788.00         5261.24  
    0.263       779.65          1336.43        2851.75         3798.08         5500.00  
    0.269       781.01          1325.89        2859.39         3825.67         5500.00  
    0.275       787.23          1309.93        2842.62         3847.77         5500.00  
    0.281       796.17          1304.34        2826.22         3835.95         5500.00  
    0.288       799.90          1305.46        2844.37         3827.42         5500.00  
    0.294       797.19          1299.83        2869.57         3844.93         5500.00  
    0.300       789.05          1306.59        2886.52         3836.00         5500.00  
    0.306       773.20          1320.59        2891.15         3822.92         5500.00  
    0.312       760.63          1335.61        2898.50         3878.09         5500.00  
    0.319       742.79          1329.16        2901.33         3902.55         5500.00  
    0.325       732.60          1313.82        2886.74         3879.69         5500.00  
    0.331       339.70          1005.51        2033.35         3348.87         4636.09  
    0.338       0          726.83        1314.43         2929.43         3920.76  
    0.344       0          748.35        1325.80         2906.54         3900.17  
    0.350       0          771.02        1331.04         2866.48         3858.57  
    0.356       0          714.99        1329.12         2888.31         3869.29  
    0.363       0          801.97        1291.08         2946.80         3883.82  
    0.369       0          884.77        1295.80         2950.47         3907.91  
    0.375       0          981.45        1335.96         2927.32         3893.51  
    0.381       0          981.66        1662.19         3035.34         3869.35  
    0.388       0          907.34        1981.77         3129.43         3986.65  
    0.394       0          956.00        1977.76         3337.30         3960.36  
    0.400       0          1027.35        1932.21         3262.34         3837.02  
    0.406       0          1107.29        1946.47         3063.67         3870.53  
    0.413       0          1194.41        1983.66         3245.53         3833.75  
    