0.025       849.22          1326.59        2685.12         3591.08         5500.00  
    0.031       883.40          1225.78        2703.66         3798.13         5500.00  
    0.038       860.64          1222.45        2663.07         3889.91         5500.00  
    0.044       812.83          1254.35        2636.64         3902.61         5500.00  
    0.050       795.60          1485.30        2638.37         3941.89         5500.00  
    0.056       798.24          1602.22        2648.48         4053.43         5500.00  
    0.062       802.35          1481.75        2642.66         4004.87         4772.06  
    0.069       798.27          1425.25        2628.83         4036.30         4748.48  
    0.075       791.64          1411.43        2617.56         3998.36         4893.39  
    0.081       783.56          1394.44        2621.19         3950.42         4889.69  
    0.088       792.70          1401.82        2654.63         3915.72         4867.54  
    0.094       800.19          1397.96        2657.32         3981.61         4738.94  
    0.100       787.77          1387.20        2648.42         3969.55         4667.17  
    0.106       794.56          1376.00        2657.36         4001.18         4710.20  
    0.113       794.63          1381.73        2672.31         3973.07         5050.01  
    0.119       780.81          1372.29        2653.79         3898.48         5036.71  
    0.125       772.44          1373.83        2624.50         3934.87         4914.16  
    0.131       775.49          1388.18        2682.82         3935.54         4863.66  
    0.138       773.42          1383.14        2675.93         3881.69         4766.23  
    0.144       770.91          1384.39        2719.09         4006.65         5155.81  
    0.150       782.58          1405.50        2760.17         4006.45         5454.35  
    0.156       781.08          1390.21        2744.74         3969.38         4914.33  
    0.163       770.74          1370.38        2700.99         3921.12         4845.83  
    0.169       765.08          1383.49        2617.31         3921.62         5000.01  
    0.175       774.35          1401.50        2650.25         3932.86         5225.59  
    0.181       777.90          1423.71        2681.31         3987.83         5396.27  
    0.188       765.21          1418.57        2599.81         3962.73         5092.70  
    0.194       776.77          1434.62        2638.45         3913.16         5037.68  
    0.200       779.00          1444.26        2686.12         3902.07         5085.62  
    0.206       777.76          1447.01        2686.33         3972.23         5063.56  
    0.213       765.93          1438.09        2615.26         3961.41         5024.91  
    0.219       771.03          1464.78        2619.90         3940.02         4890.16  
    0.225       776.90          1498.44        2673.87         3921.45         4855.13  
    0.231       766.74          1468.35        2629.73         3951.21         5076.72  
    0.238       760.55          1448.62        2614.15         3972.17         5259.48  
    0.244       758.07          1450.07        2616.37         3958.42         5052.01  
    0.250       761.36          1466.63        2644.19         3893.19         4754.52  
    0.256       768.95          1503.95        2724.00         3793.40         4731.35  
    0.263       763.53          1513.44        2740.43         3835.83         5363.50  
    0.269       757.12          1533.38        2686.64         3930.50         5500.00  
    0.275       745.82          1504.95        2628.84         3960.11         5500.00  
    0.281       760.62          1575.19        2680.97         3982.91         5500.00  
    0.288       764.33          1663.81        2781.69         4011.44         5500.00  
    0.294       760.26          1702.81        2873.28         4064.22         5500.00  
    0.300       760.81          1610.55        2893.60         4041.27         5500.00  
    0.306       759.34          1556.42        2813.80         3968.67         5500.00  
    0.312       759.48          1516.58        2696.47         3941.14         5500.00  
    0.319       760.01          1473.65        2654.73         3959.32         5500.00  
    0.325       758.21          1477.46        2645.06         3976.71         5500.00  
    0.331       752.40          1473.80        2646.48         3972.31         5500.00  
    0.338       745.42          1432.95        2638.79         3970.71         5125.47  
    0.344       744.88          1428.31        2660.95         3959.58         4967.51  
    0.350       749.68          1460.67        2681.06         3902.94         4988.71  
    0.356       747.04          1456.35        2687.49         3929.85         5409.89  
    0.363       745.27          1459.91        2686.88         3974.39         5500.00  
    0.369       743.74          1453.79        2686.65         3972.40         5500.00  
    0.375       737.40          1444.92        2685.68         3966.05         5500.00  
    0.381       742.58          1448.71        2689.87         3979.87         5500.00  
    0.388       747.73          1458.94        2685.23         3977.13         5500.00  
    0.394       748.39          1459.70        2690.91         3970.05         5500.00  
    0.400       746.59          1467.35        2722.03         3965.38         5500.00  
    0.406       734.37          1460.25        2744.14         3986.61         5500.00  
    0.413       724.68          1514.08        2739.67         3996.98         5500.00  
    0.419       717.36          1591.77        2697.14         4019.84         5500.00  
    0.425       700.71          1620.17        2611.73         3983.33         5500.00  
    0.431       650.62          1492.36        2684.85         3932.52         5500.00  
    0.438       634.30          1293.39        2742.98         3910.14         5500.00  
    0.444       113.39          794.38        1489.76         2987.71         4155.84  
    0.450       545.51          1074.96        2476.86         3653.45         5206.66  
    0.456       650.01          1086.28        2750.38         3826.71         5500.00  
    0.463       596.79          1020.67        2665.22         3726.11         5500.00  
    0.469       581.02          969.03        2615.39         3709.03         5311.89  
    0.475       524.94          1017.97        2607.34         3702.18         5283.73  
    0.481       455.22          1023.27        2689.19         3637.72         5115.44  
    0.488       445.21          1052.57        2769.56         3627.60         5152.39  
    0.494       596.98          1126.40        2777.85         3739.48         5440.64  
    0.500       666.92          1137.08        2696.44         3708.16         5137.30  
    0.506       120.91          794.92        1235.75         2938.39         4318.05  
    0.513       0          908.24        1237.88         2825.11         4058.74  
    0.519       326.06          1166.33        2360.92         3452.46         5237.99  
    0.525       421.33          1231.62        2629.18         3477.10         5222.22  
    0.531       544.53          1302.34        2739.43         3454.50         5132.58  
    0.537       539.64          1283.05        2468.35         3458.47         5132.21  
    0.544       95.47          228.52        1210.11         2667.99         3750.56  
    0.550       0          681.82        1083.52         2772.87         4323.09  
    0.556       0          561.01        1186.42         2941.25         4465.81  
    0.562       0          720.21        1385.57         3057.17         4093.73  
    