0.025       0          460.78        1809.29         2941.84         3999.83  
    0.031       0          803.21        1715.63         2919.83         3996.55  
    0.038       591.92          1293.96        2412.37         3497.37         4910.06  
    0.044       981.56          1435.84        2920.85         3883.52         5500.00  
    0.050       917.05          1367.06        2936.03         3863.59         5500.00  
    0.056       850.09          1323.31        2929.62         3802.57         5500.00  
    0.062       832.90          1310.39        2934.51         3777.55         5500.00  
    0.069       838.60          1319.51        2935.97         3756.02         5500.00  
    0.075       845.34          1347.57        2933.77         3711.41         5500.00  
    0.081       854.81          1353.42        2913.05         3748.92         5500.00  
    0.088       856.12          1332.53        2884.43         3822.29         5500.00  
    0.094       855.23          1338.72        2891.67         3769.74         5500.00  
    0.100       867.32          1387.40        2904.97         3713.93         5500.00  
    0.106       862.50          1376.85        2889.65         3720.09         5500.00  
    0.113       856.56          1347.27        2876.27         3760.16         5500.00  
    0.119       864.79          1338.61        2881.89         3784.42         5500.00  
    0.125       874.40          1325.40        2884.32         3766.53         5500.00  
    0.131       879.79          1307.71        2876.54         3772.65         5500.00  
    0.138       888.47          1301.95        2883.43         3785.68         5500.00  
    0.144       901.43          1310.35        2896.82         3842.96         5500.00  
    0.150       911.23          1319.36        2902.53         3856.56         5500.00  
    0.156       904.39          1325.49        2905.38         3818.78         5500.00  
    0.163       886.88          1323.56        2902.49         3805.94         5500.00  
    0.169       883.95          1314.16        2894.66         3816.36         5500.00  
    0.175       903.31          1301.82        2888.47         3830.90         5500.00  
    0.181       921.36          1296.18        2887.05         3870.83         5500.00  
    0.188       920.72          1294.98        2884.85         3873.14         5500.00  
    0.194       913.22          1294.08        2878.93         3841.74         5500.00  
    0.200       909.43          1293.54        2867.92         3839.25         5500.00  
    0.206       909.08          1291.80        2857.65         3875.86         5317.99  
    0.213       898.00          1290.86        2844.20         3861.59         5382.73  
    0.219       900.84          1292.43        2820.83         3819.35         5500.00  
    0.225       887.33          1296.17        2808.08         3821.16         5175.00  
    0.231       858.67          1299.84        2821.57         3840.33         4698.40  
    0.238       844.26          1299.79        2845.83         3803.51         4607.51  
    0.244       841.20          1303.98        2857.17         3785.38         4503.25  
    0.250       835.00          1319.01        2855.74         3784.30         4388.78  
    0.256       829.21          1337.27        2849.26         3794.20         4451.30  
    0.263       831.53          1343.49        2846.04         3808.86         4604.04  
    0.269       831.21          1332.36        2853.73         3856.92         4421.39  
    0.275       835.79          1315.08        2836.65         3880.35         4203.95  
    0.281       846.03          1311.51        2823.95         3856.01         4730.82  
    0.288       851.79          1318.23        2840.83         3837.94         5261.91  
    0.294       847.46          1315.26        2861.94         3857.75         4897.57  
    0.300       839.85          1320.98        2868.88         3850.60         4624.68  
    0.306       827.95          1330.35        2867.25         3842.85         4347.10  
    0.312       816.79          1347.18        2875.04         3913.27         4108.39  
    0.319       801.54          1338.98        2878.68         3936.53         4336.63  
    0.325       798.22          1328.91        2869.06         3903.29         5109.36  
    0.331       313.87          1016.96        1924.66         3277.23         4521.58  
    0.338       0          809.59        1324.54         2883.68         3922.68  
    0.344       0          840.60        1332.00         2816.83         3914.56  
    0.350       0          852.04        1331.36         2808.26         3880.84  
    0.356       0          852.47        1337.45         2816.18         3880.38  
    0.363       0          985.84        1344.62         2782.70         3875.76  
    0.369       0          1008.53        1344.77         2737.48         3878.19  
    0.375       0          1159.63        1463.60         2724.18         3881.09  
    0.381       0          1219.41        1774.50         2906.66         3879.34  
    0.388       0          1159.89        1936.69         3021.23         3910.65  
    0.394       0          1145.35        1879.65         3003.16         3875.87  
    0.400       0          1167.79        1859.57         2840.46         3850.99  
    