0.025       957.27          1277.76        3059.39         4202.44         4936.26  
    0.031       899.15          1289.58        3050.89         4196.07         4924.73  
    0.038       931.75          1278.91        3040.56         4242.73         4903.40  
    0.044       909.16          1277.49        3035.24         4257.14         4885.55  
    0.050       899.88          1292.77        3020.72         4306.12         5062.86  
    0.056       923.73          1290.22        2985.16         4511.18         4907.71  
    0.062       921.89          1290.41        2986.07         3732.55         4877.98  
    0.069       913.69          1287.97        3016.01         3875.32         4894.01  
    0.075       977.54          1268.61        2970.33         4258.74         5343.48  
    0.081       984.03          1294.00        2949.08         4350.83         4969.28  
    0.088       952.37          1327.93        2941.10         4133.44         4611.65  
    0.094       938.63          1344.59        2990.78         3851.94         4628.46  
    0.100       950.84          1353.10        2999.53         3700.38         4729.24  
    0.106       976.47          1348.89        3012.26         3922.00         4744.31  
    0.113       1009.50          1336.56        3027.74         4290.34         4811.57  
    0.119       1043.94          1321.28        3036.79         4050.75         4831.23  
    0.125       1090.48          1306.67        3059.85         3790.46         4815.76  
    0.131       1063.68          1316.24        3064.36         3622.58         4875.28  
    0.138       1012.23          1337.88        3048.59         3543.94         4971.32  
    0.144       1007.17          1343.84        3038.85         3568.24         5017.48  
    0.150       1008.63          1339.81        3053.31         3636.62         4967.76  
    0.156       992.57          1335.70        3057.48         3734.63         4978.57  
    0.163       969.69          1335.06        3058.52         3722.61         4998.36  
    0.169       968.80          1333.76        3066.68         3689.35         4980.10  
    0.175       969.82          1334.09        3061.14         3655.81         4951.60  
    0.181       995.34          1329.60        3052.01         3747.82         4931.58  
    0.188       1034.65          1316.11        3039.62         3767.54         5040.55  
    0.194       1005.77          1328.15        3027.90         3655.88         5094.45  
    0.200       976.24          1334.71        3024.74         3618.16         5108.93  
    0.206       982.87          1343.84        3026.86         3633.15         5125.22  
    0.213       990.62          1352.26        3034.94         3687.95         5071.33  
    0.219       1005.19          1350.54        3044.63         3781.08         5095.67  
    0.225       1015.48          1337.86        3039.82         3777.89         5088.47  
    0.231       1042.55          1312.43        3015.04         3681.68         5075.00  
    0.238       1125.07          1255.89        2995.22         3605.50         5038.30  
    0.244       1105.26          1290.54        2999.39         3551.55         5033.99  
    0.250       1089.47          1324.73        3021.11         3585.17         5029.14  
    0.256       1072.55          1353.04        3017.63         3684.22         5038.61  
    0.263       1077.10          1364.66        3014.01         3741.85         5019.73  
    0.269       1078.99          1365.71        3017.92         3825.23         5045.85  
    0.275       1043.41          1376.97        3020.55         3727.47         5016.28  
    0.281       1029.37          1374.66        3009.47         3662.80         5049.46  
    0.288       1057.82          1375.57        3007.23         3690.04         5029.08  
    0.294       1060.71          1362.93        3007.09         3721.80         4995.71  
    0.300       1019.61          1374.27        3011.57         3714.99         4969.11  
    0.306       1003.12          1394.72        3016.96         3666.34         4948.07  
    0.312       1033.69          1383.01        3020.02         3662.29         4951.28  
    0.319       1040.64          1355.37        3022.12         3743.08         4976.45  
    0.325       1056.33          1341.80        3020.41         3848.27         5056.28  
    0.331       1090.37          1328.75        3004.44         3907.54         5391.88  
    0.338       1071.97          1352.14        2992.62         3927.24         5500.00  
    0.344       1055.27          1350.71        2994.63         3960.85         5500.00  
    0.350       1053.50          1333.52        2994.26         4003.32         5375.07  
    0.356       1047.51          1353.70        2996.58         4088.59         5456.50  
    0.363       1023.77          1398.85        3004.38         4081.54         5308.79  
    0.369       1018.68          1452.39        3012.52         4026.29         5229.36  
    0.375       1018.49          1498.68        3012.47         4028.85         5254.42  
    0.381       1000.11          1498.63        3004.29         3860.91         5186.05  
    0.388       1002.38          1470.55        2997.68         3939.06         5308.15  
    0.394       1019.66          1422.25        2994.18         4205.71         5284.30  
    0.400       1014.36          1386.44        2984.25         4106.09         5205.21  
    0.406       1009.91          1358.40        2974.39         3764.99         5086.83  
    0.413       1009.56          1354.86        2968.74         3595.17         4996.03  
    0.419       983.07          1361.43        2957.19         3485.78         4992.89  
    0.425       945.42          1363.41        2923.24         3376.13         5048.21  
    0.431       914.94          1359.93        2910.60         3229.58         5022.08  
    0.438       878.05          1356.67        2860.96         3081.00         5011.14  
    0.444       864.48          1359.07        2745.11         3030.24         4998.63  
    0.450       864.09          1359.20        2889.02         2981.75         4947.08  
    0.456       850.05          1353.13        2924.88         3125.40         4911.92  
    0.463       819.89          1343.64        2918.93         3292.58         4998.93  
    0.469       792.85          1332.87        2963.33         3310.35         5379.00  
    0.475       775.30          1320.81        2977.67         3243.70         5163.89  
    0.481       755.29          1296.50        2992.37         3161.01         5018.96  
    0.488       728.74          1278.68        3001.42         3059.59         5026.42  
    0.494       693.39          1286.09        2983.63         3048.04         5072.99  
    0.500       648.46          1264.38        3005.86         3083.88         5120.91  
    0.506       585.47          1229.21        3006.82         3345.78         5405.13  
    