0.025       976.59          1163.26        2685.94         3950.20         5070.51  
    0.031       897.48          1156.70        2693.08         3908.88         5068.14  
    0.038       805.79          1142.04        2708.78         3338.48         5061.39  
    0.044       785.39          1127.55        2697.98         2971.24         5052.45  
    0.050       768.76          1116.12        2671.59         3167.11         5083.32  
    0.056       753.58          1106.53        2659.95         3346.79         5309.99  
    0.062       748.41          1102.94        2650.38         3419.35         5500.00  
    0.069       744.94          1094.86        2575.29         3041.76         5303.23  
    0.075       738.38          1085.78        2593.80         2781.99         5075.94  
    0.081       740.13          1093.71        2674.13         2789.64         5061.55  
    0.088       753.24          1099.29        2462.14         2728.27         5087.06  
    0.094       756.31          1093.32        2414.61         2728.21         5089.60  
    0.100       756.43          1098.51        2537.54         3427.30         4891.37  
    0.106       379.55          925.72        1797.58         3324.48         4384.05  
    0.113       373.02          912.18        1823.70         3107.93         4788.14  
    0.119       745.70          1073.29        2527.69         3343.71         5329.95  
    0.125       745.21          1059.46        2528.64         3136.54         5331.33  
    0.131       739.87          1049.39        2554.56         3289.31         5500.00  
    0.138       739.25          1049.03        2561.78         3305.78         5500.00  
    0.144       744.25          1049.15        2600.45         3209.57         5500.00  
    0.150       749.33          1043.78        2633.97         3323.18         5500.00  
    0.156       748.28          1037.34        2609.63         3482.89         5500.00  
    0.163       742.31          1036.55        2587.61         3387.42         5397.51  
    0.169       736.59          1033.06        2576.86         3314.56         5341.30  
    0.175       735.49          1026.53        2576.44         3281.36         5240.49  
    0.181       736.62          1024.20        2603.27         3202.25         5094.99  
    0.188       735.96          1024.61        2642.38         3128.76         5199.72  
    0.194       735.75          1024.90        2648.40         3173.03         5402.59  
    0.200       736.66          1030.28        2635.31         3219.84         5500.00  
    0.206       740.07          1035.20        2639.84         3121.66         5344.37  
    0.213       746.83          1037.89        2649.21         3063.48         5170.14  
    0.219       756.34          1046.85        2666.93         3081.94         5325.93  
    0.225       756.37          1061.80        2645.26         3151.52         5500.00  
    0.231       748.14          1070.06        2429.85         3210.22         5500.00  
    0.238       745.26          1072.16        2262.11         3080.23         5313.70  
    0.244       743.64          1070.83        2269.24         2920.36         5127.35  
    0.250       738.77          1066.27        2236.71         2968.00         5154.68  
    0.256       733.94          1056.23        2194.27         3077.12         5149.61  
    0.263       732.51          1043.15        2190.69         3068.41         5127.17  
    0.269       731.72          1044.56        2026.33         2938.11         5139.20  
    0.275       363.96          889.79        1449.34         2773.91         5120.22  
    0.281       0          733.37        1047.86         2696.65         5098.79  
    0.288       369.62          893.53        1497.15         2704.95         5132.53  
    0.294       734.97          1049.21        2065.97         2727.06         5202.35  
    0.300       734.15          1049.83        2150.98         2734.68         5222.62  
    0.306       734.79          1050.44        2296.23         2752.15         5354.81  
    0.312       366.00          890.91        1756.91         2735.52         4533.64  
    0.319       0          734.13        1045.47         2687.56         3542.49  
    0.325       366.95          887.84        1839.08         2843.53         4323.54  
    0.331       728.85          1037.17        2604.48         3080.08         5098.65  
    0.338       727.16          1038.97        2637.82         2951.91         5102.81  
    0.344       726.76          1041.01        2694.88         2777.98         5180.96  
    0.350       361.53          881.27        1868.26         2754.04         5130.21  
    0.356       363.33          884.27        1321.73         2843.21         5060.15  
    0.363       725.13          1039.83        1949.40         2896.03         5118.95  
    0.369       726.28          1049.26        2392.21         2794.47         5176.74  
    0.375       727.11          1052.22        2544.23         2913.76         5304.34  
    0.381       724.75          1035.38        2600.54         3204.37         5455.04  
    0.388       728.84          1042.33        2616.26         3042.29         5377.94  
    0.394       735.86          1051.56        2171.52         2685.44         5160.30  
    0.400       732.07          1035.46        2143.97         2657.33         5091.80  
    0.406       735.48          1033.62        2541.53         2784.64         5150.91  
    0.413       738.77          1037.87        2526.53         3034.18         5218.00  
    0.419       731.13          1028.01        2565.45         3284.04         5377.02  
    0.425       729.05          1030.19        2611.56         3363.88         5409.26  
    0.431       735.70          1050.88        2628.98         3122.55         5410.00  
    0.438       743.80          1058.77        2586.21         3075.14         5500.00  
    0.444       740.10          1045.07        2558.98         3337.50         5500.00  
    0.450       731.12          1031.03        2579.03         3446.38         5362.99  
    0.456       738.92          1031.27        2619.42         3477.81         5234.70  
    0.463       745.75          1038.31        2637.87         3258.84         5212.88  
    0.469       370.04          891.91        1839.09         2830.25         5176.39  
    0.475       374.17          891.35        1874.31         2821.30         5165.19  
    0.481       739.69          1030.50        2633.29         3128.54         5153.84  
    0.488       740.85          1032.63        2564.45         3365.80         5183.27  
    0.494       788.57          1061.60        2533.18         3463.19         5202.27  
    0.500       830.72          1093.20        2484.99         3443.54         5209.66  
    0.506       805.58          1119.65        2493.79         3441.51         5287.31  
    0.513       752.34          1091.67        2556.08         3820.82         5420.29  
    0.519       735.26          1057.03        2559.39         4137.78         5500.00  
    0.525       740.27          1060.18        2540.56         3667.87         5305.97  
    