0.025       717.27          1335.55        2703.12         4515.84         4958.09  
    0.031       713.49          1331.27        2707.33         4472.69         4960.89  
    0.038       654.37          1290.46        2719.48         4516.47         4911.61  
    0.044       582.98          1188.07        2664.74         4635.64         5188.39  
    0.050       276.17          876.58        1933.96         3731.12         5031.72  
    0.056       0          662.53        1306.01         3120.32         4686.54  
    0.062       348.29          996.20        2009.88         3506.69         4804.17  
    0.069       685.64          1301.78        2664.85         3627.07         4798.24  
    0.075       695.43          1318.60        2668.24         3644.08         4808.94  
    0.081       709.22          1353.67        2671.46         3655.28         4851.22  
    0.088       725.61          1411.88        2673.61         3665.55         4846.09  
    0.094       733.22          1445.17        2696.74         3668.13         4809.32  
    0.100       736.47          1466.56        2708.14         3661.14         4772.55  
    0.106       730.11          1485.55        2710.45         3640.53         4788.83  
    0.113       722.55          1503.32        2670.92         3641.43         4797.03  
    0.119       716.53          1462.45        2605.29         3695.87         4789.11  
    0.125       702.99          1388.49        2579.24         3742.59         4909.15  
    0.131       695.44          1368.09        2582.27         3790.37         5262.31  
    0.138       700.21          1374.05        2582.07         3850.58         5500.00  
    0.144       705.49          1377.42        2571.48         3854.69         5396.75  
    0.150       706.09          1372.08        2568.26         3833.19         5291.95  
    0.156       706.18          1358.49        2570.04         3804.67         5232.88  
    0.163       709.55          1344.31        2575.46         3804.06         5344.76  
    0.169       718.21          1348.87        2595.34         3854.23         5500.00  
    0.175       721.65          1352.22        2603.19         3874.87         5500.00  
    0.181       720.42          1345.19        2598.67         3844.15         5500.00  
    0.188       718.24          1332.39        2608.96         3833.87         5500.00  
    0.194       716.92          1315.27        2615.52         3865.96         5500.00  
    0.200       714.28          1305.45        2623.37         3891.43         5500.00  
    0.206       709.62          1296.90        2642.56         3883.38         5500.00  
    0.213       709.26          1284.88        2669.95         3867.72         5500.00  
    0.219       717.05          1276.89        2692.60         3869.34         5500.00  
    0.225       736.18          1276.91        2693.23         3951.55         5500.00  
    0.231       743.28          1274.92        2671.11         4046.02         5500.00  
    0.238       740.21          1264.80        2644.33         4004.11         5500.00  
    0.244       747.94          1263.44        2655.33         3962.48         5500.00  
    0.250       763.34          1273.10        2678.15         4006.81         5500.00  
    0.256       769.49          1271.54        2716.76         4058.96         5500.00  
    0.263       756.56          1251.41        2760.12         4027.17         5500.00  
    0.269       736.78          1231.74        2763.55         3914.41         5326.63  
    0.275       722.96          1220.11        2756.18         3855.84         5052.30  
    0.281       725.34          1216.02        2758.24         3909.16         4889.98  
    0.288       734.50          1213.37        2775.20         4006.00         4937.18  
    0.294       728.65          1201.35        2793.11         4007.20         5067.92  
    0.300       712.30          1188.57        2800.41         3905.39         5096.04  
    0.306       705.44          1181.71        2806.05         3837.48         5007.81  
    0.312       706.85          1178.38        2815.17         3826.09         4865.15  
    0.319       705.72          1178.08        2819.73         3799.25         4828.03  
    0.325       704.60          1180.61        2816.40         3743.46         4816.43  
    0.331       705.94          1185.06        2812.05         3736.89         4841.01  
    0.338       703.14          1182.46        2815.86         3778.53         4888.06  
    0.344       703.51          1182.97        2822.28         3837.14         5198.60  
    0.350       708.14          1191.18        2832.56         3868.12         5500.00  
    0.356       703.42          1184.16        2854.49         3943.49         5500.00  
    0.363       690.59          1171.80        2860.75         3946.16         5500.00  
    0.369       681.00          1172.03        2860.91         4028.27         5452.77  
    0.375       677.75          1176.77        2867.06         4451.23         5454.90  
    0.381       672.80          1188.27        2879.53         4570.32         5188.26  
    0.388       326.64          925.48        2036.30         3654.79         4845.44  
    0.394       0          667.97        1225.09         2931.17         4820.00  
    0.400       0          684.76        1238.40         3002.20         4783.20  
    0.406       0          704.54        1248.01         3168.54         4730.64  
    0.413       0          704.87        1230.82         3278.68         4696.73  
    0.419       0          708.68        1209.99         3379.08         4685.51  
    0.425       0          732.50        1212.67         3445.45         4725.05  
    0.431       0          749.80        1224.34         3327.09         4752.33  
    0.438       0          751.45        1227.77         3248.78         4768.40  
    0.444       0          762.24        1182.98         3315.96         4822.31  
    0.450       0          716.42        1106.55         3395.93         4866.93  
    0.456       0          620.27        1117.15         3404.54         4870.31  
    0.463       0          590.15        1172.40         3379.05         4819.90  
    0.469       0          561.27        1172.85         3408.92         4767.94  
    0.475       0          396.56        1162.16         3370.40         4784.25  
    0.481       0          259.66        1205.07         3148.64         4794.97  
    0.488       118.27          754.34        1996.70         3946.97         5152.67  
    0.494       230.27          1236.39        2864.28         4891.46         5500.00  
    0.500       232.16          1225.38        3092.34         4936.93         5500.00  
    0.506       232.48          1216.62        2987.52         4944.26         5272.20  
    0.513       112.47          726.50        2005.65         4089.54         4964.88  
    0.519       0          535.67        1222.73         3233.86         4845.29  
    0.525       0          592.75        1217.85         3068.14         4832.55  
    0.531       223.41          826.64        1995.34         3969.43         4913.28  
    0.537       425.22          1233.94        2729.11         4904.53         5242.36  
    