0.025       955.43          1196.67        2368.48         4609.29         5500.00  
    0.031       892.09          1210.51        2352.69         4411.72         5500.00  
    0.038       874.78          1235.93        2371.11         4308.01         5500.00  
    0.044       884.87          1255.51        2411.86         4285.39         5500.00  
    0.050       868.17          1256.07        2430.46         4174.76         5500.00  
    0.056       865.73          1239.24        2457.75         4037.52         5500.00  
    0.062       846.73          1230.95        2483.85         3954.06         5500.00  
    0.069       812.42          1229.27        2480.01         4053.76         5500.00  
    0.075       808.70          1224.38        2464.47         4131.53         5500.00  
    0.081       807.68          1220.38        2474.53         4030.45         5500.00  
    0.088       801.98          1217.34        2504.56         3950.75         5500.00  
    0.094       795.46          1213.99        2519.15         3982.48         5500.00  
    0.100       786.53          1211.61        2515.68         4036.84         5500.00  
    0.106       784.63          1211.49        2512.10         4052.99         5500.00  
    0.113       784.61          1215.32        2522.04         4024.40         5500.00  
    0.119       788.36          1216.25        2534.77         4012.56         5500.00  
    0.125       803.27          1213.21        2539.86         4050.66         5500.00  
    0.131       806.81          1213.98        2535.45         4042.58         5500.00  
    0.138       804.05          1212.49        2525.97         4084.31         5500.00  
    0.144       810.71          1206.38        2514.47         4132.69         5500.00  
    0.150       345.07          989.63        1762.94         3210.48         4698.11  
    0.156       0          828.81        1219.83         2557.26         4127.67  
    0.163       472.48          1053.03        2028.07         3463.02         4924.70  
    0.169       346.88          998.87        1812.88         3258.85         4720.96  
    0.175       487.52          1058.13        2022.58         3404.80         4928.05  
    0.181       839.65          1224.06        2610.60         3923.32         5500.00  
    0.188       834.67          1222.79        2609.14         3892.87         5500.00  
    0.194       841.95          1221.86        2604.29         3945.27         5500.00  
    0.200       851.79          1224.89        2610.00         3989.01         5500.00  
    0.206       848.12          1224.13        2631.84         3988.25         5500.00  
    0.213       835.29          1224.08        2642.18         3984.72         5500.00  
    0.219       828.55          1230.48        2644.36         4020.73         5083.30  
    0.225       833.39          1231.09        2640.37         4064.13         4918.86  
    0.231       840.89          1229.14        2638.52         4042.84         5297.95  
    0.238       848.20          1223.07        2643.11         3936.71         5500.00  
    0.244       857.56          1212.92        2650.15         3871.50         5500.00  
    0.250       867.59          1205.85        2658.35         3876.33         5500.00  
    0.256       876.82          1204.84        2664.55         3904.28         5500.00  
    0.263       874.59          1211.69        2670.86         3976.48         5500.00  
    0.269       868.31          1223.79        2659.88         3974.80         5500.00  
    0.275       869.67          1238.87        2620.07         4008.05         5500.00  
    0.281       369.05          1024.07        1814.28         3229.94         4699.74  
    0.288       487.13          1079.97        2033.42         3443.55         4912.47  
    0.294       833.78          1241.43        2616.44         4044.33         5500.00  
    0.300       824.28          1239.65        2619.14         4079.69         5500.00  
    0.306       824.53          1239.28        2616.07         4075.32         5500.00  
    0.312       826.85          1247.70        2605.66         3983.24         5500.00  
    0.319       834.52          1255.12        2586.07         3939.84         5500.00  
    0.325       355.37          1040.75        1814.64         3146.86         4647.93  
    0.331       0          860.21        1251.86         2582.39         4003.13  
    0.338       464.68          1077.78        2030.59         3385.50         4860.31  
    0.344       806.57          1253.06        2579.16         3942.54         5500.00  
    0.350       852.84          1254.43        2507.37         3963.68         5500.00  
    0.356       882.72          1250.71        2477.63         4028.00         5500.00  
    0.363       799.67          1219.67        2507.70         4024.09         5500.00  
    0.369       691.56          1188.16        2548.95         3996.83         5500.00  
    0.375       647.45          1208.29        2523.86         3988.25         5500.00  
    0.381       573.13          1266.48        2509.25         3976.49         5500.00  
    0.388       455.10          1258.80        2516.37         3985.05         5500.00  
    0.394       171.60          521.88        1790.91         3019.05         4677.71  
    0.400       163.71          731.76        1879.03         3287.67         4896.30  
    0.406       120.19          1225.83        1715.31         3050.90         4682.66  
    