0.025       0          0        0         1320.50         2865.23  
    0.031       475.70          793.29        1813.16         2536.77         4528.54  
    0.038       277.83          977.05        1840.05         2996.92         4411.02  
    0.044       0          793.29        1251.66         2865.05         3869.14  
    0.050       0          779.50        1252.55         2884.49         3953.49  
    0.056       0          784.92        1251.16         2900.51         3971.31  
    0.062       0          786.11        1268.02         2894.79         3983.91  
    0.069       0          792.99        1276.21         2900.34         3969.26  
    0.075       0          803.17        1265.95         2866.82         3955.00  
    0.081       0          808.99        1248.71         2843.70         3991.28  
    0.088       0          819.97        1228.58         2840.32         4002.85  
    0.094       0          824.18        1214.31         2839.00         3961.15  
    0.100       0          818.38        1206.17         2851.45         3958.02  
    0.106       0          812.51        1214.10         2868.73         3978.92  
    0.113       0          807.88        1215.84         2857.97         3949.33  
    0.119       0          806.05        1217.41         2849.24         3936.19  
    0.125       0          800.44        1222.66         2852.63         3961.28  
    0.131       500.47          1066.65        2248.22         3570.51         4937.09  
    0.138       795.94          1224.55        2843.11         3995.20         5500.00  
    0.144       794.73          1214.50        2818.46         3997.01         5500.00  
    0.150       789.27          1209.98        2796.80         3999.81         4916.16  
    0.156       789.32          1207.16        2782.82         4000.88         4464.99  
    0.163       790.83          1202.83        2761.21         3996.19         4669.08  
    0.169       787.15          1206.21        2765.65         3993.49         5036.31  
    0.175       784.24          1211.25        2782.52         3982.06         4731.21  
    0.181       788.36          1208.92        2788.97         3987.12         5124.37  
    0.188       792.79          1206.32        2769.04         3995.27         5500.00  
    0.194       795.38          1213.25        2763.65         3997.84         5084.33  
    0.200       802.24          1215.50        2773.82         3988.60         5257.23  
    0.206       808.63          1207.15        2778.25         3972.13         5500.00  
    0.213       798.22          1218.14        2775.12         3967.00         5234.43  
    0.219       793.36          1231.94        2778.20         3973.17         4966.05  
    0.225       797.07          1234.82        2784.91         3961.23         4786.01  
    0.231       798.04          1235.24        2794.68         3961.68         4632.75  
    0.238       799.71          1239.06        2808.63         3969.92         4649.06  
    0.244       799.21          1239.51        2813.47         3962.42         4480.31  
    0.250       798.54          1236.94        2813.05         3968.16         4272.87  
    0.256       805.42          1239.67        2822.05         3965.16         5029.02  
    0.263       808.59          1248.41        2820.73         3941.52         5500.00  
    0.269       803.81          1251.28        2820.88         3933.59         5500.00  
    0.275       801.42          1247.29        2817.83         3947.21         4919.37  
    0.281       799.60          1244.05        2814.60         3971.15         4596.44  
    0.288       800.31          1240.24        2814.16         3963.78         5170.34  
    0.294       794.16          1247.93        2813.16         3904.76         5500.00  
    0.300       291.26          956.57        1820.11         3201.23         4477.51  
    0.306       0          780.23        1239.43         2811.79         3895.46  
    0.312       485.21          1068.13        2238.64         3537.10         4911.65  
    0.319       765.84          1231.80        2816.74         3939.15         4848.84  
    0.325       764.71          1228.11        2805.82         3917.92         5119.69  
    0.331       767.66          1225.57        2804.48         3914.80         4836.10  
    0.338       283.62          943.95        1816.68         3221.26         4117.85  
    0.344       0          779.89        1254.78         2827.97         3901.74  
    0.350       0          784.55        1268.85         2837.42         3921.42  
    0.356       0          793.49        1275.84         2855.17         3939.99  
    0.363       0          795.56        1280.59         2869.59         3922.46  
    0.369       0          787.83        1285.36         2886.42         3940.23  
    0.375       0          796.61        1298.95         2902.96         3925.73  
    0.381       0          818.93        1290.60         2887.86         3978.70  
    0.388       0          838.34        1283.97         2906.15         4003.00  
    0.394       0          837.44        1383.12         2949.14         3952.42  
    0.400       0          841.44        1441.03         2963.01         4032.86  
    0.406       0          865.41        1477.44         2952.86         4067.71  
    0.413       0          883.74        1386.54         2887.39         3944.21  
    0.419       0          695.64        1345.64         2867.14         3925.78  
    0.425       0          806.09        1368.62         2889.03         3965.27  
    0.431       0          766.27        1343.81         2905.51         4021.44  
    0.438       111.43          1068.53        2396.78         3521.39         4965.27  
    