0.025       0          1054.98        1368.35         2856.13         3621.45  
    0.031       0          973.81        1343.92         2855.41         3806.88  
    0.038       524.39          1144.13        2247.95         2887.07         4008.21  
    0.044       856.60          1283.41        2879.45         3259.69         4072.68  
    0.050       844.45          1283.03        2904.39         3411.48         4082.97  
    0.056       830.91          1291.19        2862.84         3290.24         4070.73  
    0.062       831.31          1293.52        2828.35         3395.16         4036.01  
    0.069       842.72          1293.72        2821.53         3796.01         4172.35  
    0.075       847.54          1286.63        2831.12         3713.52         4140.01  
    0.081       857.63          1270.59        2825.00         3346.88         4058.65  
    0.088       864.33          1256.57        2803.39         3362.31         4038.32  
    0.094       861.52          1246.99        2832.34         3578.30         4029.44  
    0.100       859.64          1247.46        2866.79         3870.42         4048.29  
    0.106       857.09          1248.85        2866.32         3865.38         4029.46  
    0.113       854.66          1249.14        2860.62         3749.38         4012.61  
    0.119       848.21          1254.44        2849.81         3564.57         4039.23  
    0.125       843.78          1257.99        2816.36         3404.11         4069.21  
    0.131       848.26          1261.25        2807.72         3498.38         4077.41  
    0.138       847.61          1255.93        2788.77         3632.56         4076.05  
    0.144       842.70          1248.60        2766.60         3662.37         4081.29  
    0.150       840.34          1247.65        2759.27         3663.21         4087.89  
    0.156       840.52          1247.59        2732.64         3786.12         4067.30  
    0.163       841.36          1250.39        2733.61         3892.40         4034.78  
    0.169       840.70          1252.17        2739.32         3832.71         4027.86  
    0.175       841.88          1251.57        2747.28         3864.56         4043.44  
    0.181       844.01          1250.65        2731.53         3909.34         4045.35  
    0.188       844.18          1255.23        2714.61         3825.94         4069.96  
    0.194       844.72          1260.95        2722.65         3839.58         4066.12  
    0.200       844.65          1259.94        2729.61         3955.71         4042.01  
    0.206       832.22          1263.41        2718.73         3931.16         4019.32  
    0.213       824.95          1268.35        2712.97         3848.78         4018.29  
    0.219       829.52          1270.06        2697.22         3818.35         4043.82  
    0.225       833.29          1271.45        2707.66         3827.12         4063.13  
    0.231       835.40          1271.73        2737.71         3881.35         4052.24  
    0.238       835.39          1270.73        2745.79         3857.29         4041.88  
    0.244       832.87          1270.41        2733.53         3773.00         4052.64  
    0.250       837.88          1268.82        2742.14         3832.45         4044.83  
    0.256       842.29          1272.38        2751.74         3913.34         4021.79  
    0.263       836.68          1274.59        2755.34         3939.46         3989.41  
    0.269       833.50          1268.88        2748.41         3846.72         3997.04  
    0.275       832.82          1264.28        2735.61         3699.23         4033.77  
    0.281       836.87          1258.13        2742.59         3710.41         4036.81  
    0.288       839.95          1260.26        2769.71         3867.30         3988.54  
    0.294       832.70          1260.15        2784.46         3932.61         3940.27  
    0.300       827.76          1254.58        2790.36         3867.34         3944.53  
    0.306       823.17          1254.28        2790.44         3673.16         3992.71  
    0.312       816.62          1253.77        2772.57         3545.57         4003.54  
    0.319       812.38          1252.42        2760.26         3556.23         3968.29  
    0.325       810.73          1252.26        2753.57         3539.14         3949.34  
    0.331       811.30          1255.30        2738.90         3524.98         3964.42  
    0.338       321.80          997.03        1857.80         3089.49         3943.58  
    0.344       0          828.21        1289.76         2787.76         3936.04  
    0.350       0          828.50        1295.63         2812.14         3956.32  
    0.356       0          833.83        1299.42         2848.46         3937.21  
    0.363       0          847.23        1304.49         2859.12         3944.39  
    0.369       0          837.91        1304.79         2887.67         3943.21  
    0.375       0          851.25        1296.17         2866.51         3942.44  
    