0.025       0          893.39        1369.49         3089.11         3552.30  
    0.031       0          890.21        1345.44         2993.00         3698.76  
    0.038       0          934.45        1443.97         2936.56         3846.94  
    0.044       0          999.09        1650.39         2943.76         3930.41  
    0.050       0          1030.61        1695.59         2946.53         4011.22  
    0.056       0          1041.52        1694.99         2948.23         4073.75  
    0.062       0          1046.43        1770.82         2939.39         4122.03  
    0.069       0          1041.25        1805.07         2907.63         4116.06  
    0.075       0          1040.88        1836.23         2868.31         4118.12  
    0.081       0          1040.46        1911.47         2852.70         4120.01  
    0.088       0          1023.89        1888.86         2903.22         4083.16  
    0.094       0          1016.46        1810.14         2927.62         4114.29  
    0.100       0          1010.44        1798.55         2906.84         4144.72  
    0.106       0          1011.31        1839.75         2877.56         4160.86  
    0.113       0          997.40        1805.46         2882.11         4186.64  
    0.119       0          978.96        1787.39         2869.70         4156.78  
    0.125       0          979.87        1771.08         2832.90         4119.08  
    0.131       0          1001.75        1769.57         2825.42         4141.87  
    0.138       0          1005.75        1723.37         2828.42         4153.58  
    0.144       0          1011.39        1779.95         2870.75         4174.88  
    0.150       0          1010.13        1876.33         2897.66         4229.96  
    0.156       646.15          1560.67        2479.64         3699.06         5068.57  
    0.163       341.55          1285.17        2161.45         3259.94         4539.50  
    0.169       0          978.34        1785.46         2865.33         4034.62  
    0.175       0          966.74        1706.61         2905.99         4028.97  
    0.181       0          962.00        1691.27         2895.39         4086.06  
    0.188       0          956.32        1733.94         2919.59         4123.30  
    0.194       0          946.57        1836.60         2961.78         4117.74  
    0.200       0          938.67        1883.94         2949.31         4117.91  
    0.206       0          936.64        1897.69         2898.94         4083.01  
    0.213       0          934.29        1875.92         2916.17         4032.59  
    0.219       0          935.41        1854.28         2965.93         4025.18  
    0.225       0          939.54        1916.08         2966.21         4046.21  
    0.231       0          946.14        1952.51         2911.03         4066.44  
    0.238       0          965.89        1895.20         2914.65         4072.65  
    0.244       0          980.22        1930.48         2996.33         4177.71  
    0.250       0          980.88        1988.75         3025.27         4186.04  
    0.256       0          972.03        1988.38         3008.10         4133.38  
    0.263       0          965.50        1925.29         2928.82         4087.57  
    0.269       618.79          1327.89        2290.38         3520.00         4649.77  
    0.275       959.20          1761.04        2600.89         3965.48         5311.77  
    0.281       334.13          1303.80        2311.81         3354.36         4567.45  
    0.288       0          1003.97        2121.68         2866.91         4052.98  
    0.294       0          1016.43        1980.15         2809.32         4047.44  
    0.300       0          1029.60        2128.89         3011.22         4093.94  
    0.306       665.73          1078.95        2306.29         3464.80         4338.20  
    0.312       351.90          1000.22        2210.71         3032.20         4143.11  
    0.319       0          942.95        2054.23         2938.45         4122.03  
    0.325       0          948.51        1976.73         2987.05         4184.53  
    0.331       0          958.17        1931.33         2871.44         4124.10  
    0.338       0          986.87        1749.99         2769.92         4011.36  
    0.344       0          647.40        1289.30         2679.02         3971.80  
    0.350       0          618.73        1112.02         2711.31         3862.38  
    0.356       0          637.26        1108.71         2609.01         3647.55  
    0.363       0          449.57        1137.30         2365.68         3551.33  
    0.369       220.96          966.69        1832.01         3074.20         4823.58  
    0.375       116.80          875.99        1576.77         3470.29         4383.13  
    0.381       0          894.17        1174.26         3395.11         4109.25  
    0.388       0          351.85        1096.76         2744.01         3706.87  
    0.394       0          709.53        1475.38         3085.40         3494.31  
    0.400       0          989.43        1429.64         3337.02         3758.59  
    0.406       0          895.26        1402.85         3489.11         3701.74  
    0.413       0          973.77        1540.46         3604.05         3731.02  
    0.419       0          1105.54        1571.17         3515.36         3778.00  
    0.425       0          1090.80        1774.72         3396.39         4901.51  
    0.431       0          1037.34        1806.48         3368.23         4574.26  
    0.438       0          1021.91        1648.02         3292.61         3758.53  
    0.444       0          352.87        1352.06         1952.14         3488.63  
    