0.025       774.33          1242.95        2370.86         3564.44         4100.29  
    0.031       771.43          1238.97        2372.24         3563.18         4076.54  
    0.038       764.41          1278.94        2394.79         3573.11         4116.73  
    0.044       762.71          1323.92        2421.74         3586.16         4199.77  
    0.050       762.98          1332.64        2433.43         3598.66         4154.69  
    0.056       761.18          1344.93        2428.95         3607.07         4120.88  
    0.062       761.50          1347.74        2408.73         3602.70         4140.56  
    0.069       766.45          1364.17        2409.34         3590.99         4153.76  
    0.075       772.69          1369.67        2424.67         3587.79         4147.59  
    0.081       773.20          1343.96        2431.74         3589.71         4102.56  
    0.088       768.16          1337.49        2436.06         3603.10         4103.73  
    0.094       763.06          1363.48        2454.32         3619.35         4141.11  
    0.100       758.27          1362.91        2448.94         3618.11         4130.93  
    0.106       761.18          1364.34        2439.02         3620.97         4111.30  
    0.113       767.43          1375.22        2445.39         3619.80         4100.66  
    0.119       769.98          1374.80        2443.13         3604.47         4078.59  
    0.125       768.04          1354.42        2434.03         3579.03         4041.22  
    0.131       769.39          1336.33        2432.97         3560.78         4067.17  
    0.138       772.92          1339.39        2432.57         3570.75         4120.79  
    0.144       773.65          1348.78        2429.59         3589.01         4152.50  
    0.150       769.99          1340.18        2424.60         3589.11         4115.78  
    0.156       763.52          1318.71        2431.39         3577.19         4035.18  
    0.163       756.62          1302.10        2428.25         3547.98         3988.10  
    0.169       753.44          1301.37        2421.26         3550.09         4000.55  
    0.175       753.68          1305.20        2420.22         3590.46         4009.53  
    0.181       752.91          1303.45        2410.58         3609.05         3987.07  
    0.188       754.83          1293.50        2389.44         3592.58         3982.41  
    0.194       759.74          1257.71        2365.21         3565.84         3983.37  
    0.200       761.88          1161.54        2347.63         3535.02         3980.26  
    0.206       762.19          1096.44        2345.05         3543.77         3995.57  
    0.213       761.96          1095.75        2343.27         3557.02         4022.66  
    0.219       755.98          1129.74        2350.84         3558.31         4029.15  
    0.225       742.93          1184.06        2358.89         3553.95         4014.10  
    0.231       733.45          1227.81        2356.66         3550.41         4016.86  
    0.238       729.36          1249.43        2348.45         3534.39         4002.27  
    0.244       730.47          1251.38        2345.06         3544.08         3996.29  
    0.250       736.04          1236.95        2349.82         3572.47         4078.88  
    0.256       739.87          1185.17        2353.58         3548.96         4067.86  
    0.263       749.14          1092.40        2354.29         3542.74         4007.39  
    0.269       761.23          1012.48        2351.43         3567.19         4063.90  
    0.275       754.32          1008.66        2345.95         3552.33         4070.33  
    0.281       741.94          1045.85        2345.12         3530.16         4053.84  
    0.288       743.86          1068.91        2350.55         3541.45         4264.43  
    0.294       742.87          1061.94        2349.97         3551.89         4267.52  
    