0.025       744.35          1374.96        2572.18         4934.06         4995.06  
    0.031       752.86          1364.95        2540.53         4673.24         5000.24  
    0.038       748.39          1350.71        2559.67         4531.66         5004.55  
    0.044       726.20          1335.93        2594.19         4503.94         4994.88  
    0.050       675.60          1318.48        2460.78         4514.73         4927.59  
    0.056       697.67          1324.65        2456.21         4534.04         5317.47  
    0.062       731.90          1337.65        2972.77         4207.18         4940.04  
    0.069       734.79          1345.13        2789.90         3841.42         4780.97  
    0.075       723.09          1346.67        2629.51         3692.28         4757.62  
    0.081       719.88          1340.55        2631.57         3665.33         4726.34  
    0.088       738.03          1356.75        2615.24         3680.48         4798.28  
    0.094       773.86          1396.95        2603.89         3698.65         4838.88  
    0.100       794.55          1422.24        2620.93         3706.29         4817.02  
    0.106       812.97          1441.73        2634.19         3700.69         4778.62  
    0.113       793.82          1475.15        2649.24         3680.32         4786.99  
    0.119       771.14          1513.23        2614.38         3678.88         4792.70  
    0.125       766.46          1475.31        2561.45         3729.50         4766.82  
    0.131       755.58          1412.06        2541.34         3774.64         4875.50  
    0.138       753.68          1388.17        2549.29         3793.30         4986.18  
    0.144       766.45          1392.20        2543.49         3856.48         5109.64  
    0.150       773.31          1393.20        2532.90         3863.75         5106.66  
    0.156       769.84          1391.34        2527.66         3849.50         5068.48  
    0.163       765.84          1381.59        2522.49         3833.57         5020.20  
    0.169       772.63          1366.49        2520.63         3824.15         5093.94  
    0.175       784.89          1363.33        2529.54         3859.46         5388.60  
    0.181       791.39          1367.73        2537.12         3891.12         5500.00  
    0.188       792.16          1370.48        2534.27         3876.18         5500.00  
    0.194       795.49          1362.19        2550.44         3884.31         5500.00  
    0.200       796.78          1345.06        2558.04         3897.87         5259.18  
    0.206       805.68          1331.50        2568.46         3909.46         5115.18  
    0.213       804.96          1321.75        2583.19         3898.63         5207.27  
    0.219       803.27          1312.19        2608.95         3917.09         5114.08  
    0.225       807.35          1303.87        2631.47         3934.99         4843.68  
    0.231       834.79          1300.31        2635.80         4009.74         5272.49  
    0.238       844.32          1291.92        2615.76         4116.31         4709.52  
    0.244       836.04          1287.35        2587.19         4026.52         4510.40  
    0.250       828.06          1297.08        2589.16         3963.16         4558.13  
    0.256       833.17          1308.12        2577.13         4028.43         4291.42  
    0.263       835.33          1309.32        2608.78         4069.06         4258.25  
    0.269       827.23          1298.97        2672.35         4082.62         4402.30  
    0.275       808.35          1286.30        2691.96         3951.93         4604.06  
    0.281       793.55          1278.79        2688.65         3861.39         4651.95  
    0.288       794.15          1278.51        2681.40         3872.38         4538.72  
    0.294       804.71          1281.31        2693.11         4008.34         4416.35  
    0.300       795.97          1272.29        2728.99         4117.34         4454.72  
    0.306       777.99          1258.11        2754.24         4064.78         4606.43  
    0.312       770.69          1247.77        2768.05         3971.36         4612.49  
    0.319       772.76          1242.38        2773.18         3908.98         4558.81  
    0.325       775.00          1237.37        2780.47         3893.59         4538.28  
    0.331       781.47          1237.60        2782.15         3842.45         4532.81  
    0.338       785.75          1240.43        2773.93         3818.46         4548.73  
    0.344       779.24          1235.37        2780.01         3848.73         4524.98  
    0.350       781.75          1234.61        2793.11         4087.64         4315.33  
    0.356       796.40          1245.66        2799.79         4008.48         5113.41  
    0.363       243.97          940.11        1721.29         3170.44         4496.05  
    0.369       0          786.74        1233.90         2833.24         4082.34  
    0.375       0          771.06        1223.43         2837.89         4220.14  
    0.381       0          771.66        1220.33         2827.06         4374.96  
    0.388       0          760.64        1221.66         2821.39         4638.61  
    0.394       0          737.42        1230.10         2819.77         4704.64  
    0.400       0          717.67        1238.56         2799.76         4650.77  
    0.406       0          710.79        1245.67         2735.27         4616.53  
    0.413       483.06          1086.09        1467.27         3777.36         4619.70  
    0.419       699.92          1236.32        1356.06         3867.44         4643.59  
    0.425       665.80          867.43        1228.66         4024.44         4742.40  
    0.431       197.74          728.67        1217.10         3981.34         4818.09  
    0.438       0          761.05        1230.28         3459.23         4738.26  
    0.444       0          772.20        1246.97         3230.62         4678.06  
    0.450       0          771.28        1254.93         3365.25         4770.37  
    0.456       0          772.05        1262.87         3631.68         4914.57  
    0.463       0          732.10        1237.63         3592.29         4952.62  
    0.469       0          693.80        1215.91         3518.68         4838.52  
    0.475       0          208.39        855.87         1908.54         4666.55  
    0.481       142.19          531.90        1037.86         3443.36         4908.20  
    0.488       228.73          1096.99        2095.55         4724.73         5359.25  
    0.494       230.52          1253.52        2337.40         4893.84         5199.03  
    0.500       222.10          1246.05        2387.07         4767.55         5048.54  
    0.506       223.55          1236.40        2781.45         4935.79         5054.67  
    0.513       226.93          1245.95        2550.02         4811.15         5083.18  
    