0.025       262.03          1592.84        2737.32         3741.41         5500.00  
    0.031       102.61          623.77        1904.96         3014.39         4617.42  
    0.038       624.28          1059.07        2108.96         3692.38         4870.04  
    0.044       1037.57          1745.50        2592.81         4389.18         5379.10  
    0.050       952.35          1588.26        2591.75         4392.95         5447.81  
    0.056       863.02          1428.53        2586.34         4562.17         5500.00  
    0.062       839.95          1398.12        2581.04         4186.10         5378.11  
    0.069       835.79          1402.93        2580.23         3861.41         5266.27  
    0.075       824.61          1396.89        2581.23         3788.44         5254.80  
    0.081       817.70          1379.46        2592.20         3712.57         5248.14  
    0.088       810.68          1365.07        2580.73         3660.17         5260.12  
    0.094       797.10          1350.80        2571.52         3675.46         5295.09  
    0.100       785.00          1344.17        2588.12         3706.44         5325.83  
    0.106       786.81          1355.86        2600.71         4000.27         5436.00  
    0.113       814.60          1390.48        2596.01         4610.23         5500.00  
    0.119       839.09          1413.69        2601.80         4870.30         5500.00  
    0.125       842.63          1375.75        2596.13         4449.02         5500.00  
    0.131       855.66          1335.04        2591.63         4035.01         5462.42  
    0.138       861.93          1322.47        2600.79         3980.79         5475.81  
    0.144       866.26          1345.78        2603.85         4286.87         5500.00  
    0.150       861.58          1348.28        2592.46         4418.78         5500.00  
    0.156       857.55          1337.76        2576.51         4286.52         5500.00  
    0.163       859.18          1328.22        2570.02         4082.76         5500.00  
    0.169       857.10          1325.79        2570.43         4104.23         5500.00  
    0.175       860.86          1315.33        2566.91         4035.24         5500.00  
    0.181       870.09          1270.80        2556.08         3851.24         5500.00  
    0.188       874.38          1244.78        2552.00         3773.00         5500.00  
    0.194       864.31          1255.38        2552.29         3785.13         5500.00  
    0.200       854.98          1279.56        2544.52         3823.22         5500.00  
    0.206       854.81          1320.47        2546.91         3937.64         5500.00  
    0.213       850.31          1327.90        2546.71         3982.08         5500.00  
    0.219       847.53          1325.46        2541.57         3959.54         5500.00  
    0.225       845.56          1332.06        2541.97         3909.99         5500.00  
    0.231       838.03          1327.63        2535.60         3787.07         5289.87  
    0.238       825.87          1326.54        2521.63         3679.31         5046.26  
    0.244       821.82          1340.01        2527.19         3749.67         4957.45  
    0.250       823.50          1339.67        2526.78         3685.14         4896.04  
    0.256       826.82          1320.04        2519.65         3613.70         4911.80  
    0.263       828.73          1308.02        2516.19         3603.21         4949.96  
    0.269       827.67          1298.67        2518.54         3610.70         4942.95  
    0.275       813.37          1301.99        2518.98         3589.14         4915.08  
    0.281       808.54          1313.70        2521.84         3617.30         4888.81  
    0.288       800.65          1320.70        2537.15         3631.19         4856.25  
    0.294       790.18          1308.89        2535.32         3641.35         4847.85  
    0.300       786.71          1310.63        2530.49         3739.37         4849.21  
    0.306       783.12          1348.02        2530.65         3947.44         4796.99  
    0.312       776.63          1355.05        2517.21         3771.40         4768.81  
    0.319       767.17          1334.75        2512.84         3590.33         4768.01  
    0.325       761.12          1328.39        2524.60         3599.82         4664.20  
    0.331       762.76          1340.71        2527.60         3599.41         4714.90  
    0.338       769.09          1344.90        2513.19         3846.79         4786.69  
    0.344       777.37          1370.36        2504.98         4177.02         5219.92  
    0.350       764.40          1329.86        2490.42         3889.55         5002.74  
    0.356       752.29          1282.39        2474.55         3751.28         4648.51  
    0.363       759.92          1294.72        2477.71         3927.54         4564.90  
    0.369       761.66          1303.90        2485.92         3809.64         4519.11  
    0.375       760.31          1315.32        2488.02         3747.93         4515.68  
    0.381       766.29          1340.18        2490.28         3842.50         4516.50  
    0.388       770.27          1354.30        2505.83         4043.51         4516.93  
    0.394       760.01          1323.52        2515.87         4024.93         4547.83  
    0.400       750.16          1296.30        2513.44         3855.96         4588.15  
    0.406       748.15          1297.65        2511.90         3772.42         4582.67  
    0.413       742.38          1296.53        2511.65         3807.60         4572.06  
    0.419       741.53          1295.09        2514.11         3877.26         4586.25  
    0.425       751.34          1313.04        2514.25         3919.96         4618.07  
    0.431       752.00          1313.56        2510.83         3818.26         4669.62  
    0.438       740.68          1292.54        2499.33         3607.77         4688.44  
    0.444       736.85          1282.50        2495.71         3538.86         4661.81  
    0.450       740.27          1301.96        2507.65         3609.67         4639.00  
    0.456       740.72          1328.01        2508.16         3725.52         4664.13  
    0.463       743.35          1351.77        2518.07         4027.86         4598.13  
    0.469       749.51          1372.28        2530.54         4375.77         4635.55  
    0.475       764.67          1390.17        2530.03         4480.33         5184.75  
    0.481       772.80          1374.28        2523.25         4476.55         4914.91  
    0.488       766.08          1335.92        2522.57         4249.33         4527.85  
    0.494       758.84          1315.79        2519.04         4024.04         4565.37  
    0.500       760.94          1325.81        2524.27         4029.04         4588.50  
    0.506       766.09          1350.26        2538.18         4329.97         4605.06  
    0.513       754.49          1353.25        2536.90         4200.80         4634.93  
    0.519       747.28          1337.67        2520.40         3988.47         4669.25  
    0.525       754.75          1346.55        2508.49         4113.41         4644.39  
    0.531       761.69          1385.06        2504.29         4376.07         4860.51  
    0.537       765.17          1407.36        2507.14         4477.04         5310.52  
    0.544       757.21          1369.76        2502.32         4421.43         4916.32  
    0.550       746.68          1340.65        2494.04         4289.10         4577.32  
    0.556       739.61          1338.99        2489.58         4235.80         4616.98  
    0.562       733.19          1339.33        2488.17         4306.73         4625.16  
    0.569       729.88          1340.15        2495.20         4205.20         4652.16  
    0.575       729.51          1349.59        2500.26         4135.76         4666.61  
    0.581       739.82          1370.16        2498.83         4334.83         4632.30  
    0.588       760.89          1412.53        2502.25         4487.05         5152.17  
    0.594       768.01          1418.99        2507.55         4506.68         4959.46  
    0.600       758.80          1405.15        2507.34         4317.59         4589.81  
    0.606       751.64          1415.35        2507.48         4138.01         4580.92  
    0.613       749.46          1415.77        2508.94         4114.01         4582.76  
    0.619       752.46          1409.02        2507.54         4135.17         4564.23  
    0.625       756.88          1405.25        2507.53         4205.35         4554.34  
    0.631       758.14          1409.90        2509.99         4297.53         4567.80  
    0.638       763.11          1422.57        2510.38         4286.70         4585.71  
    0.644       769.78          1440.39        2500.57         4297.43         4568.95  
    0.650       770.17          1473.38        2488.07         4313.45         4550.66  
    0.656       772.23          1519.54        2484.33         4361.98         4553.57  
    0.663       772.09          1524.96        2481.01         4359.54         4535.26  
    0.669       771.55          1496.36        2478.87         4311.61         4524.76  
    0.675       781.11          1474.25        2485.13         4430.19         4551.11  
    0.681       784.52          1439.38        2489.73         4479.83         4530.10  
    0.688       784.46          1413.61        2489.42         4402.00         4494.45  
    0.694       783.42          1423.16        2485.34         4405.14         4518.19  
    0.700       779.66          1427.21        2485.15         4450.41         4637.27  
    0.706       779.63          1418.54        2488.42         4470.36         4601.29  
    0.713       767.88          1386.37        2485.69         4450.89         4515.60  
    0.719       764.82          1373.97        2487.91         4420.54         4482.25  
    0.725       770.23          1377.60        2490.07         4428.38         4657.02  
    0.731       759.42          1380.07        2484.76         4427.87         5072.03  
    0.738       741.84          1384.29        2480.68         4410.41         5030.08  
    0.744       737.20          1389.94        2487.54         4409.66         4762.85  
    0.750       740.90          1401.04        2500.95         4406.80         5181.53  
    0.756       737.62          1439.35        2510.28         4380.79         5500.00  
    0.763       728.57          1467.47        2515.95         4402.62         5500.00  
    0.769       728.40          1449.17        2520.13         4457.59         5500.00  
    0.775       286.15          1000.78        1860.00         3289.48         4867.38  
    0.781       0          687.40        1352.60         2522.32         4428.85  
    0.788       0          590.89        1273.53         2561.23         4402.74  
    0.794       0          519.33        1255.47         2605.60         4527.25  
    0.800       0          446.65        1284.03         2600.72         4668.71  
    0.806       0          357.10        1302.88         2628.43         4747.60  
    0.812       0          290.34        1306.25         2648.95         4849.84  
    0.819       0          742.80        1827.63         2571.48         4888.61  
    0.825       0          1103.37        2242.40         2569.88         4838.11  
    0.831       0          446.13        1645.06         2450.69         3531.61  
    