0.025       1100.60          1479.15        2277.49         4397.85         5255.32  
    0.031       1105.31          1473.35        2282.79         4369.34         5143.71  
    0.038       1103.64          1482.58        2306.93         4224.63         5122.95  
    0.044       1059.03          1546.02        2322.07         3901.20         5101.24  
    0.050       1036.55          1543.06        2372.81         3695.48         5105.26  
    0.056       1057.65          1547.83        2452.42         3516.86         5119.71  
    0.062       1038.66          1532.70        2558.52         3798.05         5085.71  
    0.069       1024.98          1514.87        2508.51         3891.62         5077.81  
    0.075       1034.43          1516.14        2507.10         3839.37         5102.50  
    0.081       1050.32          1527.21        2550.12         3629.74         5105.26  
    0.088       1061.99          1569.50        2521.40         3473.57         5117.39  
    0.094       1075.69          1595.24        2463.57         3791.87         5101.25  
    0.100       1091.76          1696.44        2430.04         4133.20         5027.71  
    0.106       1087.69          1624.64        2479.20         4217.83         4971.08  
    0.113       1069.27          1572.92        2554.98         4281.64         5030.74  
    0.119       1065.48          1569.43        2570.51         4205.56         5076.14  
    0.125       1065.69          1593.34        2462.56         4015.53         5084.20  
    0.131       1080.43          1598.56        2440.35         3961.22         5097.69  
    0.138       1091.68          1656.35        2553.75         3973.48         5103.55  
    0.144       1068.09          1592.28        2629.66         4113.66         5035.31  
    0.150       1062.18          1604.85        2527.07         4000.84         5055.59  
    0.156       1062.06          1571.51        2433.10         4124.06         5106.46  
    0.163       1029.78          1515.15        2429.90         4157.60         5071.53  
    0.169       1016.97          1553.36        2481.53         4035.83         5028.81  
    0.175       1026.15          1522.57        2525.07         4134.14         5048.71  
    0.181       1011.66          1470.09        2501.89         4118.90         5045.90  
    0.188       1014.97          1460.31        2566.37         3923.81         5006.14  
    0.194       1013.11          1499.81        2663.25         3815.06         4970.31  
    0.200       1030.44          1541.59        2766.28         3976.06         4948.38  
    0.206       1038.38          1531.67        2655.30         4061.36         5079.20  
    0.213       1032.43          1520.68        2484.81         4110.27         5110.82  
    0.219       1003.64          1492.26        2425.32         4067.71         5094.39  
    0.225       1001.28          1453.71        2428.42         3957.28         5066.85  
    0.231       1021.50          1466.11        2400.39         3883.45         5131.67  
    0.238       1021.48          1487.01        2378.98         3888.57         5131.24  
    0.244       1029.21          1460.29        2402.73         3970.98         5080.10  
    0.250       1020.34          1449.36        2437.02         3933.58         5099.00  
    0.256       1039.06          1515.16        2488.38         3855.67         5136.94  
    0.263       1063.26          1618.19        2475.65         3893.42         5130.30  
    0.269       1049.37          1505.69        2334.41         4219.67         5161.95  
    0.275       1044.26          1452.75        2391.71         4270.38         5144.63  
    0.281       1095.38          1484.48        2375.06         4254.05         5176.76  
    0.288       1102.38          1537.93        2304.29         4286.96         5254.56  
    0.294       1106.63          1546.16        2295.99         4306.06         5298.03  
    0.300       1155.14          1569.98        2194.35         4420.15         5256.62  
    0.306       1162.91          1552.79        2047.67         4468.68         5222.12  
    0.312       1156.14          1538.64        2218.18         4421.38         5253.00  
    