0.025       939.28          1385.57        1774.39         4410.92         4992.02  
    0.031       564.91          1373.01        1709.07         4318.96         5043.80  
    0.038       435.43          1325.14        1691.20         4279.29         5088.03  
    0.044       441.71          1302.32        1545.97         4261.38         5089.10  
    0.050       574.75          1042.07        1444.34         4195.66         5105.91  
    0.056       627.95          875.36        1407.35         4192.42         5102.01  
    0.062       697.28          993.44        1484.76         4258.20         5069.83  
    0.069       837.63          1005.60        1500.09         4189.33         5061.58  
    0.075       818.32          1289.14        1743.38         4107.69         5137.28  
    0.081       811.24          1289.39        2269.84         4040.41         5302.00  
    0.088       830.88          1417.53        2523.62         3959.52         5472.57  
    0.094       897.78          1475.03        2677.05         4142.40         5500.00  
    0.100       904.26          1482.19        2648.53         4117.66         5500.00  
    0.106       884.53          1467.16        2613.40         4058.11         5188.76  
    0.113       864.63          1447.51        2648.44         4015.84         5168.50  
    0.119       853.78          1435.99        2682.23         4044.00         5192.73  
    0.125       845.73          1436.50        2638.67         4061.68         5184.93  
    0.131       836.73          1447.02        2597.43         4029.91         5225.40  
    0.138       825.84          1462.82        2611.84         4061.50         5380.27  
    0.144       811.16          1452.11        2617.52         4030.87         5196.73  
    0.150       806.97          1440.76        2584.24         4002.11         5133.94  
    0.156       803.04          1445.34        2600.21         4013.92         5252.20  
    0.163       797.69          1451.38        2605.93         4001.83         5252.46  
    0.169       803.27          1455.18        2559.79         3976.30         5313.86  
    0.175       810.63          1453.14        2496.23         3973.81         5471.85  
    0.181       802.96          1421.45        2439.37         3990.98         5500.00  
    0.188       797.00          1404.41        2412.96         3953.99         5500.00  
    0.194       799.80          1381.94        2406.63         3892.32         5500.00  
    0.200       806.17          1364.63        2446.61         3896.73         5500.00  
    0.206       815.30          1364.63        2532.31         3910.91         5500.00  
    0.213       820.81          1355.23        2574.37         3891.42         5500.00  
    0.219       807.40          1335.28        2554.77         3803.06         5500.00  
    0.225       799.05          1331.49        2528.87         3807.18         5500.00  
    0.231       795.44          1315.04        2500.18         3786.53         5500.00  
    0.238       790.37          1279.13        2473.83         3745.97         5500.00  
    0.244       790.64          1272.96        2448.80         3746.64         5500.00  
    0.250       790.70          1278.52        2427.96         3717.59         5500.00  
    0.256       783.03          1271.09        2417.92         3679.18         5407.99  
    0.263       778.85          1253.05        2406.64         3677.55         5374.97  
    0.269       773.64          1246.12        2416.49         3690.41         5393.91  
    0.275       776.34          1245.65        2427.17         3729.54         5483.46  
    0.281       774.14          1244.39        2392.57         3767.58         5400.83  
    0.288       765.00          1242.14        2373.33         3758.98         5353.43  
    0.294       757.68          1240.10        2391.75         3735.01         5335.96  
    0.300       764.27          1235.60        2393.90         3743.98         5293.17  
    0.306       776.58          1238.19        2370.27         3766.65         5282.20  
    0.312       793.08          1233.84        2380.85         3800.09         5279.92  
    0.319       798.10          1223.64        2398.79         3790.95         5247.50  
    0.325       788.64          1212.34        2379.14         3749.31         5203.52  
    0.331       775.09          1204.45        2362.34         3740.38         5174.85  
    0.338       762.11          1203.53        2363.53         3710.08         5203.92  
    0.344       757.42          1196.07        2352.30         3699.08         5216.39  
    0.350       773.93          1196.51        2357.16         3723.58         5193.07  
    0.356       778.60          1199.18        2329.06         3749.71         5153.31  
    0.363       776.02          1202.77        2333.52         3804.89         5154.18  
    0.369       762.35          1208.85        2384.80         3801.93         5184.84  
    0.375       755.56          1209.85        2379.08         3778.66         5187.07  
    0.381       754.82          1212.15        2347.81         3748.22         5133.05  
    0.388       754.22          1219.59        2370.03         3740.20         5053.84  
    0.394       760.40          1227.70        2395.68         3758.98         5195.01  
    0.400       775.28          1227.06        2400.13         3796.57         5455.35  
    0.406       776.46          1222.74        2466.09         3858.23         5012.97  
    0.413       770.18          1221.73        2488.53         3862.49         4746.29  
    0.419       785.32          1228.68        2064.47         3784.40         5372.21  
    0.425       796.52          1196.95        1744.32         3751.01         5500.00  
    0.431       129.57          856.76        1252.20         2320.08         4140.69  
    0.438       0          795.80        1171.57         2305.70         4011.70  
    0.444       0          783.06        1180.48         2188.59         4095.57  
    0.450       638.06          1012.95        1203.27         3723.16         5273.80  
    0.456       770.04          849.14        1230.49         3764.10         5309.36  
    0.463       576.90          882.73        1332.13         3772.79         5463.05  
    0.469       87.54          145.65        219.34         1385.85         1905.24  
    0.475       0          832.56        858.39         1763.36         3592.61  
    0.481       0          941.59        1099.65         1969.23         4067.08  
    0.488       219.65          1059.81        1432.90         3676.50         5267.74  
    0.494       308.80          1082.65        1567.87         3995.37         5500.00  
    0.500       51.60          488.86        1208.10         2014.60         4209.29  
    0.506       0          406.96        1164.49         1600.68         3920.83  
    0.513       0          397.17        1184.70         1716.14         3982.52  
    0.519       312.24          1060.20        1667.56         3665.15         5255.80  
    0.525       336.88          1200.48        1894.46         3860.16         5500.00  
    