0.025       869.61          1351.84        2941.51         3349.34         3791.93  
    0.031       870.57          1359.17        2919.59         3357.19         3789.35  
    0.038       873.82          1356.97        2982.92         3375.15         3887.21  
    0.044       870.57          1348.81        2967.64         3391.44         3963.11  
    0.050       869.32          1347.84        2947.10         3394.97         3941.37  
    0.056       870.31          1338.71        2845.81         3403.16         3835.43  
    0.062       870.57          1340.75        2821.34         3412.77         3843.90  
    0.069       869.63          1346.43        2841.18         3421.14         3905.60  
    0.075       857.84          1355.31        2870.11         3417.06         3851.09  
    0.081       845.28          1377.53        2899.68         3446.39         3852.22  
    0.088       839.81          1382.06        2877.09         3471.15         3886.31  
    0.094       841.38          1374.84        2847.84         3459.46         3894.55  
    0.100       847.40          1369.75        2884.44         3454.37         3953.22  
    0.106       854.94          1361.09        2917.90         3467.32         4049.62  
    0.113       864.56          1348.09        2886.81         3468.79         3984.62  
    0.119       879.12          1333.77        2850.89         3470.66         3931.30  
    