0.025       865.11          1487.54        2894.74         4235.10         5500.00  
    0.031       868.18          1245.08        2886.76         4091.62         4876.30  
    0.038       775.90          1227.96        2885.24         4023.74         4762.30  
    0.044       476.19          1255.95        2870.56         4025.62         4805.29  
    0.050       334.45          1291.62        2898.83         4104.79         4707.97  
    0.056       196.58          1284.18        3049.47         3910.61         4651.65  
    0.062       393.12          1268.08        2906.99         3870.29         4631.40  
    0.069       552.67          1275.20        2777.25         3852.90         5005.89  
    0.075       667.24          1303.88        2806.77         3845.63         5443.95  
    0.081       716.91          1328.56        2789.28         3833.48         5500.00  
    0.088       744.76          1339.78        2779.63         3809.06         5500.00  
    0.094       755.80          1333.25        2730.58         3800.20         5289.15  
    0.100       750.14          1318.02        2715.16         3796.94         5123.15  
    0.106       750.18          1305.84        2714.08         3788.08         5073.57  
    0.113       753.95          1300.62        2711.17         3782.16         5054.76  
    0.119       759.69          1294.57        2708.57         3794.36         5178.43  
    0.125       759.57          1287.95        2713.34         3811.47         5379.16  
    0.131       758.63          1287.68        2703.78         3780.71         5259.62  
    0.138       756.84          1287.46        2707.79         3765.89         5223.79  
    0.144       748.78          1280.92        2738.45         3786.27         5345.61  
    0.150       746.49          1281.74        2743.75         3812.62         5482.61  
    0.156       749.97          1269.36        2737.12         3839.04         5500.00  
    0.163       750.55          1264.83        2743.95         3783.57         5500.00  
    0.169       746.60          1262.58        2737.56         3771.74         5500.00  
    0.175       746.10          1256.96        2726.68         3791.53         5500.00  
    0.181       742.78          1249.68        2725.24         3792.69         5500.00  
    0.188       738.10          1252.25        2729.42         3812.02         5500.00  
    0.194       737.37          1253.46        2725.98         3801.11         5500.00  
    0.200       750.29          1261.49        2900.23         3783.82         5500.00  
    0.206       96.03          852.34        1495.91         3775.16         4355.10  
    0.213       0          766.51        1273.10         3743.67         3812.83  
    0.219       639.73          1188.65        2672.86         3747.63         5277.61  
    0.225       731.86          1246.36        3284.96         3758.53         5500.00  
    0.231       722.26          1243.46        3349.51         3742.46         5500.00  
    0.238       682.95          1227.07        2976.55         3739.57         5500.00  
    0.244       652.81          1215.57        2846.70         3742.12         5500.00  
    0.250       637.13          1214.16        2811.78         3746.01         5359.85  
    0.256       630.29          1212.86        2814.53         3753.93         5232.50  
    0.263       621.13          1215.36        2859.56         3753.84         5350.79  
    0.269       625.74          1220.15        2915.87         3762.62         4840.04  
    0.275       638.50          1215.00        2877.43         3769.44         4540.78  
    0.281       643.45          1207.19        2885.27         3757.29         4549.94  
    0.288       659.94          1212.60        2901.48         3751.07         4529.92  
    0.294       673.98          1211.53        2929.64         3772.31         4508.22  
    0.300       690.61          1219.54        3087.53         3779.70         4512.40  
    0.306       691.42          1225.65        3015.73         3776.21         4505.46  
    0.312       690.76          1223.79        2860.35         3795.49         4518.82  
    0.319       693.56          1215.57        2860.24         3779.65         4516.08  
    0.325       713.89          1219.80        3023.92         3750.13         4469.50  
    0.331       699.71          1218.84        2894.40         3742.60         4447.48  
    0.338       713.05          1215.91        2964.44         3765.98         4490.98  
    0.344       716.27          1225.72        2983.09         3763.73         4482.49  
    0.350       708.74          1224.64        3060.93         3756.71         4589.15  
    0.356       710.17          1230.07        3493.73         3747.30         4655.58  
    0.363       724.25          1229.74        3401.07         3765.12         4757.49  
    0.369       761.69          1223.89        3222.35         3800.99         4617.90  
    0.375       731.29          1237.89        3178.50         3808.66         4559.10  
    0.381       682.92          1220.70        3210.67         3844.30         4757.79  
    0.388       670.51          1218.57        3082.96         3798.15         4621.98  
    0.394       712.34          1232.18        3185.73         3737.98         4557.29  
    0.400       762.31          1242.47        3222.96         3726.61         4515.96  
    0.406       712.25          1217.44        3169.78         3735.15         4511.02  
    0.413       638.18          1228.99        3182.11         3772.74         4639.18  
    0.419       600.73          1214.92        2989.57         3815.44         5071.74  
    0.425       609.91          1183.65        2933.08         3843.27         5453.06  
    0.431       544.12          1171.61        2839.43         3855.55         4839.28  
    0.438       491.71          1178.92        2853.83         3818.64         4877.53  
    0.444       449.03          1181.73        2759.64         3776.81         4775.63  
    0.450       411.11          1184.76        2638.89         3798.58         4644.60  
    0.456       353.61          1205.28        2684.85         3816.65         4611.87  
    0.463       320.26          1211.38        2758.98         3813.09         4604.43  
    0.469       293.78          1233.31        2839.71         3845.79         4618.81  
    0.475       281.82          1203.86        2971.87         4057.38         4566.13  
    0.481       266.04          1138.30        2916.07         3894.74         4650.34  
    0.488       251.81          1155.37        2882.61         3854.92         4578.55  
    0.494       241.96          1193.14        2949.42         4204.27         4486.80  
    0.500       264.77          1201.78        2982.07         4107.74         5369.17  
    0.506       310.66          1192.22        3057.48         4164.04         5500.00  
    