0.025       721.23          1590.43        2632.23         4385.08         5500.00  
    0.031       190.37          947.85        1898.55         3398.63         4825.22  
    0.038       468.87          1399.94        2602.88         3879.39         5258.03  
    0.044       634.93          1554.72        2285.67         3849.30         5500.00  
    0.050       640.41          1254.26        2187.46         3645.04         5015.76  
    0.056       633.62          1238.40        2215.68         3632.55         4816.45  
    0.062       632.69          1242.89        2198.69         3645.80         4784.30  
    0.069       641.96          1190.76        2156.12         3596.80         4753.14  
    0.075       664.11          1130.55        2134.40         3661.18         4711.30  
    0.081       681.71          1156.30        2161.65         3746.52         4660.11  
    0.088       703.03          953.91        2158.42         3754.42         4562.18  
    0.094       715.65          954.12        2160.57         3649.88         4571.52  
    0.100       685.71          1144.37        2162.75         3663.02         4579.93  
    0.106       691.58          1088.64        2138.03         3677.60         4576.83  
    0.113       184.19          276.56        1091.98         2530.18         3886.88  
    0.119       0          534.35        1746.60         2969.53         3975.41  
    0.125       0          740.64        2114.85         3256.29         4126.65  
    0.131       0          746.71        2124.30         3392.57         4228.51  
    0.138       0          197.17        1097.58         2492.64         3853.54  
    0.144       515.96          962.59        1790.05         3247.50         4310.56  
    0.150       688.87          1377.63        2162.50         3642.84         4460.33  
    0.156       180.68          877.78        2139.80         2995.38         4158.47  
    0.163       0          693.56        2126.71         2667.15         4038.15  
    0.169       0          689.21        2146.53         2287.41         4024.46  
    0.175       500.87          1361.58        2146.65         3536.88         4317.11  
    0.181       670.57          1415.74        2135.71         3746.41         4499.56  
    0.188       666.23          1464.95        2138.18         3724.22         4419.82  
    0.194       660.49          1625.19        2140.99         3898.46         4276.89  
    0.200       656.45          1775.44        2148.61         3965.17         4430.86  
    0.206       173.07          965.95        2142.78         2806.50         4218.77  
    0.213       484.96          1574.90        2162.98         3425.33         4149.98  
    0.219       657.03          1858.36        2191.37         3780.02         4169.67  
    0.225       173.25          985.05        2104.70         2878.51         4088.82  
    0.231       0          679.47        2017.75         2561.07         4049.95  
    0.238       0          669.23        2006.07         2537.84         4046.80  
    0.244       0          676.55        2000.72         2563.84         4075.24  
    0.250       0          682.18        2000.92         2534.36         4065.49  
    0.256       0          680.98        2025.38         2465.24         4038.33  
    0.263       0          696.52        2014.32         2477.07         4030.65  
    0.269       509.31          1622.00        2115.02         3598.95         5112.12  
    0.275       690.76          1669.93        2166.79         3758.58         4864.25  
    0.281       712.92          1513.55        2187.74         3644.28         4701.08  
    0.288       726.34          1489.66        2186.17         3663.18         4649.52  
    0.294       730.49          1537.77        2197.87         3781.01         4625.03  
    0.300       730.66          1547.94        2189.49         3817.22         4611.19  
    0.306       708.04          1535.75        2172.70         3726.68         4633.00  
    0.312       687.46          1593.99        2164.10         3703.07         4470.96  
    0.319       680.76          1811.49        2130.58         3822.78         4275.83  
    0.325       677.62          1923.15        2093.50         3810.60         4291.44  
    0.331       676.35          2013.39        2117.60         3592.71         4303.62  
    0.338       679.23          1875.36        2094.14         3625.61         4265.94  
    0.344       707.87          1687.23        2078.30         3547.27         4294.45  
    0.350       739.21          1474.01        2104.31         3543.34         4386.53  
    0.356       197.14          957.24        2120.11         2810.56         4081.14  
    0.363       0          831.50        2122.32         2562.49         3987.03  
    0.369       450.07          865.23        2145.37         3494.52         3970.18  
    0.375       161.39          880.43        1481.24         2732.79         3924.15  
    0.381       661.19          934.84        2107.94         3492.97         5080.59  
    0.388       866.17          927.29        2475.30         3901.51         5500.00  
    0.394       784.85          972.58        2450.77         3818.75         5182.18  
    0.400       719.10          912.60        2340.26         3667.81         4818.22  
    0.406       591.24          910.97        2506.44         3620.98         4875.89  
    0.413       470.93          902.14        2633.63         3636.60         5104.22  
    0.419       445.92          909.03        2645.26         3655.29         5086.48  
    0.425       470.34          936.58        2625.97         3649.36         5079.04  
    0.431       423.20          931.57        2697.44         3650.95         5390.92  
    0.438       222.15          905.70        2732.59         3636.66         5174.97  
    0.444       357.90          882.05        2971.76         3628.79         5028.90  
    0.450       530.90          894.91        2984.44         3662.51         4958.92  
    0.456       561.30          874.62        2854.66         3558.77         4934.77  
    0.463       569.24          954.88        2755.44         3432.75         5045.89  
    0.469       613.18          1058.64        2833.35         3498.40         5150.02  
    0.475       651.44          982.85        2950.51         3382.46         5120.80  
    