0.025       394.01          1049.45        2757.42         3906.42         4579.77  
    0.031       272.03          1046.20        2657.88         3884.40         4652.57  
    0.038       69.96          344.88        1544.43         2907.18         4281.81  
    0.044       0          0        1036.04         2455.92         3993.82  
    0.050       0          0        1031.40         2450.69         3875.81  
    0.056       306.79          696.80        2028.99         3313.86         4658.38  
    0.062       599.04          1053.42        2639.38         3684.66         5107.68  
    0.069       646.73          1057.09        2688.55         3696.71         5160.80  
    0.075       626.72          1048.01        2687.23         3749.46         5136.93  
    0.081       401.11          1050.97        2750.17         3775.40         5373.78  
    0.088       428.70          1071.50        2825.97         3677.75         5379.94  
    0.094       532.29          1161.48        2774.65         3594.33         5183.35  
    0.100       605.93          1152.40        2805.61         3555.18         5098.70  
    0.106       209.12          372.46        1553.62         3157.01         4148.27  
    0.113       202.13          696.22        2291.05         3543.43         4590.56  
    0.119       302.55          1011.24        2936.37         3940.46         5029.50  
    0.125       332.59          926.46        2862.41         3724.48         5063.09  
    0.131       375.92          890.19        2811.69         3547.91         5107.53  
    0.138       415.42          910.49        2804.16         3522.27         5204.62  
    0.144       448.38          939.07        2800.62         3520.27         5286.93  
    0.150       487.64          981.00        2730.19         3527.59         5355.62  
    0.156       545.22          1022.20        2523.43         3551.69         5063.91  
    0.163       595.36          1037.01        2297.42         3573.13         4846.60  
    0.169       641.57          1024.26        2164.15         3569.76         4809.53  
    0.175       679.65          1037.41        2113.49         3550.66         4766.56  
    0.181       690.56          1115.80        2114.61         3551.01         4683.56  
    0.188       677.10          1215.64        2142.23         3551.12         4646.18  
    0.194       657.68          1394.70        2244.84         3534.32         4591.33  
    0.200       634.86          1402.61        2446.45         3522.70         4623.39  
    0.206       626.43          1365.79        2574.43         3586.25         5008.43  
    0.213       606.65          1237.91        2659.81         3618.34         5395.74  
    0.219       616.56          1405.05        2862.12         3681.32         5500.00  
    0.225       631.81          1568.13        3153.51         3765.57         5358.25  
    0.231       635.96          1635.46        2873.85         3671.80         4929.71  
    0.238       210.20          981.90        2004.97         3261.93         4021.10  
    0.244       0          651.35        1599.69         2974.04         3781.12  
    0.250       0          656.65        1541.29         2911.69         3906.91  
    0.256       437.94          1243.89        2411.19         3528.29         4984.82  
    0.263       670.37          1380.15        2673.54         3764.86         5500.00  
    0.269       678.58          1270.88        2653.78         3732.78         5500.00  
    0.275       675.39          1240.59        2660.19         3718.08         5500.00  
    0.281       682.25          1166.80        2573.75         3734.22         5500.00  
    0.288       226.62          839.46        1539.24         2986.81         4322.56  
    0.294       411.48          894.67        2143.15         3324.12         4919.65  
    0.300       564.17          983.56        2726.07         3675.52         5500.00  
    0.306       522.94          974.09        2767.67         3652.92         5500.00  
    0.312       516.76          969.76        2778.06         3633.77         5362.84  
    0.319       516.19          964.94        2765.55         3649.10         5258.80  
    0.325       524.15          963.68        2788.04         3663.98         5414.44  
    0.331       535.78          983.90        2876.14         3672.88         5500.00  
    0.338       538.86          996.25        3056.58         3830.71         5500.00  
    0.344       539.22          988.11        3130.66         4010.93         5500.00  
    0.350       532.29          986.78        3059.60         3925.31         5050.31  
    0.356       524.65          985.50        3001.30         3719.10         4711.48  
    0.363       526.12          976.48        3016.40         3678.04         5220.60  
    0.369       527.40          965.94        2989.96         3704.60         5500.00  
    0.375       527.31          961.88        3009.07         3698.78         5500.00  
    0.381       531.79          969.28        3003.28         3654.41         5405.81  
    0.388       527.68          982.25        2989.68         3688.97         5285.12  
    0.394       519.21          981.59        2992.88         3808.19         5208.22  
    0.400       513.45          984.36        3009.41         3790.90         5047.85  
    0.406       515.32          991.67        3059.66         3715.19         4974.08  
    0.413       517.67          979.29        3115.34         3645.44         4789.17  
    0.419       517.16          959.49        3138.72         3634.44         4672.66  
    0.425       520.88          956.94        3104.40         3665.35         4695.39  
    0.431       524.00          962.33        3076.98         3677.82         4709.42  
    0.438       517.61          967.92        2942.74         3647.39         4634.07  
    0.444       510.84          971.43        2803.89         3602.45         4560.70  
    0.450       513.45          977.32        2777.86         3596.31         4535.79  
    0.456       521.56          983.36        2791.69         3605.65         4505.56  
    0.463       516.62          973.08        2840.08         3641.36         4523.97  
    0.469       503.68          982.79        2886.64         3647.58         4642.83  
    0.475       492.35          1002.20        2842.56         3659.30         4728.97  
    0.481       494.31          1021.78        2800.81         3655.09         4640.68  
    0.488       511.86          1040.50        2781.77         3629.73         4540.40  
    0.494       516.17          1046.40        2773.73         3646.54         4541.53  
    0.500       489.02          1019.60        2779.84         3669.61         4705.90  
    0.506       475.04          959.03        2771.47         3695.38         4895.48  
    0.513       482.99          948.00        2772.83         3717.63         4841.07  
    0.519       485.88          944.64        2786.27         3719.09         4762.00  
    0.525       468.00          932.87        2757.83         3681.67         4837.64  
    0.531       427.95          950.02        2722.51         3644.19         4842.57  
    0.537       383.88          973.94        2734.54         3631.57         4852.78  
    0.544       357.10          979.99        2767.29         3632.80         4836.59  
    0.550       321.67          984.67        2787.93         3657.24         4821.03  
    0.556       285.50          1028.91        2689.90         3652.51         4944.50  
    0.562       263.27          1070.85        2728.86         3656.06         4940.62  
    0.569       239.12          1086.09        2956.27         3711.54         4904.98  
    0.575       224.72          1046.97        2898.94         3712.59         4921.26  
    0.581       73.33          338.92        1595.83         3112.47         4108.15  
    0.588       0          0        1019.40         2963.42         3729.27  
    0.594       0          0        1078.63         2893.74         3728.53  
    0.600       0          0        1023.50         2726.73         3700.18  
    0.606       340.88          705.47        2197.63         3336.75         4459.76  
    0.613       475.27          1087.06        2871.68         3651.59         4708.56  
    0.619       446.13          1100.81        2858.08         3667.23         4609.91  
    0.625       274.94          1095.46        2812.70         3725.15         4718.72  
    0.631       63.92          361.04        1643.54         3057.54         4095.95  
    0.638       0          0        1029.40         2626.00         3719.53  
    0.644       408.92          691.57        2207.93         3453.60         4488.08  
    0.650       374.80          1083.50        2869.83         3889.40         5096.01  
    0.656       162.48          1100.90        2872.75         4057.65         4863.97  
    0.663       38.00          362.21        1665.90         3177.70         4159.84  
    0.669       0          0        1079.20         2619.34         3820.37  
    0.675       0          0        1074.28         2534.39         3793.49  
    0.681       0          0        1075.47         2491.66         3781.25  
    0.688       0          0        1103.43         2560.01         3825.31  
    0.694       0          0        1152.55         2757.25         3940.01  
    0.700       0          0        1118.49         2733.44         3899.99  
    