0.025       641.77          1761.62        2531.59         3851.25         5057.47  
    0.031       217.71          597.59        1365.43         3028.87         4310.88  
    0.038       290.46          551.09        2006.31         3513.41         4694.33  
    0.044       482.80          829.18        2553.93         3941.03         5074.11  
    0.050       526.00          835.65        2541.27         3893.36         5038.99  
    0.056       557.19          856.40        3408.31         3912.73         4923.04  
    0.062       582.60          881.97        3828.47         3980.89         5129.97  
    0.069       591.33          904.17        3788.07         4014.62         5419.59  
    0.075       594.55          915.53        3750.69         4062.36         5088.99  
    0.081       598.55          919.98        3742.56         3993.52         4985.63  
    0.088       604.92          924.81        3708.50         3869.09         5113.56  
    0.094       614.79          933.35        3712.74         3810.99         5085.20  
    0.100       616.17          940.28        3741.02         4221.82         4668.47  
    0.106       619.93          948.31        3752.58         4159.87         5151.22  
    0.113       625.01          943.71        3756.65         3877.13         5343.85  
    0.119       628.82          934.98        3627.08         3806.17         5083.54  
    0.125       630.23          935.42        3433.96         3831.91         5067.62  
    0.131       628.07          937.65        3273.05         3868.80         5128.05  
    0.138       648.97          998.75        3012.06         3866.76         5088.96  
    0.144       533.20          795.90        2260.22         3838.97         5031.47  
    0.150       601.79          810.99        1997.17         3867.91         4979.67  
    0.156       670.93          1078.75        2054.14         3943.56         4892.71  
    0.163       667.70          1220.92        2096.33         3979.31         4868.99  
    0.169       665.67          1238.95        2118.15         4025.89         4947.40  
    0.175       665.27          1210.24        2124.19         4133.38         4994.51  
    0.181       674.42          1029.88        2130.33         4015.67         5029.94  
    0.188       230.40          320.40        1190.73         2745.47         4291.24  
    0.194       0          0        716.11         2136.68         3907.17  
    0.200       470.16          487.73        1653.62         3319.90         4587.52  
    0.206       711.09          774.32        2136.37         3909.44         4965.56  
    0.213       709.11          825.19        2133.42         3901.85         5017.80  
    0.219       703.22          960.08        2131.00         3929.90         5110.14  
    0.225       696.07          1051.34        2126.91         3963.62         5039.05  
    0.231       697.44          876.14        2105.13         3914.81         5066.88  
    0.238       701.91          899.34        2116.73         3887.85         5099.48  
    0.244       705.80          952.26        2156.40         3898.37         5058.05  
    0.250       708.06          886.91        2160.00         3888.56         5009.77  
    0.256       703.20          827.15        2122.75         3865.01         4913.23  
    0.263       695.74          886.02        2097.10         3845.72         4868.44  
    0.269       348.65          779.09        2063.25         3854.89         4900.00  
    0.275       58.24          710.70        2027.68         3845.52         4919.96  
    0.281       0          242.12        1156.15         2666.75         4203.52  
    0.288       474.16          546.36        1650.58         3266.05         4497.40  
    0.294       712.35          892.38        2136.18         3915.35         4933.01  
    0.300       711.30          910.94        2145.64         3938.05         4979.39  
    0.306       710.06          900.59        2189.08         3941.70         4958.04  
    0.312       691.84          904.55        2240.10         3940.52         4934.67  
    0.319       664.80          905.87        2289.23         3921.19         4977.69  
    0.325       654.51          908.69        2340.04         3905.27         4942.87  
    0.331       671.03          901.33        2344.69         3884.56         4908.30  
    0.338       694.06          882.13        2300.05         3883.82         4969.76  
    0.344       689.11          884.09        2263.40         3907.71         4968.44  
    0.350       700.97          880.29        2256.51         3922.53         4880.74  
    0.356       751.30          837.43        2240.42         3899.74         4834.72  
    0.363       779.79          818.19        2228.13         3876.31         4867.35  
    0.369       729.58          881.12        2274.24         3853.16         4877.85  
    0.375       687.54          932.71        2494.33         3804.44         4807.37  
    0.381       668.83          951.37        2735.08         3764.41         4801.39  
    0.388       650.15          962.20        2699.55         3756.66         4788.17  
    0.394       644.76          974.06        2734.15         3734.60         4759.71  
    0.400       647.37          987.07        2799.83         3680.93         4815.94  
    0.406       646.76          995.75        2703.17         3675.91         4874.25  
    0.413       653.17          1007.07        2719.05         3670.34         4856.54  
    0.419       669.76          1018.78        2707.87         3672.47         4870.51  
    0.425       680.79          1005.81        2645.67         3704.26         4906.73  
    0.431       677.40          995.10        2632.91         3745.55         4899.53  
    0.438       228.81          779.82        1577.91         3689.26         4844.95  
    0.444       419.96          871.69        2757.62         4432.19         4848.17  
    0.450       632.97          968.38        3528.03         4059.91         4898.59  
    0.456       635.30          968.53        3545.02         3659.36         4947.64  
    0.463       653.07          944.28        3559.65         3664.75         4968.94  
    0.469       689.85          842.24        2967.22         3674.56         4961.98  
    0.475       606.80          916.10        2540.39         3680.07         4997.48  
    0.481       527.22          1011.95        2558.27         3723.28         5038.75  
    0.488       504.12          1025.18        2891.96         3754.90         5075.26  
    0.494       618.75          857.95        2863.68         3751.32         5076.57  
    0.500       230.58          262.32        1398.03         2377.40         4211.93  
    