0.025       0          687.49        1776.74         3518.84         4050.66  
    0.031       0          597.38        1248.45         3458.87         3742.32  
    0.038       383.29          841.84        2653.28         3554.89         4870.48  
    0.044       607.78          1011.38        3387.63         3603.59         5500.00  
    0.050       718.49          1049.62        2907.01         3561.96         5500.00  
    0.056       666.68          950.42        2738.49         3547.54         5500.00  
    0.062       568.19          891.10        2767.63         3589.08         5254.78  
    0.069       574.63          830.62        2591.19         3598.39         5239.39  
    0.075       194.53          722.65        2193.68         3493.46         4201.64  
    0.081       451.33          1330.29        2150.23         3600.12         4637.81  
    0.088       674.72          1769.47        2174.03         3684.98         5091.39  
    0.094       680.46          1783.71        2369.02         3642.42         4981.94  
    0.100       692.02          1574.51        2466.09         3632.70         4846.57  
    0.106       705.18          1467.42        2382.02         3692.49         4791.49  
    0.113       682.99          1505.35        2413.01         3750.29         4754.80  
    0.119       666.07          1523.68        2439.71         3775.24         4686.39  
    0.125       667.46          1524.72        2419.30         3729.88         4674.99  
    0.131       669.05          1493.98        2413.23         3664.33         4682.73  
    0.138       671.32          1458.67        2436.68         3631.75         4671.58  
    0.144       673.01          1464.31        2477.49         3791.13         4632.08  
    0.150       672.34          1466.75        2525.95         3911.62         4631.17  
    0.156       671.18          1490.04        2534.08         3954.31         4652.70  
    0.163       672.51          1527.38        2551.77         3892.92         4623.62  
    0.169       666.08          1537.33        2579.65         3892.83         4720.56  
    0.175       654.85          1574.67        2542.44         3974.34         4688.85  
    0.181       650.79          1613.78        2557.81         4068.97         5065.75  
    0.188       642.93          1657.07        2598.24         4011.07         5097.89  
    0.194       633.47          1718.83        2522.36         3790.34         4882.43  
    0.200       626.61          1676.49        2484.91         3724.06         4743.36  
    0.206       619.34          1651.10        2473.31         3637.25         4622.37  
    0.213       619.36          1668.63        2395.63         3568.02         4576.36  
    0.219       628.12          1713.02        2349.43         3609.87         4589.84  
    0.225       642.48          1850.15        2182.97         3586.39         4575.09  
    0.231       651.97          1934.42        2000.51         3542.46         4582.06  
    0.238       657.52          1953.09        1962.83         3530.89         4585.16  
    0.244       659.06          1943.97        1949.43         3532.48         4563.60  
    0.250       660.13          1386.77        1934.49         3534.77         4553.85  
    0.256       659.58          1430.51        2011.56         3561.69         4547.93  
    0.263       645.58          1706.96        2057.21         3562.18         4551.21  
    0.269       639.44          1877.26        2003.82         3549.10         4589.85  
    0.275       646.37          1933.40        1956.07         3549.50         4627.23  
    0.281       655.87          1701.10        2110.71         3564.65         4652.18  
    0.288       673.07          1535.52        2223.96         3581.71         4664.10  
    0.294       682.70          1439.17        2322.35         3617.15         4705.92  
    0.300       639.92          1311.30        2409.06         3607.82         4744.70  
    0.306       621.27          1284.60        2531.04         3615.96         4951.79  
    0.312       618.84          1324.96        2642.71         3691.27         4866.51  
    0.319       593.87          1209.28        2291.01         3665.22         4770.13  
    0.325       563.51          970.82        2460.76         3631.35         4818.72  
    0.331       510.81          949.83        2818.56         3645.59         4949.41  
    0.338       382.48          1002.00        3031.08         3741.79         4965.46  
    0.344       437.56          982.70        3122.70         3714.59         4903.69  
    0.350       485.97          976.84        3004.37         3613.92         4886.57  
    0.356       456.57          995.61        2888.71         3485.78         4905.11  
    0.363       471.13          1027.32        3034.49         3824.03         4831.75  
    0.369       159.86          723.20        1967.45         3411.81         4664.65  
    0.375       371.80          799.78        2519.23         3252.98         4788.21  
    0.381       503.41          966.62        3039.72         3343.90         4923.44  
    0.388       157.66          792.68        1626.96         3161.96         4890.76  
    0.394       0          716.26        1300.23         3046.33         4744.18  
    0.400       0          707.85        1639.06         3025.98         4457.52  
    0.406       417.78          1102.97        2395.97         3507.78         4648.53  
    0.413       635.55          1265.85        2778.60         3775.32         4897.63  
    0.419       602.20          1313.55        2853.91         3854.11         5170.99  
    0.425       192.16          847.70        2101.59         3397.86         4776.40  
    0.431       0          618.25        1844.05         3201.35         4718.69  
    0.438       0          654.53        2140.84         3212.47         4919.28  
    0.444       0          626.32        2035.19         3109.39         4721.02  
    0.450       0          655.29        1959.56         2990.40         4771.30  
    0.456       0          658.84        1901.02         2960.93         4690.81  
    0.463       0          615.12        1946.61         3095.37         4627.90  
    