0.025       0          891.70        2270.67         3254.97         4806.27  
    0.031       479.83          1046.32        2512.43         3396.08         4846.80  
    0.038       880.56          1051.94        2728.24         3581.64         4903.25  
    0.044       765.95          1023.44        2722.26         3673.83         4959.31  
    0.050       605.30          1065.93        2683.29         3640.43         4956.10  
    0.056       573.69          998.57        2670.26         3602.67         4956.05  
    0.062       610.86          905.89        2670.98         3596.11         4878.14  
    0.069       631.34          905.65        2676.24         3550.97         4825.55  
    0.075       639.40          1002.29        2687.66         3544.46         4993.18  
    0.081       652.92          1070.30        2687.23         3581.02         5325.07  
    0.088       665.92          1051.29        2698.95         3582.11         5142.54  
    0.094       692.76          946.54        2717.60         3562.62         4721.05  
    0.100       723.74          863.52        2730.97         3566.15         4649.07  
    0.106       742.13          823.94        2729.18         3574.97         4890.22  
    0.113       753.46          790.22        2718.49         3560.87         5304.27  
    0.119       754.80          769.69        2726.25         3524.64         5146.55  
    0.125       747.99          763.65        2736.80         3529.48         4758.45  
    0.131       740.29          800.81        2726.45         3579.05         4620.92  
    0.138       735.89          823.42        2711.26         3604.97         4489.78  
    0.144       735.78          807.46        2708.09         3598.45         4474.91  
    0.150       737.84          796.15        2707.55         3571.08         4385.59  
    0.156       746.16          798.87        2704.53         3527.56         4203.20  
    0.163       719.61          853.35        2696.67         3498.73         4223.66  
    0.169       693.02          902.95        2685.76         3508.89         4357.32  
    0.175       720.59          892.44        2673.73         3525.45         5011.74  
    0.181       755.86          877.33        2675.57         3526.11         5250.87  
    0.188       737.87          921.02        2679.57         3496.27         4672.21  
    0.194       714.71          977.08        2671.46         3450.17         4241.58  
    0.200       718.34          996.59        2673.46         3440.05         4132.44  
    0.206       729.66          992.45        2691.35         3451.79         4195.87  
    0.213       746.13          975.70        2715.77         3468.92         4289.58  
    0.219       764.27          959.35        2728.74         3504.07         4378.76  
    0.225       774.83          949.91        2721.65         3529.82         4344.71  
    0.231       768.46          926.55        2709.57         3533.52         4185.18  
    0.238       759.24          863.67        2695.38         3527.43         4215.70  
    0.244       725.99          784.07        2665.34         3520.30         4252.64  
    0.250       725.25          771.35        2637.71         3510.76         4181.25  
    0.256       745.83          805.24        2608.95         3512.43         4199.86  
    0.263       745.65          828.05        2598.27         3512.72         4358.11  
    0.269       743.51          844.52        2651.74         3497.47         4562.79  
    0.275       741.59          848.35        2709.91         3483.99         4740.29  
    0.281       741.57          837.22        2724.76         3480.72         4619.29  
    0.288       742.23          819.85        2751.21         3495.99         4447.64  
    0.294       713.80          768.71        2783.52         3526.25         4322.77  
    0.300       698.09          732.16        2776.02         3529.28         4160.42  
    0.306       718.09          765.76        2758.95         3523.32         4070.73  
    0.312       725.63          834.99        2758.77         3539.12         4123.49  
    0.319       718.54          922.50        2733.89         3542.41         4268.28  
    0.325       711.09          1003.61        2683.06         3517.90         4448.75  
    0.331       698.37          1054.66        2666.42         3493.90         4524.24  
    0.338       683.23          1078.81        2699.46         3491.41         4348.54  
    0.344       671.86          1081.89        2720.95         3494.98         4149.48  
    0.350       660.90          1067.00        2697.86         3483.69         4172.24  
    0.356       644.48          1032.79        2686.57         3484.21         4298.54  
    0.363       639.97          985.45        2673.92         3501.29         4409.35  
    0.369       673.90          896.10        2638.69         3502.99         4461.82  
    0.375       687.37          794.14        2625.53         3477.05         4462.44  
    0.381       672.42          765.99        2649.74         3463.81         4454.76  
    0.388       696.18          774.46        2665.90         3468.62         4694.69  
    0.394       684.83          824.59        2661.17         3488.65         4908.58  
    0.400       652.24          816.51        2650.46         3512.12         4963.21  
    0.406       638.49          842.56        2649.14         3542.81         5274.61  
    0.413       619.81          971.21        2659.53         3563.12         5500.00  
    0.419       573.88          1047.91        2670.38         3559.47         5500.00  
    0.425       506.30          1001.77        2654.09         3570.62         5290.15  
    0.431       422.24          890.09        2614.02         3613.99         4996.82  
    0.438       380.63          833.73        2598.60         3626.87         4814.30  
    0.444       456.94          827.76        2590.89         3564.48         4790.16  
    