0.025       0          1289.79        1754.44         3210.14         4196.51  
    0.031       0          1348.26        1504.60         2955.31         4210.75  
    0.038       747.70          1486.31        2354.44         3689.87         5196.18  
    0.044       698.75          1233.20        2175.01         3512.68         5198.20  
    0.050       703.27          1224.15        2129.45         3445.30         5199.81  
    0.056       693.28          1190.80        2220.52         3446.39         5203.06  
    0.062       687.47          1146.02        2354.78         3478.76         5213.53  
    0.069       709.45          1153.19        2433.90         3495.40         5232.61  
    0.075       684.41          1137.19        2489.51         3490.31         5238.50  
    0.081       662.62          1118.74        2537.51         3496.49         5209.38  
    0.088       665.58          1130.07        2543.62         3566.91         5143.58  
    0.094       672.64          1147.54        2554.01         3855.06         5119.14  
    0.100       676.45          1173.76        2541.38         3861.76         5008.61  
    0.106       679.67          1192.33        2473.43         3818.64         4934.16  
    0.113       682.94          1208.82        2427.23         3843.43         4822.89  
    0.119       689.29          1225.18        2435.65         3904.51         4933.68  
    0.125       691.74          1221.62        2442.11         3916.02         4857.64  
    0.131       681.85          1218.08        2432.98         3848.93         4639.51  
    0.138       680.08          1223.28        2415.58         3830.42         4680.69  
    0.144       691.17          1237.30        2428.83         3904.08         4793.56  
    0.150       695.18          1258.10        2417.05         3841.43         4731.24  
    0.156       701.74          1305.54        2389.63         3743.95         4699.52  
    0.163       721.89          1337.12        2397.23         3729.36         4687.25  
    0.169       726.34          1346.81        2388.99         3656.99         4753.12  
    0.175       720.69          1319.21        2393.17         3639.33         4646.52  
    0.181       733.22          1314.36        2423.67         3829.26         4689.45  
    0.188       741.88          1294.59        2412.79         3913.72         4782.08  
    0.194       736.92          1357.49        2376.37         3930.45         4693.20  
    0.200       741.23          1338.66        2378.13         3957.39         4833.32  
    0.206       737.51          1283.63        2391.24         3904.99         4841.21  
    0.213       736.05          1326.71        2362.74         3915.43         4710.79  
    0.219       731.73          1393.96        2359.88         4019.42         4898.08  
    0.225       728.06          1397.69        2338.51         3976.96         4722.31  
    0.231       725.36          1468.40        2333.63         3970.90         4823.78  
    0.238       723.96          1498.48        2332.15         3919.11         4854.97  
    0.244       723.09          1477.34        2326.56         3906.78         4829.39  
    0.250       723.77          1532.24        2304.11         4004.88         4816.96  
    0.256       726.15          1575.91        2293.05         3996.22         4768.75  
    0.263       731.85          1497.07        2318.54         3984.22         4908.92  
    0.269       735.71          1425.95        2331.77         3938.50         4946.63  
    0.275       734.26          1482.67        2325.65         3961.42         5288.09  
    0.281       743.14          1498.87        2317.76         4010.57         4849.60  
    0.288       753.56          1420.04        2351.26         4013.15         4631.06  
    0.294       752.88          1322.85        2369.87         4038.64         4801.53  
    0.300       746.58          1287.79        2340.24         3926.46         4766.31  
    0.306       727.52          1376.82        2284.01         3889.44         4584.94  
    0.312       724.69          1462.19        2281.36         3937.01         4454.39  
    0.319       724.51          1481.25        2274.46         3913.53         4637.36  
    0.325       723.05          1438.59        2251.95         3933.83         4732.03  
    0.331       717.68          1441.11        2259.50         3869.09         4934.09  
    0.338       732.34          1389.38        2274.18         3882.76         4815.34  
    0.344       728.83          1380.52        2258.66         3861.82         4523.10  
    0.350       722.81          1399.19        2233.90         3822.62         4414.18  
    0.356       718.61          1491.91        2227.86         3780.70         4422.83  
    0.363       722.83          1522.49        2226.75         3772.65         4514.98  
    0.369       722.01          1519.93        2244.37         3807.46         4629.05  
    0.375       731.84          1527.93        2251.07         3807.25         4643.49  
    0.381       734.61          1534.99        2253.11         3820.22         4624.21  
    0.388       740.17          1452.63        2254.27         3815.77         4662.83  
    0.394       744.02          1385.80        2234.38         3812.22         4703.77  
    0.400       749.72          1346.01        2262.52         3822.15         4691.20  
    0.406       759.72          1314.69        2303.11         3855.17         4669.90  
    0.413       744.61          1340.62        2297.73         3877.35         4720.83  
    0.419       737.52          1356.90        2327.52         3878.76         4825.27  
    0.425       735.77          1385.98        2321.13         3910.64         5036.36  
    0.431       734.19          1363.16        2316.71         3927.52         4982.47  
    0.438       733.27          1439.49        2337.98         3989.05         4833.56  
    0.444       743.75          1531.07        2371.17         4064.86         5482.67  
    0.450       774.97          1434.48        2404.49         3954.15         5500.00  
    0.456       781.20          1336.81        2440.70         3899.20         5117.43  
    0.463       780.84          1307.86        2453.99         3860.75         5090.48  
    0.469       773.63          1373.77        2417.80         3779.45         5138.96  
    0.475       780.40          1370.88        2344.02         3756.00         5094.65  
    0.481       791.56          1425.41        2283.35         3760.46         5209.20  
    0.488       800.44          1528.43        2358.62         3736.01         5202.44  
    0.494       819.99          1509.42        2438.01         3747.55         5218.83  
    0.500       844.58          1419.71        2483.52         3729.69         5264.64  
    0.506       867.68          1559.87        2411.67         3870.53         5493.95  
    0.513       894.38          1854.78        2089.74         3792.04         5500.00  
    0.519       940.55          1057.39        2177.50         3692.40         5500.00  
    0.525       588.91          985.34        2253.36         3673.80         5149.58  
    0.531       371.09          993.37        2194.55         3649.59         5138.91  
    0.537       303.14          991.24        2268.71         3697.70         5148.22  
    0.544       281.67          1029.36        2508.70         4267.70         5167.99  
    0.550       277.53          1035.68        2560.04         5156.39         5491.43  
    0.556       255.58          1012.44        2322.22         4697.41         5214.61  
    0.562       281.31          1033.47        2330.85         4007.33         5201.28  
    0.569       288.17          1010.77        2448.42         3867.39         5208.07  
    0.575       294.42          1012.57        2430.50         3823.72         5197.79  
    0.581       301.01          1019.74        2487.04         3735.41         5188.08  
    0.588       318.14          1037.63        2740.61         3685.00         5215.91  
    