0.025       607.81          1728.26        2803.54         4138.06         5500.00  
    0.031       677.79          1779.13        2994.62         4219.45         5500.00  
    0.038       238.64          1478.69        2331.51         3572.84         4724.41  
    0.044       0          1350.53        2110.24         3283.05         4529.09  
    0.050       435.09          1400.92        2759.16         3954.59         4804.32  
    0.056       628.81          1630.97        3053.61         4096.37         5025.84  
    0.062       629.44          1782.39        3008.66         3946.67         5045.90  
    0.069       597.30          1782.58        3022.43         3854.50         4963.33  
    0.075       568.35          1710.93        2909.61         3781.47         4926.16  
    0.081       328.24          1454.63        2715.30         3746.02         5027.60  
    0.088       309.39          1240.03        2690.27         3886.23         5359.60  
    0.094       700.06          1513.00        2668.25         3969.59         5234.06  
    0.100       731.62          1761.69        2727.09         3825.46         5035.44  
    0.106       667.56          1834.17        2848.64         3790.94         4913.64  
    0.113       607.63          1768.88        2863.45         3954.65         4876.31  
    0.119       529.45          1747.40        2812.43         3990.91         4868.17  
    0.125       169.38          1281.79        2434.60         3603.68         4543.11  
    0.131       0          1008.86        2242.06         3350.94         4416.68  
    0.138       415.27          1564.23        2750.28         3853.91         5143.15  
    0.144       208.91          1339.97        2664.63         3635.82         5125.85  
    0.150       0          1065.17        2251.04         3351.96         4652.53  
    0.156       686.65          1422.57        2357.38         3618.53         4638.81  
    0.163       988.48          1277.11        2372.44         3651.26         4593.23  
    0.169       323.49          1068.31        2291.38         3357.03         4432.11  
    0.175       325.20          1604.07        2768.43         3911.20         5124.84  
    0.181       163.60          1631.99        2681.28         3648.09         4965.18  
    0.188       0          1108.65        2093.61         3286.84         4490.40  
    0.194       0          820.57        1927.48         3276.54         4337.12  
    0.200       0          926.18        2190.82         3605.74         4274.22  
    0.206       0          946.99        2172.60         3517.03         4239.04  
    0.213       0          1200.84        2396.07         3183.43         4212.64  
    0.219       0          1304.37        2284.58         3236.98         4383.49  
    0.225       0          1234.08        2258.35         3293.10         4462.29  
    0.231       0          1230.63        2324.21         3286.36         4408.06  
    0.238       0          1211.17        2120.88         3280.12         4500.10  
    0.244       0          400.21        1839.61         2994.01         3905.77  
    0.250       0          0        1687.20         2845.37         3662.03  
    0.256       0          0        1609.23         2900.68         3849.86  
    0.263       0          0        1620.32         2852.47         3629.79  
    0.269       0          743.36        2121.16         3233.93         4047.72  
    0.275       0          1180.20        2467.51         3713.62         4561.58  
    0.281       0          800.80        2009.32         3531.68         4568.41  
    0.288       0          635.00        1846.91         3315.50         4384.58  
    0.294       0          219.43        1166.12         2779.36         3922.54  
    0.300       261.78          590.55        2024.84         3331.85         4351.46  
    0.306       599.50          886.77        2715.21         3701.90         4737.61  
    0.312       716.60          893.58        2874.38         3682.23         4813.72  
    0.319       687.43          905.66        2864.93         3601.20         4622.24  
    0.325       666.29          917.00        2798.48         3512.98         4369.36  
    0.331       681.66          867.19        2764.24         3467.12         4127.45  
    0.338       701.17          813.70        2803.00         3468.81         4025.35  
    0.344       682.19          791.51        2849.31         3484.17         4084.55  
    0.350       525.06          776.36        2827.76         3504.80         4021.96  
    0.356       151.36          258.04        1443.86         3040.32         3672.84  
    0.363       221.07          506.87        2136.21         3275.18         3742.28  
    0.369       497.52          766.21        2806.57         3488.92         3865.04  
    0.375       661.83          780.54        2774.40         3470.64         3894.92  
    0.381       707.18          812.51        2743.05         3447.29         3952.59  
    0.388       692.20          845.15        2716.14         3427.78         4012.56  
    0.394       523.20          830.54        2727.64         3445.02         4018.46  
    0.400       148.12          273.85        1459.41         2970.61         3670.06  
    0.406       382.96          565.73        2067.43         3236.34         3837.12  
    0.413       584.87          849.28        2684.98         3488.59         4024.67  
    0.419       569.35          843.52        2671.13         3474.19         4061.64  
    0.425       549.46          835.98        2664.80         3457.19         4146.55  
    0.431       526.66          822.93        2671.59         3447.52         4224.49  
    0.438       173.26          273.65        1431.22         2949.53         3736.29  
    0.444       0          0        813.64         2685.96         3478.69  
    0.450       394.17          549.19        2029.11         3197.42         4090.00  
    0.456       614.21          836.72        2625.80         3458.82         4450.12  
    0.463       613.32          864.78        2625.50         3468.71         4453.88  
    0.469       483.70          867.19        2641.89         3485.67         4335.29  
    0.475       374.59          873.71        2630.68         3491.38         4299.03  
    0.481       479.56          898.87        2608.00         3516.99         4406.24  
    0.488       560.34          914.26        2626.03         3554.18         4567.59  
    0.494       552.25          907.86        2642.01         3611.55         4608.74  
    0.500       551.59          918.86        2666.77         3609.22         4652.11  
    0.506       562.54          929.33        2825.99         3587.80         4790.08  
    0.513       561.27          895.01        2898.24         3593.43         4813.96  
    0.519       187.03          293.56        1541.35         3097.79         3989.32  
    0.525       0          0        853.39         2689.95         3552.91  
    0.531       0          0        839.59         2524.85         3536.54  
    0.537       0          548.50        1880.30         3205.23         4059.14  
    0.544       0          837.99        2416.87         3587.96         4330.02  
    0.550       0          891.68        2487.06         3614.92         4576.77  
    0.556       0          962.56        2469.02         3619.33         4898.47  
    0.562       0          966.09        2497.10         3523.82         4717.18  
    0.569       0          918.17        2450.96         3367.48         4482.06  
    0.575       0          300.95        1427.17         2725.30         3827.69  
    0.581       636.97          647.18        1955.87         3287.99         4373.03  
    0.588       981.42          989.03        2577.65         3715.81         4802.54  
    0.594       332.52          1078.14        2559.36         3589.78         4809.52  
    0.600       0          1070.41        2521.65         3554.40         4839.90  
    0.606       0          1013.18        2426.67         3578.77         4840.77  
    0.613       0          1050.93        2372.22         3568.93         4624.72  
    0.619       0          1081.52        2420.85         3536.40         4613.48  
    0.625       0          362.53        1618.38         2935.34         3915.73  
    