0.025       294.31          744.89        2921.21         3405.93         4734.85  
    0.031       284.40          764.74        2932.58         3436.65         4750.58  
    0.038       293.41          767.11        2932.43         3413.56         4816.20  
    0.044       310.09          753.27        2909.64         3418.89         4819.79  
    0.050       332.99          732.09        2897.71         3438.53         4743.69  
    0.056       371.82          734.74        2900.37         3458.24         4665.44  
    0.062       431.69          829.82        2914.50         3389.77         4626.17  
    0.069       454.73          1111.15        2916.40         3488.84         4570.47  
    0.075       461.71          1358.70        2658.67         3384.61         4531.81  
    0.081       475.66          1481.58        2440.45         3433.41         4531.33  
    0.088       516.89          1498.23        2046.82         3164.43         4520.43  
    0.094       110.40          813.81        1794.14         2966.04         4414.36  
    0.100       0          654.82        1698.13         2917.52         4166.12  
    0.106       0          680.62        1823.98         2847.42         3973.12  
    0.113       0          709.64        2096.91         2540.82         3844.12  
    0.119       0          747.85        1821.32         2430.94         3946.33  
    0.125       0          811.13        2114.76         2459.07         4017.95  
    0.131       0          836.92        2381.45         2545.94         4092.56  
    0.138       670.48          1016.32        2546.70         2843.32         4549.43  
    0.144       846.48          1164.59        2610.45         3085.98         4684.35  
    0.150       851.05          1177.62        2621.38         3171.50         4769.22  
    0.156       852.07          1193.44        2617.67         3242.87         4853.34  
    0.163       871.84          1252.96        2626.62         3101.58         4774.85  
    0.169       890.38          1277.07        2585.90         3137.14         4727.71  
    0.175       902.03          1351.62        2592.68         3323.87         4659.07  
    0.181       925.70          1419.43        2573.67         3683.09         4336.25  
    0.188       944.12          1569.21        2618.82         3578.67         4049.08  
    0.194       950.56          1652.80        2643.91         3781.54         4085.26  
    0.200       963.80          1656.72        2675.94         3782.32         4716.01  
    0.206       202.63          1101.19        1922.46         2932.81         4049.87  
    0.213       0          951.05        1705.13         2700.90         3795.80  
    0.219       747.36          1571.76        2500.10         3671.99         3943.39  
    0.225       950.82          1732.90        2698.59         3964.26         5182.56  
    0.231       199.52          1134.50        1926.37         2999.18         4320.43  
    0.238       761.09          1541.05        2542.51         3799.58         5187.34  
    0.244       942.19          1660.01        2700.58         4083.26         4417.52  
    0.250       924.23          1640.05        2649.01         4045.77         4226.48  
    0.256       192.96          1068.85        1919.73         3021.94         4110.16  
    0.263       0          929.04        1767.57         2768.25         4040.93  
    0.269       0          944.45        1804.50         2763.70         4019.21  
    0.275       0          935.99        1736.43         2726.36         3995.92  
    0.281       0          920.14        1687.29         2776.66         4002.90  
    0.288       0          916.98        1718.89         2800.04         4008.51  
    0.294       0          908.24        1749.94         2793.52         3990.76  
    0.300       0          902.84        1752.71         2727.39         4038.63  
    0.306       0          904.75        1718.62         2530.05         4000.71  
    0.312       0          905.61        1689.41         2324.23         3937.10  
    0.319       726.55          1468.19        1989.62         3508.74         4615.26  
    0.325       192.58          1071.29        1751.33         2479.80         4139.39  
    0.331       0          911.59        1785.54         2101.22         3983.03  
    0.338       0          904.78        1830.26         1993.09         3999.86  
    0.344       0          919.44        1894.09         2473.69         4100.75  
    0.350       0          935.63        1856.67         2660.04         4097.89  
    0.356       0          955.30        1830.09         2780.99         4044.74  
    0.363       0          201.07        1158.57         2321.59         3396.95  
    0.369       355.86          780.61        2276.26         3288.47         3729.08  
    0.375       94.33          656.01        1333.12         2739.27         3649.94  
    0.381       0          901.91        1033.27         2984.82         3502.43  
    0.388       0          955.02        1156.15         3165.14         3407.78  
    0.394       0          972.18        1280.83         3022.94         3523.08  
    0.400       0          945.60        1514.17         3217.54         3671.69  
    0.406       0          955.88        1619.70         3361.84         3736.83  
    0.413       0          998.62        1625.39         3288.77         3721.64  
    0.419       0          991.12        1650.96         3330.59         3692.17  
    0.425       0          993.33        1457.34         3417.17         3739.58  
    