0.025       639.51          967.97        2353.06         3724.33         5100.43  
    0.031       564.01          955.87        2427.58         3741.77         5095.84  
    0.038       569.55          972.92        2733.69         3739.72         5402.23  
    0.044       139.55          740.62        1430.57         3152.80         4206.77  
    0.050       0          658.72        997.43         2959.40         3792.65  
    0.056       0          822.71        1420.82         2843.27         3786.93  
    0.062       0          897.73        1710.89         2753.04         3774.76  
    0.069       0          922.93        1768.16         2737.98         3780.11  
    0.075       0          941.09        1820.00         2521.94         3804.55  
    0.081       0          932.60        1685.62         2252.92         3813.39  
    0.088       0          931.41        1833.43         2169.23         3799.26  
    0.094       0          940.95        1877.82         2487.55         3782.57  
    0.100       0          935.18        1948.31         2516.46         3744.69  
    0.106       0          938.71        1935.99         2588.62         3794.23  
    0.113       0          973.92        1960.29         2633.59         3811.12  
    0.119       0          1004.26        1960.73         2962.63         3776.86  
    0.125       720.21          1019.27        2054.69         3619.98         5082.08  
    0.131       661.43          1020.15        2109.57         3794.45         5500.00  
    0.138       137.42          245.76        1265.93         2507.57         4196.17  
    0.144       458.90          761.13        1882.51         3377.35         4966.58  
    0.150       617.04          1004.70        2201.93         3804.73         5462.10  
    0.156       412.50          991.71        2167.32         3816.97         5500.00  
    0.163       83.47          238.00        1261.66         2554.65         4243.78  
    0.169       400.27          741.35        1912.69         3454.68         5101.03  
    0.175       590.31          967.93        2179.43         3868.46         5500.00  
    0.181       630.11          973.21        2174.05         3878.02         5500.00  
    0.188       516.05          962.92        2198.18         3870.77         5500.00  
    0.194       445.59          970.35        2236.62         3876.42         5500.00  
    0.200       506.67          981.33        2233.40         3894.53         5500.00  
    0.206       491.96          979.73        2220.72         3905.79         5500.00  
    0.213       503.40          980.26        2304.01         3891.97         5500.00  
    0.219       487.91          952.01        2450.36         3883.22         5500.00  
    0.225       585.24          939.34        2465.92         3857.44         5500.00  
    0.231       619.41          932.52        2285.39         3861.97         5500.00  
    0.238       646.50          933.76        2226.80         3875.02         5500.00  
    0.244       637.55          971.99        2243.44         3872.14         5326.40  
    0.250       585.41          944.44        2344.97         3850.41         5444.86  
    0.256       616.30          972.30        2561.00         3814.43         5500.00  
    0.263       582.23          1029.51        2796.16         3790.48         5500.00  
    0.269       555.15          1052.68        2899.43         3775.74         5500.00  
    0.275       534.37          1049.79        3048.95         3771.88         5264.77  
    0.281       522.87          1046.29        3080.48         3789.98         5194.96  
    0.288       520.28          1041.80        3078.20         3820.53         5168.91  
    0.294       517.12          1039.25        3107.52         3813.92         5418.08  
    0.300       512.01          1041.07        3132.28         3789.93         5500.00  
    0.306       511.98          1028.32        3128.60         3781.45         5500.00  
    0.312       509.87          1028.34        3122.94         3780.16         5500.00  
    0.319       502.84          1031.50        3115.53         3807.07         5161.94  
    0.325       494.85          1028.92        3110.33         3811.46         5025.56  
    0.331       499.93          1020.90        3138.60         3776.34         5073.79  
    0.338       521.81          1007.76        3221.07         3773.62         5172.30  
    0.344       518.65          1000.09        3337.56         3799.77         5427.16  
    0.350       504.02          998.01        3247.30         3822.51         5206.37  
    0.356       498.25          998.42        3177.65         3798.07         5116.68  
    0.363       498.69          1002.51        3169.51         3817.32         5236.53  
    0.369       499.47          996.46        3172.50         3847.01         5310.75  
    0.375       498.46          996.53        3278.49         3862.98         5457.18  
    0.381       499.43          1002.80        3362.57         3867.32         5500.00  
    0.388       497.07          997.25        3363.68         3862.63         5500.00  
    0.394       483.81          987.08        3347.87         3853.37         5500.00  
    0.400       471.31          989.43        3270.91         3844.10         5162.52  
    0.406       442.41          981.39        3169.71         3836.77         5166.24  
    0.413       435.61          989.53        3112.35         3840.78         5428.04  
    0.419       434.98          982.88        3127.12         3843.66         5500.00  
    0.425       386.39          950.11        3175.76         3833.83         5500.00  
    0.431       363.71          934.14        3126.79         3815.98         5500.00  
    0.438       382.58          949.95        3030.87         3814.83         5357.31  
    0.444       389.62          978.52        3012.04         3842.27         5454.68  
    0.450       364.86          967.46        2993.50         3865.21         5500.00  
    0.456       339.98          992.06        2935.13         3845.63         5500.00  
    0.463       319.87          1032.52        2989.17         3818.46         5500.00  
    0.469       298.89          1053.10        3049.46         3867.12         5500.00  
    0.475       283.05          1062.30        3048.41         3936.86         5500.00  
    0.481       254.11          1055.38        2985.49         3879.89         5500.00  
    0.488       223.75          1028.82        2916.18         3724.48         5500.00  
    0.494       208.19          1016.37        2905.63         3635.90         5310.87  
    0.500       197.31          1056.83        2972.96         3603.22         5171.39  
    0.506       191.15          1060.52        2874.66         3673.87         5181.67  
    0.513       200.65          1090.27        2807.53         3689.13         5167.17  
    0.519       206.20          1100.83        2895.43         3685.32         5162.89  
    0.525       234.04          1075.06        2922.71         3675.57         5112.63  
    0.531       269.17          1069.26        2888.80         3790.48         5402.69  
    