0.025       0          754.82        2031.00         3111.20         3934.18  
    0.031       0          649.47        1753.55         2678.99         3910.28  
    0.038       0          472.22        856.25         2626.59         3802.44  
    0.044       478.80          830.95        2528.26         3798.52         5463.38  
    0.050       495.87          823.30        2421.40         3870.00         5500.00  
    0.056       521.95          855.87        2308.16         3875.24         5500.00  
    0.062       543.72          884.11        2360.58         3874.74         5500.00  
    0.069       539.08          876.12        2355.80         3859.89         5500.00  
    0.075       527.00          880.23        2340.52         3879.22         5500.00  
    0.081       537.03          877.30        2179.18         3849.82         5157.72  
    0.088       551.93          866.39        2203.36         3828.66         5088.73  
    0.094       561.30          859.88        2336.19         3834.46         5157.62  
    0.100       579.61          850.96        2404.49         3828.48         5038.59  
    0.106       613.31          849.00        2345.97         3809.27         4955.11  
    0.113       688.88          864.18        2268.66         3776.97         5207.53  
    0.119       710.71          957.63        2186.49         3840.65         5493.82  
    0.125       720.09          1028.94        2096.92         3837.52         5500.00  
    0.131       718.60          1050.08        2093.29         3804.12         5500.00  
    0.138       720.83          1007.02        2056.77         3752.12         5110.95  
    0.144       729.42          1035.64        1997.21         3755.46         5088.17  
    0.150       740.35          1077.84        2024.14         3793.90         5072.09  
    0.156       740.13          1200.42        2070.29         3848.66         5405.03  
    0.163       744.00          1247.07        2049.85         3830.99         5023.60  
    0.169       16.03          763.73        2018.12         2589.44         3869.08  
    0.175       0          757.50        1243.34         2046.20         3722.68  
    0.181       0          756.78        2033.58         2265.91         3693.41  
    0.188       692.81          761.17        2048.01         3624.58         5461.07  
    0.194       15.25          16.40        796.15         2060.89         3681.31  
    0.200       0          760.63        1968.20         3120.36         3619.01  
    0.206       0          783.28        2012.12         3461.85         3604.21  
    0.213       0          791.10        1993.67         3607.97         3678.42  
    0.219       0          799.31        1935.79         3619.12         3624.89  
    0.225       0          798.98        1937.83         3570.00         3635.47  
    0.231       0          793.46        1987.48         3570.35         3641.46  
    0.238       0          791.72        1997.24         3645.06         3664.73  
    0.244       766.67          1369.68        2110.27         3648.36         5460.48  
    0.250       780.11          1524.62        2147.24         3646.12         5500.00  
    0.256       771.79          1754.70        2098.64         3619.75         5500.00  
    0.263       759.45          1647.06        2229.41         3599.85         5200.84  
    0.269       753.41          1519.55        2155.52         3616.40         5144.33  
    0.275       753.58          1552.86        2091.69         3624.13         5122.55  
    0.281       758.67          1723.83        2103.26         3625.95         5125.75  
    0.288       772.00          1714.43        2027.39         3628.62         5227.24  
    0.294       16.64          794.06        1999.42         3604.79         4186.79  
    0.300       747.47          1658.98        2057.02         3584.45         5471.22  
    0.306       746.02          1201.65        2423.07         3581.92         5128.46  
    0.312       737.15          1174.37        2459.60         3599.46         5142.31  
    0.319       748.87          1162.48        2499.22         3620.89         5196.85  
    0.325       756.92          1157.80        2434.65         3626.92         5220.14  
    0.331       749.04          1147.50        2389.82         3617.49         5192.73  
    0.338       726.94          1173.04        2338.66         3585.10         5199.42  
    0.344       726.86          1196.73        2322.11         3578.59         5208.39  
    0.350       738.49          1154.79        2343.22         3605.55         5279.24  
    0.356       724.08          1138.31        2347.44         3624.32         5284.37  
    0.363       707.05          1163.69        2386.57         3643.54         5277.92  
    0.369       707.21          1132.91        2445.78         3650.00         5226.18  
    0.375       715.68          1103.63        2489.31         3620.41         5278.96  
    0.381       701.40          1085.05        2513.61         3582.26         5251.10  
    0.388       682.97          1087.35        2547.29         3579.79         5226.90  
    0.394       674.94          1103.44        2565.26         3576.80         5245.56  
    0.400       680.86          1108.22        2580.42         3582.69         5329.88  
    0.406       686.50          1111.69        2805.14         3586.87         5496.38  
    0.413       680.82          1107.69        3067.09         3565.64         5500.00  
    0.419       682.18          1114.02        2958.94         3525.81         5249.91  
    0.425       684.75          1120.63        2775.76         3510.54         5225.48  
    0.431       676.83          1129.32        2705.99         3512.16         5215.19  
    0.438       675.46          1177.44        2673.77         3539.76         5121.95  
    0.444       674.25          1161.27        2640.90         3555.29         5150.56  
    0.450       682.15          1161.74        2959.39         3519.80         5492.49  
    0.456       697.42          1146.30        3371.55         3448.95         5500.00  
    0.463       716.75          1150.69        3380.43         3465.28         5500.00  
    0.469       785.61          1066.50        2869.12         3514.76         5500.00  
    0.475       631.96          1060.28        2567.03         3599.94         5500.00  
    0.481       590.71          1062.37        2463.62         3573.47         5500.00  
    0.488       589.46          1083.14        2426.46         3557.95         5268.43  
    0.494       588.29          1091.74        2570.95         3573.63         5144.34  
    0.500       648.61          1065.12        2539.03         3548.46         5245.13  
    0.506       689.76          1057.82        2509.84         3538.06         5494.56  
    0.513       654.11          1074.77        2497.87         3577.07         5188.97  
    0.519       665.67          1098.27        2550.63         3617.77         5223.29  
    0.525       674.43          1200.47        2529.72         3608.96         5241.13  
    0.531       672.97          1160.08        2552.95         3601.40         5160.51  
    