0.025       532.39          1010.56        2794.50         3446.13         4431.49  
    0.031       533.02          1005.96        2814.53         3453.34         4465.56  
    0.038       530.07          998.02        2832.49         3470.02         4468.61  
    0.044       528.40          991.08        2845.79         3463.29         4437.45  
    0.050       524.84          986.00        2855.00         3477.42         4377.16  
    0.056       514.50          991.43        2849.60         3487.67         4362.76  
    0.062       519.42          989.97        2847.86         3489.68         4424.66  
    0.069       524.66          984.00        2853.92         3490.44         4456.23  
    0.075       524.14          973.64        2867.02         3482.28         4433.69  
    0.081       520.27          968.72        2878.08         3467.43         4425.45  
    0.088       530.43          951.35        2862.51         3468.46         4479.66  
    0.094       540.60          921.60        2855.88         3481.91         4482.34  
    0.100       536.71          921.08        2855.39         3493.34         4467.33  
    0.106       519.36          951.66        2820.75         3502.72         4453.36  
    0.113       516.13          957.77        2819.14         3521.23         4445.42  
    0.119       516.94          949.35        2836.40         3514.81         4427.16  
    0.125       522.55          934.12        2814.21         3493.82         4431.39  
    0.131       520.25          936.52        2790.45         3484.64         4412.74  
    0.138       519.61          945.90        2794.36         3494.27         4441.15  
    