0.025       638.26          994.76        3169.72         3529.52         5295.43  
    0.031       635.72          996.23        3245.41         3574.17         5301.62  
    0.038       463.79          951.79        3271.18         3661.69         5293.70  
    0.044       335.74          962.56        3159.76         3599.67         5281.62  
    0.050       361.34          980.42        2429.96         3441.79         5370.67  
    0.056       386.14          851.72        2509.74         3419.91         5474.57  
    0.062       386.17          794.90        2887.17         3404.17         5500.00  
    0.069       428.00          840.13        2306.28         3355.48         5472.92  
    0.075       474.38          860.17        1682.01         3400.50         5478.52  
    0.081       504.37          891.36        1824.68         3444.59         5500.00  
    0.088       231.20          699.81        1440.64         3113.44         4353.49  
    0.094       0          524.58        933.97         2803.03         3461.69  
    0.100       0          516.12        951.72         2772.50         3480.15  
    0.106       0          491.46        947.88         2741.72         3482.05  
    0.113       259.45          707.05        1830.33         3117.96         4606.72  
    0.119       485.46          904.69        2567.48         3449.53         5500.00  
    0.125       496.20          879.73        2540.56         3447.67         5500.00  
    0.131       511.47          861.90        2201.04         3377.17         5352.72  
    0.138       539.10          897.34        1959.09         3315.90         5301.88  
    0.144       538.38          938.46        2121.28         3352.13         5435.52  
    0.150       527.22          955.24        2214.49         3404.88         5245.94  
    0.156       509.78          950.34        2188.60         3420.35         5030.95  
    0.163       495.50          941.03        2107.18         3396.74         5011.46  
    0.169       488.60          937.81        2063.58         3356.22         4994.20  
    0.175       478.73          935.95        2150.54         3305.11         4970.03  
    0.181       483.31          950.78        2104.24         3047.27         4945.37  
    0.188       489.30          965.84        1889.95         2896.97         4937.51  
    0.194       216.01          714.80        1338.98         2888.34         4943.54  
    0.200       0          513.94        990.18         2891.78         4938.67  
    0.206       0          509.98        992.13         2873.52         4941.71  
    0.213       0          512.63        996.53         2839.71         4961.67  
    0.219       0          517.81        1003.00         2929.15         4962.00  
    0.225       0          518.57        1004.44         2956.49         4917.91  
    0.231       0          522.25        1007.37         2955.14         4796.14  
    0.238       290.36          794.87        1854.23         3069.22         4931.91  
    0.244       519.84          1004.14        2378.61         3172.09         5123.32  
    0.250       229.66          737.25        1568.30         3019.88         4777.41  
    0.256       0          524.53        1010.28         2791.90         4624.31  
    0.263       290.36          784.51        2021.35         3128.52         4926.45  
    0.269       518.82          989.74        2799.96         3175.43         5114.24  
    0.275       228.85          732.59        1786.35         2892.71         5085.07  
    0.281       295.11          791.36        2076.72         3541.91         5048.14  
    0.288       234.14          753.10        1869.01         3640.23         5083.17  
    0.294       0          562.08        1026.81         3265.11         5126.98  
    0.300       0          565.63        1025.20         3302.57         5151.89  
    0.306       303.66          808.71        1484.95         3326.68         5174.35  
    0.312       547.18          1003.66        1621.33         3360.88         5181.76  
    0.319       242.98          760.29        1204.09         3347.99         5163.28  
    0.325       0          565.79        1015.24         3331.51         5137.12  
    0.331       311.04          811.81        1370.54         3597.71         5112.77  
    0.338       557.75          1007.00        1678.45         3754.25         5100.67  
    0.344       246.72          765.84        1320.53         3636.59         5112.98  
    0.350       0          576.61        1021.87         3614.90         5145.99  
    0.356       0          573.03        1016.84         3827.06         5351.08  
    0.363       0          571.92        1020.42         3801.10         5283.55  
    0.369       0          254.12        781.28         2203.71         4389.42  
    0.375       325.62          574.05        954.42         2584.23         4538.52  
    0.381       580.34          1025.41        1334.33         3897.19         5117.75  
    0.388       572.93          1017.64        1502.15         3985.05         5125.42  
    0.394       251.88          768.44        1269.03         3529.05         5097.67  
    0.400       0          569.97        1018.83         2975.44         4909.09  
    0.406       0          571.31        1017.35         2870.44         4725.69  
    0.413       0          584.87        1025.08         2949.70         4628.96  
    0.419       0          597.87        1039.76         2975.29         4632.51  
    0.425       0          609.21        1061.17         2972.05         4739.50  
    0.431       0          622.11        1067.18         2946.97         4719.29  
    0.438       0          635.91        1049.77         2880.01         4650.55  
    0.444       0          657.67        1069.08         2811.54         4630.24  
    0.450       0          683.40        1102.33         2931.44         4639.24  
    0.456       0          697.29        1102.74         3207.71         4746.87  
    0.463       0          706.45        1053.21         3374.90         4856.52  
    0.469       0          685.65        876.99         3448.55         4901.52  
    0.475       0          560.57        776.74         3433.68         4849.70  
    0.481       251.93          661.67        2049.07         4086.51         4795.27  
    0.488       199.89          584.93        1794.75         3611.18         4771.50  
    0.494       0          341.68        780.95         2804.19         4767.34  
    0.500       0          277.83        773.97         2759.82         4789.70  
    0.506       0          266.22        835.57         2766.85         4797.22  
    0.513       0          265.87        905.26         2701.13         4775.34  
    0.519       148.35          606.08        1830.04         3831.61         5172.35  
    0.525       249.77          958.77        2524.40         4660.63         5218.51  
    0.531       236.17          1034.11        2522.59         4467.50         4993.75  
    