0.025       606.48          1021.75        2633.26         3834.65         5500.00  
    0.031       597.86          981.38        2646.00         3893.91         5500.00  
    0.038       572.47          843.19        2670.45         4071.63         5500.00  
    0.044       551.69          841.79        2698.27         4121.33         5500.00  
    0.050       546.38          999.43        2727.01         3918.87         5500.00  
    0.056       555.61          1034.10        2720.53         3763.33         5500.00  
    0.062       574.13          1007.84        2707.06         3745.48         5500.00  
    0.069       595.57          996.20        2734.51         3771.85         5500.00  
    0.075       605.13          992.30        2761.64         3750.36         5500.00  
    0.081       602.37          986.80        2771.39         3727.21         5500.00  
    0.088       612.82          975.53        2802.83         3739.64         5500.00  
    0.094       624.89          992.57        2737.73         3735.40         5500.00  
    0.100       621.05          1011.20        2416.83         3698.29         5246.51  
    0.106       624.80          1030.23        2187.43         3699.39         5087.32  
    0.113       642.04          1066.91        2148.17         3749.93         5089.38  
    0.119       668.36          1090.37        2189.02         3729.06         4966.87  
    0.125       681.78          1285.54        2192.64         3645.24         4947.11  
    0.131       686.92          1615.80        2176.72         3556.64         4988.05  
    0.138       689.84          1885.33        2157.47         3546.91         4988.63  
    0.144       688.60          1996.11        2131.69         3673.42         4974.59  
    0.150       690.28          2060.75        2106.65         3812.73         4932.88  
    0.156       691.61          2066.51        2285.83         3984.06         5072.96  
    0.163       690.21          2036.92        2621.64         4056.35         4873.83  
    0.169       687.65          2039.61        2495.09         3819.11         4729.15  
    0.175       688.90          2047.92        2258.48         3774.52         4820.31  
    0.181       693.06          2028.27        2248.32         3894.70         4899.68  
    0.188       699.58          1983.01        2298.80         3953.02         4883.62  
    0.194       709.36          2003.87        2312.10         3873.61         4857.68  
    0.200       721.10          2016.98        2385.08         3800.42         4779.54  
    0.206       729.47          2003.56        2500.07         4207.46         4696.26  
    0.213       731.97          2021.96        2478.47         4035.07         4701.44  
    0.219       735.76          2021.32        2426.51         3797.74         4748.11  
    0.225       728.17          1988.01        2527.03         4018.78         4762.51  
    0.231       716.48          1964.56        2599.80         4023.75         4714.55  
    0.238       723.69          1967.56        2639.36         3970.54         4644.00  
    0.244       740.42          1992.58        2756.15         4076.82         5150.97  
    0.250       741.65          2004.79        2721.51         4069.75         5500.00  
    0.256       738.12          2016.19        2737.05         4036.38         5500.00  
    0.263       735.62          2007.40        2744.54         4031.52         5500.00  
    0.269       726.33          1978.15        2626.97         4034.24         5088.71  
    0.275       721.14          1974.14        2604.20         4071.68         4693.00  
    0.281       724.81          2003.02        2676.62         4152.78         4417.37  
    0.288       730.78          2034.17        2669.16         4115.12         4803.24  
    0.294       735.01          2038.62        2642.08         4106.17         5356.81  
    0.300       291.01          1247.71        2276.71         3349.24         4700.01  
    0.306       441.56          1518.16        2520.77         3658.99         4977.17  
    0.312       729.99          2025.91        2780.12         4184.38         4948.41  
    0.319       728.77          2017.78        2673.96         4150.19         4613.65  
    0.325       725.33          2012.36        2664.96         4120.27         4496.03  
    0.331       718.21          2019.82        2756.73         4124.66         4342.48  
    0.338       712.10          2027.56        2779.45         4180.52         4263.48  
    0.344       709.00          2042.31        2780.00         4208.99         4241.58  
    0.350       707.98          2049.93        2797.08         4142.51         4285.28  
    0.356       708.31          2031.11        2773.75         4177.67         4407.23  
    0.363       707.93          2006.36        2672.93         4147.90         4579.29  
    0.369       705.36          2002.04        2524.09         4068.12         4693.11  
    0.375       705.70          2000.31        2518.62         4117.63         4666.28  
    0.381       710.00          1997.31        2652.32         4186.68         4711.18  
    0.388       711.49          1977.10        2704.49         4169.27         4793.97  
    0.394       714.50          1964.33        2564.37         4078.67         4760.81  
    0.400       724.55          1990.48        2586.33         4054.60         4818.09  
    0.406       731.15          2005.96        2666.32         4089.83         5129.54  
    0.413       731.04          1997.53        2638.44         4080.69         5418.51  
    0.419       735.91          2023.35        2565.05         4057.80         5500.00  
    0.425       745.58          2059.03        2681.16         4176.52         5500.00  
    0.431       747.54          2058.17        2723.31         4257.09         5500.00  
    0.438       742.83          2032.06        2562.85         4254.72         5010.37  
    0.444       738.54          2019.35        2511.37         4212.50         4723.19  
    0.450       735.99          2022.53        2591.83         4282.35         4585.59  
    0.456       735.30          2025.73        2644.41         4269.41         4498.59  
    0.463       738.59          2032.44        2656.10         4347.19         4477.28  
    0.469       741.65          2042.29        2585.94         4271.30         5087.41  
    0.475       740.85          2004.78        2382.02         3992.59         5004.46  
    0.481       742.53          1857.89        2290.26         3851.37         4668.72  
    0.488       742.86          1668.01        2329.75         3766.16         4681.57  
    0.494       741.97          1440.43        2333.96         3657.07         4677.38  
    0.500       740.10          1300.56        2371.70         3631.41         4734.35  
    0.506       733.00          1234.73        2429.51         3670.82         4896.04  
    0.513       714.26          1173.63        2474.35         3653.39         4939.23  
    0.519       690.84          1131.35        2539.88         3628.98         4878.41  
    0.525       678.33          1111.73        2572.06         3654.00         4944.49  
    0.531       675.60          1104.04        2599.53         3716.49         5304.11  
    0.537       673.82          1105.20        2793.88         3728.34         5500.00  
    0.544       671.10          1113.65        2926.22         3728.70         5500.00  
    0.550       666.53          1119.41        2936.90         3733.20         5500.00  
    0.556       660.69          1124.85        2942.34         3731.66         5500.00  
    0.562       655.71          1131.63        2977.99         3753.37         5500.00  
    0.569       258.48          856.65        1877.46         3282.12         4467.66  
    0.575       0          658.26        1122.45         2948.20         3803.56  
    0.581       333.12          919.15        2174.33         3403.24         4832.24  
    0.588       457.41          1102.16        2930.27         3743.95         5500.00  
    0.594       156.65          621.50        1858.36         3243.78         4461.38  
    0.600       0          316.71        1132.65         2943.80         3787.02  
    0.606       218.27          811.35        2126.69         3455.39         4824.11  
    0.613       445.15          1132.11        2896.10         3773.53         5500.00  
    0.619       368.13          1103.10        2971.42         3763.83         5500.00  
    0.625       234.45          1101.86        2880.01         3779.32         5500.00  
    0.631       212.70          1110.14        2882.13         3824.89         5500.00  
    