0.025       358.21          734.92        2946.12         3466.35         5500.00  
    0.031       348.90          752.58        2970.43         3787.46         5500.00  
    0.038       80.52          428.84        1596.91         3237.40         4433.47  
    0.044       0          326.26        1301.19         3027.40         4186.57  
    0.050       0          358.84        1068.82         3016.76         4514.07  
    0.056       261.79          619.45        2529.02         3376.29         4940.24  
    0.062       351.19          699.15        2982.15         3448.92         4988.91  
    0.069       375.26          701.32        2984.16         3458.85         4903.98  
    0.075       401.66          697.79        3001.25         3490.35         4881.96  
    0.081       438.08          780.47        3024.46         4070.05         4686.24  
    0.088       104.06          544.48        1841.00         3317.36         4465.89  
    0.094       0          488.77        1647.10         3124.61         4519.11  
    0.100       0          549.77        1712.09         3163.30         4566.94  
    0.106       0          603.76        1539.29         3018.70         4557.58  
    0.113       0          602.59        1673.78         3009.84         4603.18  
    0.119       0          600.16        1797.97         3117.47         4599.36  
    0.125       466.85          1286.08        1906.08         3159.61         4543.57  
    0.131       619.84          1331.83        2087.62         3291.79         4613.71  
    0.138       634.51          1164.98        2221.90         3576.41         4696.00  
    0.144       674.48          1073.15        2341.57         3691.54         4727.89  
    0.150       742.25          999.36        2535.32         3736.90         4763.25  
    0.156       820.68          924.21        2650.33         3752.93         4782.08  
    0.163       856.08          888.81        2648.08         3842.56         5333.64  
    0.169       885.01          892.61        2608.80         3895.79         5500.00  
    0.175       883.55          951.02        2605.47         3709.37         4939.57  
    0.181       875.57          1023.85        2579.63         3429.74         4649.35  
    0.188       896.77          1003.22        2572.67         3747.13         4767.56  
    0.194       898.00          973.63        2554.61         3752.57         4759.71  
    0.200       884.82          1010.22        2540.60         3516.01         4743.46  
    0.206       891.65          1058.18        2523.92         3650.69         4724.25  
    0.213       898.97          1078.32        2508.90         3841.46         4774.73  
    0.219       899.76          1079.88        2503.99         3892.30         4797.49  
    0.225       904.14          1086.75        2527.86         3906.50         4776.30  
    0.231       902.49          1128.42        2589.06         3920.67         4674.20  
    0.238       896.53          1143.25        2593.24         3914.57         4733.96  
    0.244       890.17          1136.91        2601.55         3884.98         4802.33  
    0.250       880.00          1143.00        2619.75         3856.83         4811.61  
    0.256       868.31          1165.49        2647.85         3841.59         4793.48  
    0.263       853.08          1176.81        2633.53         3793.47         4812.99  
    0.269       843.65          1178.36        2629.53         3639.23         4894.69  
    0.275       830.67          1170.54        2584.64         3690.10         4991.00  
    0.281       832.39          1172.28        2548.35         3795.83         5386.78  
    0.288       835.68          1184.58        2597.16         3811.35         5500.00  
    0.294       840.32          1195.00        2655.40         3810.89         5500.00  
    0.300       844.42          1195.93        2739.43         3869.59         5246.76  
    0.306       841.74          1172.78        2783.42         3548.14         4482.06  
    0.312       844.02          1160.50        2793.70         3546.20         4247.51  
    0.319       850.94          1153.02        2791.84         3507.76         4307.94  
    0.325       856.25          1149.79        2773.17         3703.39         4240.80  
    0.331       856.33          1152.61        2786.49         4014.60         4133.91  
    0.338       866.29          1166.76        2791.77         3910.67         4414.22  
    0.344       875.38          1183.53        2780.54         3799.35         4647.77  
    0.350       880.87          1196.16        2753.05         3702.73         4606.07  
    0.356       874.22          1199.38        2773.23         4078.16         4488.16  
    0.363       858.82          1203.48        2750.86         4000.47         4555.46  
    0.369       846.02          1214.36        2734.09         3938.38         4704.28  
    0.375       841.26          1222.64        2778.08         3953.07         4937.78  
    0.381       837.93          1227.86        2899.55         3995.99         5383.10  
    0.388       836.12          1232.30        3007.90         4062.68         5500.00  
    0.394       194.46          926.09        1651.84         3283.17         4423.67  
    0.400       0          835.07        1229.24         3040.54         4123.40  
    0.406       0          837.47        1201.37         3056.88         3932.08  
    0.413       0          846.12        1178.94         2979.04         3773.40  
    0.419       0          854.12        1200.47         2951.05         3718.32  
    0.425       0          860.16        1236.21         2984.10         3688.21  
    0.431       0          868.55        1244.62         2976.83         3673.32  
    0.438       0          869.09        1266.93         2958.50         3658.56  
    