0.025       623.08          924.02        2285.56         3492.43         5070.18  
    0.031       614.75          961.03        2372.27         3725.56         5085.83  
    0.038       575.49          949.16        2426.84         3766.38         5089.03  
    0.044       439.91          933.67        2608.08         3793.69         5109.23  
    0.050       501.27          928.03        2968.80         3617.72         5486.91  
    0.056       527.33          933.44        2942.20         3772.87         5500.00  
    0.062       547.16          957.86        2890.60         3793.29         5500.00  
    0.069       18.38          834.86        911.17         2644.22         3860.54  
    0.075       0          854.17        998.29         2649.38         3798.43  
    0.081       563.46          941.12        2450.17         3759.07         5442.89  
    0.088       624.65          917.65        2330.91         3811.18         5500.00  
    0.094       720.64          877.87        2238.25         3796.78         5500.00  
    0.100       709.52          853.33        2166.41         3799.25         5500.00  
    0.106       426.76          833.52        2086.85         3774.24         5500.00  
    0.113       13.99          27.95        849.03         2101.72         3832.41  
    0.119       0          776.03        1893.51         2494.45         3844.54  
    0.125       0          818.78        1938.99         2420.72         3859.14  
    0.131       0          27.50        930.61         2036.50         3833.20  
    0.138       0          0        936.14         2124.86         3858.78  
    0.144       0          868.40        2008.06         2675.54         3876.36  
    0.150       0          854.06        1887.32         3418.24         3833.64  
    0.156       372.89          898.38        2268.83         3811.61         5444.03  
    0.163       454.86          914.63        2300.92         3863.02         5500.00  
    0.169       472.44          891.48        2406.76         3889.72         5500.00  
    0.175       489.34          897.69        2493.75         3946.48         5500.00  
    0.181       480.71          873.58        2417.07         3913.16         5500.00  
    0.188       530.64          886.33        2290.26         3905.75         5324.14  
    0.194       534.21          907.44        2309.18         3928.89         5493.89  
    0.200       531.59          901.94        2408.59         3941.19         5500.00  
    0.206       525.74          957.96        2391.40         3916.04         5150.82  
    0.213       527.75          962.64        2353.25         3928.71         5131.59  
    0.219       519.53          971.93        2434.43         3960.97         5010.29  
    0.225       517.26          958.28        2580.53         3917.02         5483.42  
    0.231       513.69          957.80        2741.44         3932.73         5500.00  
    0.238       552.84          951.23        2576.58         3908.17         4998.83  
    0.244       577.45          936.40        2424.28         3929.47         4827.57  
    0.250       554.11          957.73        2411.23         3957.23         4900.00  
    0.256       542.92          976.90        2564.84         3941.22         5020.21  
    0.263       562.54          974.63        2904.39         3978.73         5484.04  
    0.269       518.02          976.80        3016.08         3839.80         5500.00  
    0.275       514.78          986.82        3004.49         3792.40         5500.00  
    0.281       510.40          994.36        3148.24         3798.51         5500.00  
    0.288       502.51          990.61        3127.81         3830.05         5145.73  
    0.294       501.02          980.83        3075.51         3854.59         5084.83  
    0.300       499.98          972.38        3084.07         3874.16         5127.35  
    0.306       499.82          975.47        3153.66         3834.51         5487.55  
    0.312       496.75          963.43        3121.66         3815.81         5168.88  
    0.319       501.79          954.77        3073.29         3810.62         4946.30  
    0.325       494.02          972.40        3113.66         3839.37         4910.39  
    0.331       490.73          978.45        3123.43         3849.91         4945.69  
    0.338       487.74          976.07        3136.76         3830.83         4974.57  
    0.344       504.51          966.83        3219.02         3852.98         5006.78  
    0.350       510.04          952.96        3302.04         3818.89         5020.14  
    0.356       494.28          967.59        3236.47         3836.94         5044.22  
    0.363       487.91          962.95        3032.79         3841.50         4967.19  
    0.369       483.81          966.40        3075.72         3823.64         5000.21  
    0.375       490.58          965.28        3035.45         3857.09         5015.03  
    0.381       489.58          964.85        3177.80         3861.72         5037.28  
    0.388       492.67          966.86        3313.62         3852.07         5069.33  
    0.394       491.77          970.33        3282.77         3851.74         5025.87  
    0.400       485.00          958.30        3239.31         3856.33         5351.25  
    0.406       476.81          953.22        3146.18         3847.26         4947.90  
    0.413       461.67          941.05        3016.43         3833.75         4925.72  
    0.419       446.71          943.92        3001.23         3839.79         4995.08  
    0.425       452.31          948.43        3011.71         3845.19         5134.11  
    0.431       439.28          925.25        3072.28         3843.83         5487.88  
    0.438       407.49          892.99        3108.09         3837.03         5500.00  
    0.444       400.24          883.77        2942.17         3816.18         5124.56  
    0.450       417.89          919.18        2886.61         3833.91         5063.07  
    0.456       404.90          908.61        2920.24         3898.61         5125.41  
    0.463       377.82          910.59        2857.34         3874.18         5170.38  
    0.469       364.10          969.92        2886.86         3838.89         5225.74  
    0.475       340.98          1025.37        2977.91         3858.53         5245.86  
    0.481       320.58          1035.75        3013.59         3939.24         5491.49  
    0.488       285.75          1030.57        2925.41         3943.76         5317.47  
    0.494       244.12          1005.48        2875.91         3764.81         5205.91  
    0.500       225.31          994.65        2838.23         3664.94         5162.84  
    0.506       211.11          1025.20        2865.38         3575.65         5106.06  
    0.513       201.57          1077.09        2819.60         3670.76         5102.14  
    0.519       204.48          1079.10        2772.24         3704.95         5153.15  
    0.525       214.29          1107.29        2805.29         3702.77         5109.64  
    0.531       230.32          1084.84        2908.29         3657.76         5028.76  
    0.537       256.11          1040.28        2875.15         3721.30         5033.73  
    0.544       364.38          1093.37        2780.54         3871.71         5202.94  
    0.550       492.63          1103.28        2745.06         3772.91         4941.99  
    0.556       482.16          1086.98        2705.17         3691.43         5145.24  
    0.562       328.78          1124.21        2609.23         3720.86         5229.80  
    0.569       373.52          1192.41        2622.33         3753.74         5067.15  
    0.575       406.38          1160.07        2740.05         3739.65         4941.98  
    