0.025       693.16          1381.93        2308.09         3654.13         5178.56  
    0.031       680.52          1340.02        2301.41         3605.66         4974.32  
    0.038       659.42          1224.65        2292.49         3609.38         4891.26  
    0.044       634.87          1101.65        2265.64         3624.23         4822.35  
    0.050       632.16          1108.98        2282.21         3635.73         4800.64  
    0.056       628.94          1106.48        2315.67         3627.19         4666.37  
    0.062       637.23          1118.69        2312.36         3627.43         5209.23  
    0.069       654.61          1148.96        2296.63         3627.57         5365.75  
    0.075       660.06          1111.62        2290.24         3613.12         4828.00  
    0.081       662.95          1081.02        2285.76         3597.83         4734.13  
    0.088       664.78          1080.84        2286.30         3588.12         4567.00  
    0.094       672.49          1073.32        2287.23         3591.47         4518.68  
    0.100       668.95          1065.83        2292.74         3591.53         4453.04  
    0.106       668.42          1083.46        2297.91         3602.02         4435.01  
    0.113       667.78          1080.89        2303.92         3615.96         4429.74  
    0.119       665.69          1080.69        2302.98         3616.13         4405.46  
    0.125       654.45          1086.68        2308.60         3609.93         4363.51  
    0.131       654.78          1091.64        2310.12         3614.93         4361.39  
    0.138       657.40          1110.19        2316.67         3616.00         4445.47  
    0.144       661.36          1123.93        2320.78         3613.55         4478.94  
    0.150       664.12          1141.47        2320.93         3610.66         4509.45  
    0.156       665.69          1141.72        2322.93         3607.36         4393.95  
    0.163       672.36          1137.18        2324.03         3598.67         4501.46  
    0.169       676.24          1144.37        2319.53         3598.21         4588.22  
    0.175       670.75          1183.94        2315.31         3593.60         4396.69  
    0.181       665.94          1185.19        2302.64         3574.63         4227.48  
    0.188       669.44          1178.55        2294.68         3553.72         4327.48  
    0.194       674.66          1169.01        2302.17         3530.86         4331.61  
    0.200       673.20          1173.28        2307.79         3493.77         4371.55  
    0.206       660.53          1204.41        2285.77         3516.96         4394.73  
    0.213       657.30          1150.73        2287.59         3541.99         4401.35  
    0.219       658.88          1104.21        2282.69         3557.22         4410.74  
    0.225       663.11          1094.15        2276.52         3589.39         4319.67  
    0.231       650.19          1103.35        2282.32         3597.46         4424.97  
    0.238       640.37          1092.77        2287.19         3571.33         4486.83  
    0.244       641.95          1055.63        2290.87         3546.45         4560.47  
    0.250       655.84          1046.51        2299.01         3589.29         4555.42  
    0.256       648.51          1053.56        2285.65         3576.43         4463.49  
    0.263       642.73          1095.77        2289.83         3589.74         4409.74  
    0.269       634.30          1145.75        2310.07         3586.69         4490.29  
    0.275       621.99          1165.56        2295.30         3549.27         4536.28  
    0.281       628.07          1146.97        2281.37         3428.18         4509.44  
    0.288       628.91          1171.59        2264.82         3437.93         4503.88  
    0.294       644.40          1166.85        2286.68         3392.75         4591.64  
    0.300       657.89          1175.97        2322.77         3680.20         4600.28  
    0.306       666.39          1054.12        2323.50         3776.28         4596.05  
    0.312       575.08          1002.27        2308.81         3906.19         4682.73  
    0.319       455.07          1046.72        2308.30         3989.97         4878.71  
    0.325       428.50          1016.24        2311.91         3770.38         5012.32  
    0.331       328.22          849.87        2265.21         3690.56         4798.89  
    