0.025       0          800.82        1734.88         2888.17         3784.49  
    0.031       0          633.37        1418.92         2493.55         3820.88  
    0.038       0          583.49        1120.03         2653.31         3842.52  
    0.044       0          603.08        1015.40         2907.87         3771.61  
    0.050       417.02          860.63        2366.70         3498.66         4040.03  
    0.056       607.86          972.30        2928.84         3718.03         4261.38  
    0.062       628.16          995.78        2984.71         3734.53         4725.49  
    0.069       640.15          1019.20        3005.84         3758.70         5329.78  
    0.075       654.66          1043.14        2943.21         3785.95         5271.15  
    0.081       662.87          1051.25        2916.45         3802.81         4950.11  
    0.088       666.38          1040.87        2905.02         3798.43         5130.84  
    0.094       666.47          1027.98        2899.95         3740.87         5426.28  
    0.100       672.79          1029.98        2913.77         3725.17         5170.31  
    0.106       675.06          1036.67        2919.78         3748.98         5372.77  
    0.113       672.77          1042.25        2928.46         3698.51         5500.00  
    0.119       676.59          1043.33        2926.50         3658.22         5500.00  
    0.125       682.82          1049.93        2897.63         3637.34         5248.75  
    0.131       688.69          1057.20        2874.98         3625.48         5021.64  
    0.138       705.74          1082.24        2848.32         3679.82         5061.68  
    0.144       723.60          1120.48        2794.97         3822.93         5387.65  
    0.150       736.38          1153.44        2747.75         3892.79         5500.00  
    0.156       743.06          1152.82        2587.69         3859.90         5500.00  
    0.163       739.56          1138.69        2431.01         3855.30         5500.00  
    0.169       729.15          1113.34        2460.38         3827.07         5072.27  
    0.175       728.15          1112.02        2681.89         3822.66         4924.85  
    0.181       746.50          1141.16        2779.90         3918.10         5341.74  
    0.188       765.31          1142.23        2761.76         3943.07         5500.00  
    0.194       782.46          1147.33        2731.01         3892.00         4746.26  
    0.200       786.26          1170.65        2636.30         3923.77         4557.96  
    0.206       218.83          904.15        1666.56         3065.54         4113.06  
    0.213       561.07          1040.20        2156.82         3487.12         4539.37  
    0.219       773.59          1118.03        2480.49         3817.89         4666.61  
    0.225       780.66          1197.47        2656.55         3973.14         4311.68  
    0.231       777.82          1177.73        2565.91         3828.33         4514.26  
    0.238       774.37          1142.31        2606.18         3775.83         4800.77  
    0.244       765.66          1124.08        2758.45         3783.56         4922.03  
    0.250       749.97          1127.29        2798.58         3779.26         4994.70  
    0.256       742.93          1112.74        2792.28         3791.94         4990.09  
    0.263       739.93          1098.57        2844.46         3916.87         5138.97  
    0.269       732.54          1083.63        2904.42         3901.38         5132.37  
    0.275       720.57          1036.93        2889.11         3756.50         5194.32  
    0.281       706.15          998.00        2894.33         3665.12         5424.34  
    0.288       702.71          1004.26        2899.05         3672.77         5500.00  
    0.294       705.09          1014.90        2891.82         3700.06         5310.05  
    0.300       712.40          1016.14        2876.92         3709.88         4937.41  
    0.306       710.31          1008.06        2868.64         3675.22         4731.79  
    0.312       703.86          999.89        2874.91         3653.47         4500.41  
    0.319       710.45          1011.53        2875.28         3660.27         4514.11  
    0.325       713.91          1019.20        2883.82         3669.78         4530.90  
    0.331       717.00          1020.05        2902.00         3684.36         4562.77  
    0.338       717.33          1011.62        2905.07         3683.36         4763.67  
    0.344       713.62          1000.29        2902.92         3687.74         4618.67  
    0.350       698.75          999.02        2891.41         3685.65         4277.95  
    0.356       701.95          995.53        2892.89         3698.19         4233.25  
    0.363       704.85          990.87        2895.47         3704.15         4306.38  
    0.369       709.48          988.49        2898.78         3692.93         4428.90  
    0.375       709.56          1007.31        2897.56         3714.56         4560.33  
    0.381       705.94          1015.03        2874.14         3752.82         4647.61  
    0.388       706.65          1007.48        2865.06         3735.99         4831.98  
    0.394       703.92          996.93        2879.49         3699.72         5331.65  
    0.400       697.17          987.65        2894.13         3715.10         5500.00  
    0.406       694.20          990.32        2920.96         3745.93         5500.00  
    0.413       193.21          765.04        1537.49         3149.97         4213.64  
    0.419       487.75          876.91        2341.17         3180.64         3845.17  
    0.425       663.00          895.04        2829.91         3424.06         4175.56  
    0.431       570.17          878.69        2550.60         3591.46         4667.14  
    0.438       447.69          882.70        2423.04         3633.25         4920.01  
    0.444       373.86          892.65        2464.03         3595.47         4890.54  
    0.450       99.84          249.57        1340.33         2749.30         3907.66  
    0.456       0          0        943.01         2325.56         3517.61  
    0.463       0          658.49        1777.95         3165.93         4519.06  
    0.469       0          923.51        2117.44         3498.74         4921.86  
    0.475       0          953.45        2247.61         3578.58         4802.57  
    