0.025       474.25          1776.85        3001.21         4194.78         5500.00  
    0.031       134.96          917.55        2199.13         3356.26         4563.47  
    0.038       0          659.18        1961.93         3048.46         4206.88  
    0.044       0          741.55        2077.33         3135.34         4213.21  
    0.050       0          998.39        2168.36         3431.15         4380.73  
    0.056       0          1073.76        2144.08         3624.29         4746.61  
    0.062       194.97          1730.01        2836.55         4134.22         4718.96  
    0.069       77.56          919.27        2318.62         3452.15         4346.89  
    0.075       511.16          1592.73        2429.20         3471.08         4863.63  
    0.081       686.73          1235.90        2651.48         3516.59         5247.70  
    0.088       612.73          939.16        2680.13         3549.32         5301.98  
    0.094       528.14          924.38        2652.46         3712.49         5291.49  
    0.100       412.82          836.04        2654.60         3736.43         5208.02  
    0.106       551.18          836.01        2668.47         3680.68         5145.96  
    0.113       609.55          875.35        2678.41         3710.77         5085.31  
    0.119       613.96          861.95        2692.64         3722.57         5042.14  
    0.125       652.85          810.19        2683.56         3765.48         5007.46  
    0.131       657.43          879.43        2677.79         3750.58         4977.38  
    0.138       624.67          953.14        2700.71         3707.69         4973.07  
    0.144       609.56          972.85        2686.47         3702.76         4985.11  
    0.150       601.29          969.97        2687.70         3733.99         5048.38  
    0.156       587.75          960.56        2692.58         3740.87         5150.26  
    0.163       570.37          949.04        2700.62         3696.67         5122.47  
    0.169       553.00          931.70        2706.07         3612.27         5060.49  
    0.175       541.19          915.54        2713.47         3595.86         4953.15  
    0.181       542.67          861.36        2710.54         3586.41         4911.87  
    0.188       576.06          796.38        2704.59         3675.15         4822.69  
    0.194       592.73          789.88        2726.18         3890.87         4887.00  
    0.200       580.78          832.59        2803.23         3940.75         5031.68  
    0.206       581.69          855.01        2811.99         3960.34         5017.82  
    0.213       602.23          836.08        2744.73         4037.80         5021.06  
    0.219       609.41          844.02        2732.13         4090.92         5049.67  
    0.225       608.10          872.82        2759.11         4044.75         5033.00  
    0.231       595.46          889.59        2728.82         3862.63         4967.43  
    0.238       584.15          892.62        2699.27         3668.69         5018.72  
    0.244       576.42          890.21        2698.33         3668.06         5080.84  
    0.250       582.59          889.79        2701.05         3769.71         5041.35  
    0.256       590.47          885.17        2680.38         3947.93         4980.06  
    0.263       592.88          882.45        2649.30         3988.92         4909.10  
    0.269       592.26          887.20        2647.55         3826.14         4877.54  
    0.275       597.83          892.83        2660.53         3703.20         4874.18  
    0.281       617.80          879.56        2685.17         3736.93         4895.75  
    0.288       637.29          881.41        2687.93         3847.57         4944.07  
    0.294       661.33          882.34        2704.42         3915.94         4919.96  
    0.300       678.77          869.72        2699.58         3850.85         4778.03  
    0.306       678.43          880.14        2683.35         3769.80         4762.35  
    0.312       642.76          913.76        2675.11         3872.13         4846.08  
    0.319       622.86          953.02        2697.59         3900.30         4835.64  
    0.325       618.95          975.41        2720.44         3858.76         4870.43  
    0.331       613.78          977.95        2729.18         3805.27         4858.05  
    0.338       618.31          971.39        2715.23         3745.72         4828.11  
    0.344       619.94          974.51        2697.53         3620.88         4859.30  
    0.350       620.81          977.02        2699.40         3668.23         4925.95  
    0.356       618.05          975.34        2686.97         3774.48         4934.72  
    0.363       611.51          971.44        2728.98         3756.66         4944.28  
    0.369       604.94          965.43        2714.63         3757.80         4942.74  
    0.375       605.06          960.53        2650.06         3663.61         4955.02  
    0.381       603.53          964.87        2609.01         3647.01         5010.27  
    0.388       601.71          960.02        2594.27         3627.42         5056.86  
    0.394       602.17          949.51        2594.80         3644.48         4993.85  
    0.400       593.63          947.78        2592.85         3708.58         4912.26  
    0.406       580.31          938.66        2575.42         3637.96         4945.87  
    0.413       556.84          931.25        2568.53         3516.08         5047.74  
    0.419       530.60          927.34        2557.59         3543.34         5065.82  
    0.425       514.61          915.64        2535.37         3659.90         5064.13  
    0.431       489.68          917.90        2518.50         3731.87         5069.85  
    0.438       432.32          919.75        2509.05         3725.89         5071.84  
    0.444       373.23          900.09        2794.04         3658.56         4995.35  
    0.450       371.10          827.13        2922.53         3747.15         4767.16  
    0.456       358.40          796.11        2660.42         3889.28         4823.04  
    0.463       328.02          865.94        2571.22         3845.19         4985.86  
    0.469       276.19          872.67        2569.06         3756.65         5021.33  
    0.475       73.77          245.87        1264.27         2911.76         4159.03  
    0.481       471.24          548.06        2114.19         3495.00         4604.57  
    