0.025       557.03          1065.03        2765.69         3375.70         4903.12  
    0.031       572.14          924.52        2840.37         3590.67         4809.57  
    0.038       541.40          864.66        2906.62         3667.95         4655.42  
    0.044       522.24          860.53        2931.41         3706.50         4676.76  
    0.050       514.50          822.90        2938.98         3736.67         4602.67  
    0.056       529.31          826.68        2944.14         3677.46         4465.92  
    0.062       554.45          839.80        2940.62         3666.07         4422.81  
    0.069       559.85          846.97        2934.35         3711.66         4383.94  
    0.075       557.96          864.60        2934.38         3827.76         4388.29  
    0.081       571.21          886.68        2937.74         3833.00         4390.85  
    0.088       592.07          904.85        2949.44         3759.45         4359.83  
    0.094       616.03          925.87        3030.25         3787.62         4411.97  
    0.100       630.63          942.82        3160.54         3819.25         4448.84  
    0.106       643.93          951.98        3056.77         3825.08         4421.87  
    0.113       657.54          965.57        2986.89         3789.62         4385.18  
    0.119       665.77          983.02        2977.23         3790.28         4403.15  
    0.125       668.78          994.01        2972.77         3929.33         4509.15  
    0.131       671.85          994.01        2955.79         3990.51         4458.85  
    0.138       686.14          1004.25        2910.57         3931.39         4394.84  
    0.144       716.03          1024.53        2866.26         3905.65         4493.15  
    0.150       747.30          1027.47        2855.56         3895.43         4687.09  
    0.156       759.49          1027.61        2845.09         3897.12         4782.16  
    0.163       762.45          1029.15        2802.67         3935.53         4815.53  
    0.169       765.94          1028.67        2790.40         3922.47         4789.70  
    0.175       800.97          1017.01        2784.21         3913.72         4987.85  
    0.181       807.50          1023.71        2797.89         3916.25         5122.45  
    0.188       832.36          1014.42        2777.61         3892.52         4968.58  
    0.194       858.45          1020.07        2742.87         3925.97         5044.29  
    0.200       841.11          1048.71        2764.53         3836.86         4858.36  
    0.206       841.58          1090.36        2784.57         3793.06         4764.00  
    0.213       835.87          1116.11        2775.07         3769.66         4475.44  
    0.219       822.50          1150.36        2772.26         3733.45         4390.58  
    0.225       811.66          1180.08        2810.80         3738.73         4625.55  
    0.231       798.52          1163.33        2828.24         3726.12         4693.11  
    0.238       784.52          1154.59        2854.54         3724.46         4589.53  
    0.244       771.75          1144.66        2865.45         3747.79         4533.96  
    0.250       774.26          1124.00        2859.26         3807.32         4634.33  
    0.256       782.02          1111.32        2864.03         3839.57         4648.43  
    0.263       780.40          1100.72        2879.11         3883.49         4534.87  
    0.269       780.80          1103.52        2858.64         3861.69         4427.55  
    0.275       778.13          1105.76        2841.25         3823.19         4303.35  
    0.281       775.20          1109.48        2838.99         3812.91         4282.77  
    0.288       767.02          1107.24        2831.55         3762.02         4351.64  
    0.294       762.08          1104.04        2832.79         3728.11         4390.36  
    0.300       759.83          1104.30        2809.93         3730.10         4342.39  
    0.306       760.16          1100.26        2782.26         3775.84         4368.74  
    0.312       759.18          1103.30        2739.81         3737.12         4398.79  
    0.319       761.08          1111.58        2684.56         3695.06         4302.81  
    0.325       764.52          1125.10        2720.31         3726.38         4535.13  
    0.331       766.46          1136.07        2697.56         3729.02         4913.77  
    0.338       770.91          1140.40        2679.67         3759.81         5393.90  
    0.344       774.84          1144.91        2735.29         3857.58         5500.00  
    0.350       163.38          860.12        1489.65         2994.26         4257.55  
    0.356       620.02          1078.64        2432.67         3533.15         5168.42  
    0.363       786.43          1165.73        2768.07         3698.94         5500.00  
    0.369       165.72          870.37        1516.98         3274.44         4100.83  
    0.375       0          788.77        1186.18         3275.15         3827.27  
    0.381       0          765.86        1177.12         3173.19         3894.15  
    0.388       0          761.64        1178.36         3092.76         3832.22  
    0.394       0          771.16        1211.95         3025.93         3782.85  
    0.400       0          774.71        1184.60         3035.69         4043.88  
    0.406       0          840.13        1164.43         3044.53         4115.88  
    0.413       0          1006.56        1168.56         2985.93         4129.40  
    0.419       0          976.60        1196.19         2953.24         4018.99  
    