0.025       0          930.69        2137.07         3021.76         4219.21  
    0.031       0          917.90        2148.48         3029.19         4163.67  
    0.038       0          945.73        2218.52         3049.21         4305.68  
    0.044       0          984.11        2262.51         3081.39         4401.87  
    0.050       0          1035.23        2263.09         3111.79         4301.83  
    0.056       0          984.91        2289.59         3130.98         4166.27  
    0.062       0          1031.37        2360.17         3114.70         4152.40  
    0.069       0          833.74        2320.34         3344.18         4221.19  
    0.075       405.61          849.89        2376.72         3570.10         5316.94  
    0.081       68.48          607.33        1082.78         3340.60         3902.03  
    0.088       0          561.76        852.25         3140.18         3637.51  
    0.094       470.11          809.11        2593.29         3512.97         5231.10  
    0.100       557.95          827.54        3272.53         3585.57         5500.00  
    0.106       588.94          783.91        3625.41         3772.79         5500.00  
    0.113       85.79          621.46        1243.78         3616.29         4188.10  
    0.119       0          589.88        854.33         3557.25         3970.48  
    0.125       500.33          809.65        2974.61         3717.34         5279.16  
    0.131       583.79          839.34        3180.66         3657.77         5094.10  
    0.138       611.54          849.50        3516.09         3623.85         5431.47  
    0.144       646.82          868.35        2604.22         3594.47         4859.79  
    0.150       662.01          891.50        2270.70         3527.11         4706.05  
    0.156       665.10          914.84        1899.95         3507.94         4699.77  
    0.163       662.26          815.01        1967.77         3486.32         4705.27  
    0.169       658.38          687.31        1977.32         3493.20         4821.84  
    0.175       649.19          907.26        2078.13         3504.64         4807.68  
    0.181       642.59          973.82        2075.17         3477.75         4775.80  
    0.188       640.52          993.87        1987.98         3456.24         4844.44  
    0.194       640.99          992.10        1974.98         3429.35         4891.13  
    0.200       641.08          981.42        2077.20         3568.17         4873.19  
    0.206       628.86          971.12        2210.65         3697.25         4844.56  
    0.213       630.84          959.40        2306.92         3627.37         4831.08  
    0.219       630.02          985.19        2301.57         3466.50         4806.46  
    0.225       631.78          1015.21        2151.77         3566.73         4738.42  
    0.231       629.36          976.43        2325.46         3667.19         4725.78  
    0.238       629.37          955.23        2455.20         3726.32         4725.06  
    0.244       626.94          951.08        2453.87         3756.73         4902.60  
    0.250       625.23          927.74        2333.84         3649.29         4732.60  
    0.256       614.01          888.03        2311.34         3662.60         4628.38  
    0.263       607.89          871.43        2413.24         3691.22         4668.86  
    0.269       610.56          874.29        2482.09         3750.70         4783.65  
    0.275       608.38          872.61        2460.78         3763.62         4944.26  
    0.281       601.69          870.12        2675.58         3624.64         4936.16  
    0.288       589.64          857.74        3045.50         3578.80         4935.42  
    0.294       586.74          853.75        3320.96         3481.38         5070.16  
    0.300       584.73          850.12        3415.12         3775.75         5441.18  
    0.306       582.58          843.96        3413.05         3883.42         5500.00  
    0.312       580.55          849.06        3401.04         3907.27         5500.00  
    0.319       579.16          854.24        3439.17         3930.41         5500.00  
    0.325       580.90          858.13        3458.67         3804.56         5164.23  
    0.331       581.44          858.88        3312.44         3627.95         4866.17  
    0.338       582.03          857.24        3168.13         3682.21         5402.56  
    0.344       581.10          857.18        3137.65         3646.66         5500.00  
    0.350       582.26          859.80        3152.99         3606.06         5223.85  
    0.356       584.04          859.57        3173.53         3604.55         4975.97  
    0.363       581.92          860.48        3230.67         3598.87         4903.73  
    0.369       582.27          866.52        3469.26         3581.49         5056.31  
    0.375       583.41          872.65        3533.31         3885.38         5439.79  
    0.381       583.47          875.74        3563.00         3864.17         5500.00  
    0.388       583.03          876.18        3362.89         3652.26         5032.32  
    0.394       583.76          881.22        3514.39         3845.54         5421.04  
    0.400       583.49          882.58        3497.70         4195.67         5500.00  
    0.406       584.48          885.78        3578.35         4032.45         5103.40  
    0.413       583.78          888.58        3218.99         3688.24         4903.46  
    0.419       585.82          892.08        3166.14         3615.86         4936.51  
    0.425       589.01          897.08        3225.61         3572.55         5042.10  
    0.431       593.02          904.16        3115.90         3584.05         5152.63  
    0.438       594.60          908.60        2858.62         3615.08         5068.71  
    0.444       597.03          917.80        3239.75         3603.89         5435.27  
    0.450       603.46          925.66        3507.19         3637.61         5500.00  
    0.456       612.79          924.05        3103.89         3561.14         5200.05  
    0.463       614.37          931.67        2788.80         3582.54         5150.60  
    0.469       615.59          945.16        2625.04         3614.26         5024.68  
    0.475       619.11          935.24        2588.20         3560.92         4977.93  
    0.481       624.17          897.93        2630.11         3541.56         5169.26  
    0.488       612.73          891.06        2505.14         3538.61         5183.77  
    0.494       608.12          898.37        2370.10         3546.59         5194.43  
    0.500       601.65          947.62        2469.16         3575.25         5229.90  
    0.506       603.74          961.38        2517.76         3582.98         5186.28  
    0.513       614.85          971.10        2587.98         3556.72         5190.90  
    0.519       613.93          964.92        3022.18         3604.35         5455.67  
    0.525       546.43          948.71        2960.57         3634.60         5364.48  
    0.531       396.69          977.83        2641.01         3645.42         5178.98  
    0.537       393.64          962.82        2534.19         3633.34         5206.41  
    0.544       456.99          838.51        2516.70         3640.32         5121.09  
    0.550       564.17          625.60        2399.65         3630.13         4941.63  
    0.556       581.65          920.47        2550.49         3624.98         5001.36  
    0.562       634.21          889.09        2389.43         3702.32         4886.08  
    0.569       360.99          937.37        2563.24         3781.94         4932.53  
    0.575       603.35          880.65        2495.55         3813.60         4987.79  
    0.581       806.20          853.46        2484.91         3802.15         5022.78  
    0.588       692.01          1067.45        2458.09         3824.31         5022.73  
    0.594       611.24          1091.50        2375.44         3775.68         5151.77  
    