0.025       621.56          977.32        2465.07         3430.69         5500.00  
    0.031       582.41          969.95        2728.38         3468.92         5374.59  
    0.038       532.30          936.26        2702.79         3507.63         5314.62  
    0.044       493.08          932.50        2656.56         3520.93         5305.47  
    0.050       412.32          921.30        2678.39         3537.33         5298.93  
    0.056       479.01          932.86        2676.53         3515.22         5383.47  
    0.062       581.54          967.30        2706.75         3525.08         5478.24  
    0.069       623.00          980.78        2740.45         3541.76         5500.00  
    0.075       623.81          969.75        2750.32         3538.57         5500.00  
    0.081       673.75          904.70        2775.87         3536.10         5500.00  
    0.088       661.39          929.66        2805.30         3535.77         5008.84  
    0.094       661.71          949.75        2816.79         3536.80         5339.34  
    0.100       624.62          966.24        2821.67         3542.47         5279.22  
    0.106       627.83          963.59        2808.87         3531.33         5427.78  
    0.113       628.22          957.09        2800.98         3527.18         5500.00  
    0.119       624.65          955.82        2780.07         3529.79         5500.00  
    0.125       633.82          948.57        2795.63         3525.91         5097.78  
    0.131       620.20          962.18        2788.00         3521.39         4858.87  
    0.138       621.86          963.14        2808.14         3533.36         4620.48  
    0.144       637.67          950.47        2836.85         3528.08         4729.59  
    0.150       659.25          934.31        2857.06         3532.92         4823.65  
    0.156       673.13          921.75        2876.05         3534.51         5336.24  
    0.163       643.67          952.23        2830.41         3515.04         5398.10  
    0.169       616.81          978.57        2801.65         3507.39         4895.83  
    0.175       612.33          981.16        2802.28         3508.18         4547.37  
    0.181       609.62          986.04        2797.04         3515.47         4319.35  
    0.188       608.05          984.32        2785.45         3517.42         4104.84  
    0.194       626.56          945.29        2799.69         3506.13         4144.20  
    0.200       647.54          913.85        2834.02         3507.31         4233.10  
    0.206       638.54          944.26        2850.35         3523.50         4273.44  
    0.213       654.00          933.09        2860.47         3534.77         4691.85  
    0.219       674.02          911.13        2858.76         3550.78         4872.34  
    0.225       657.16          925.64        2847.68         3557.63         4542.36  
    0.231       629.65          949.94        2837.59         3546.32         4262.61  
    0.238       617.18          962.89        2819.90         3542.56         3995.00  
    0.244       617.24          976.87        2827.73         3537.15         3913.36  
    0.250       614.50          979.62        2830.84         3521.74         4012.40  
    0.256       616.72          977.22        2863.79         3528.43         4223.93  
    0.263       621.40          971.07        2858.32         3530.38         4325.61  
    0.269       632.46          958.22        2843.98         3535.47         4285.62  
    0.275       663.67          932.28        2855.01         3551.53         4367.29  
    0.281       708.20          882.31        2873.46         3566.31         4641.84  
    0.288       705.20          892.56        2852.10         3559.16         4503.74  
    0.294       677.86          936.18        2815.37         3529.13         4393.34  
    0.300       661.50          966.12        2801.78         3507.97         4346.00  
    0.306       646.03          983.99        2809.45         3524.22         4303.19  
    0.312       626.54          1004.70        2812.39         3555.10         4322.65  
    0.319       614.03          1019.10        2794.55         3556.62         4321.69  
    0.325       603.31          1031.24        2783.25         3560.17         4319.82  
    0.331       604.58          1032.15        2811.92         3556.50         4364.84  
    0.338       613.89          1034.68        2801.96         3555.45         4408.32  
    0.344       625.65          1024.06        2736.24         3560.92         4428.37  
    0.350       629.97          1013.58        2692.49         3558.81         4430.65  
    0.356       641.35          1009.80        2704.35         3573.49         4421.94  
    0.363       654.73          1009.46        2693.76         3578.94         4415.05  
    0.369       663.50          999.86        2656.97         3635.58         4483.33  
    0.375       668.63          1007.45        2583.38         3669.19         4792.49  
    0.381       656.79          1050.69        2536.56         3703.26         4932.33  
    0.388       626.87          1083.04        2523.50         3730.22         4896.56  
    0.394       627.54          1099.63        2474.03         3808.74         4778.05  
    0.400       608.65          1112.82        2477.07         3971.20         4754.80  
    0.406       589.25          1120.85        2454.27         3985.71         4868.82  
    0.413       561.50          1091.72        2447.83         3875.26         4879.54  
    0.419       505.81          1018.90        2492.10         3905.45         4890.12  
    0.425       483.97          929.05        2491.33         3941.67         4917.16  
    0.431       118.79          223.41        1329.09         2853.02         4411.93  
    0.438       0          0        981.94         2524.79         3929.67  
    0.444       0          0        888.09         2531.85         3357.71  
    0.450       0          612.04        1352.02         2651.66         4501.43  
    0.456       0          862.45        1907.22         3084.27         4893.89  
    0.463       0          822.72        2056.25         3179.52         4888.87  
    0.469       0          733.53        2049.27         3092.33         4829.86  
    0.475       0          789.50        2084.24         3357.65         4810.07  
    0.481       0          907.25        2158.47         3524.78         4831.07  
    0.488       0          938.03        2151.88         3519.91         4830.91  
    0.494       0          845.36        2120.91         3301.23         4912.87  
    0.500       563.27          1296.74        2740.34         3151.53         4962.63  
    0.506       713.30          1635.02        2993.30         3270.33         4909.25  
    0.513       747.15          1781.45        2978.29         3820.74         4851.32  
    0.519       793.65          1904.74        3002.43         3882.69         4801.16  
    0.525       728.18          1998.41        3107.58         3532.03         4760.12  
    0.531       728.36          1913.96        2903.77         3788.97         4877.08  
    