0.025       0          777.95        2312.14         3395.99         4571.48  
    0.031       577.20          1855.34        2940.48         4223.80         5226.92  
    0.038       824.31          2321.76        3134.83         4562.38         5500.00  
    0.044       794.50          2356.06        2842.76         4554.96         5500.00  
    0.050       229.68          1165.38        2469.21         3854.38         4857.74  
    0.056       0          693.27        2313.95         3560.07         4617.57  
    0.062       0          207.41        1210.37         2698.06         4627.88  
    0.069       0          515.67        1891.67         2706.08         4648.45  
    0.075       459.34          907.77        2438.93         3714.87         4651.76  
    0.081       668.09          900.50        2366.26         4022.02         4641.75  
    0.088       198.62          254.90        1189.66         2786.86         3795.45  
    0.094       490.56          602.44        1860.33         3237.25         4331.61  
    0.100       204.39          715.89        2348.49         2782.87         4684.50  
    0.106       0          651.46        2262.30         2424.02         4658.03  
    0.113       452.76          887.02        2461.91         3061.86         4825.89  
    0.119       188.64          751.24        1908.91         2811.40         4719.66  
    0.125       469.80          898.09        2174.93         3828.55         4659.33  
    0.131       650.49          1037.94        2337.07         3825.59         4669.95  
    0.138       647.26          1083.27        2321.65         4093.16         4661.40  
    0.144       646.24          1046.83        2337.45         4529.14         4723.40  
    0.150       675.68          944.12        2343.58         4132.28         4709.87  
    0.156       686.92          917.57        2329.06         3722.08         4751.36  
    0.163       666.95          976.19        2308.65         3816.87         4759.84  
    0.169       670.91          1025.16        2312.39         3871.58         4707.15  
    0.175       693.04          1012.40        2323.76         3764.09         4731.71  
    0.181       739.26          946.73        2322.93         3697.32         4711.39  
    0.188       726.27          995.37        2304.37         3711.60         4663.79  
    0.194       718.49          1015.67        2296.79         3780.27         4682.59  
    0.200       720.24          1007.77        2292.45         3855.83         4691.91  
    0.206       734.60          970.13        2289.65         3752.79         4712.01  
    0.213       762.10          827.56        2287.68         3677.62         4724.73  
    0.219       728.33          774.37        2302.90         3652.15         4741.15  
    0.225       699.91          764.86        2326.01         3626.36         4787.43  
    0.231       737.05          827.53        2333.85         3561.03         4772.53  
    0.238       769.07          824.40        2329.47         3531.52         4751.70  
    0.244       763.07          844.39        2328.71         3499.95         4733.82  
    0.250       707.45          905.12        2328.43         3479.88         4714.57  
    0.256       689.46          936.25        2327.21         3486.84         4722.83  
    0.263       702.14          935.90        2326.22         3486.77         4765.81  
    0.269       670.08          961.49        2294.81         3478.72         4749.72  
    0.275       670.85          973.48        2258.03         3604.36         4707.62  
    0.281       670.47          972.28        2280.65         3755.01         4714.86  
    0.288       657.40          936.57        2367.22         3637.75         4736.55  
    0.294       685.34          924.87        2378.33         3658.68         4784.79  
    0.300       695.33          924.54        2362.34         4360.77         5294.87  
    0.306       720.61          801.09        2369.04         4345.60         5010.40  
    0.312       711.68          755.01        2390.34         4015.36         4762.64  
    0.319       626.29          769.14        2395.94         3802.57         4782.15  
    0.325       174.75          227.68        1298.80         2799.68         4185.98  
    0.331       0          0        856.59         2391.61         3629.18  
    0.338       0          0        818.60         2371.28         3525.66  
    0.344       0          0        860.48         2366.38         3661.30  
    0.350       0          0        969.66         2401.76         3733.71  
    0.356       0          0        991.97         2414.66         3716.16  
    0.363       0          659.62        1714.08         3132.61         4558.74  
    0.369       0          904.21        2071.55         3431.63         4881.85  
    