0.025       692.27          1046.44        2826.67         3582.80         4211.47  
    0.031       693.80          1053.38        2875.00         3583.48         4186.20  
    0.038       696.71          1058.47        2937.12         3585.32         4145.85  
    0.044       697.22          1057.40        2963.44         3585.45         4128.62  
    0.050       698.98          1057.46        2964.89         3595.96         4159.64  
    0.056       704.08          1060.51        2937.22         3610.37         4194.39  
    0.062       708.81          1062.31        2898.01         3609.82         4169.40  
    0.069       707.60          1056.98        2886.92         3607.90         4143.49  
    0.075       701.31          1052.50        2854.54         3616.32         4155.98  
    0.081       698.53          1055.65        2839.77         3627.13         4175.16  
    0.088       698.89          1059.30        2863.50         3620.76         4162.30  
    0.094       698.08          1060.77        2858.34         3600.79         4136.93  
    0.100       697.10          1064.37        2839.79         3585.69         4115.43  
    0.106       696.56          1067.62        2836.21         3572.15         4106.14  
    0.113       695.38          1066.47        2835.73         3550.95         4109.55  
    0.119       696.47          1062.95        2832.37         3537.81         4108.79  
    0.125       699.87          1058.70        2832.80         3543.50         4103.87  
    