0.025       938.21          1696.61        3068.99         3616.76         4925.90  
    0.031       291.04          1358.53        2459.07         3369.81         4644.55  
    0.038       0          1251.21        2202.64         3269.50         4454.20  
    0.044       0          1204.62        2345.35         3423.05         4329.66  
    0.050       0          1043.99        2388.77         3476.79         4370.78  
    0.056       503.62          1097.71        2639.87         3703.85         4957.56  
    0.062       226.48          1100.21        2531.18         3712.20         4959.95  
    0.069       0          1072.88        2223.45         3460.66         4710.47  
    0.075       0          1283.22        2265.02         3306.08         4473.61  
    0.081       0          1472.15        2156.94         3202.80         4261.19  
    0.088       0          926.67        2096.31         3423.39         4499.28  
    0.094       503.26          1722.76        2198.01         3530.11         4744.33  
    0.100       724.31          1970.09        2730.73         3547.90         4800.27  
    0.106       706.66          1784.91        2926.57         3744.14         4834.79  
    0.113       646.57          1628.36        2812.16         3854.07         4988.73  
    0.119       736.27          1616.77        2908.68         3903.63         5053.83  
    0.125       902.13          1779.50        2923.87         3957.73         4909.30  
    0.131       1146.51          1502.47        2712.36         3875.32         4965.23  
    0.138       813.24          1490.79        2659.49         3850.21         5083.67  
    0.144       714.83          1761.06        2748.18         3851.22         5003.61  
    0.150       744.52          1636.22        2460.42         3753.42         4917.21  
    0.156       229.42          1189.96        2374.80         3553.18         4540.26  
    0.163       549.31          1719.25        2707.45         3880.29         5152.05  
    0.169       247.03          1626.49        2747.05         3590.97         4907.06  
    0.175       0          1499.05        2798.86         3501.13         4994.37  
    0.181       410.90          1584.05        2775.18         3613.89         5078.64  
    0.188       184.78          499.91        1922.12         2954.77         4082.13  
    0.194       0          0        1422.10         2577.64         3700.35  
    0.200       0          796.02        2030.99         3199.19         4230.28  
    0.206       0          1199.91        2259.43         3417.62         4486.20  
    0.213       476.71          1708.11        2946.34         3668.83         4803.87  
    0.219       694.83          1937.16        2954.06         3789.80         4948.22  
    0.225       667.03          1746.82        2787.95         3808.06         4928.22  
    0.231       202.80          1530.89        2446.34         3805.01         4163.55  
    0.238       0          1327.82        2042.99         3532.80         4122.47  
    0.244       685.27          1521.62        2354.29         3612.77         4730.26  
    0.250       807.01          1597.12        2679.84         3738.65         4940.52  
    0.256       790.58          1656.64        2793.64         3816.56         5099.12  
    0.263       842.55          1755.93        2931.49         3814.75         5084.66  
    0.269       264.38          1365.54        2389.53         3605.44         4712.75  
    0.275       0          1204.49        2236.06         3491.03         4573.57  
    0.281       465.00          1609.82        2674.94         3838.84         4922.37  
    0.288       566.04          1763.81        2857.54         3993.50         5265.53  
    0.294       160.51          1621.82        2024.44         3485.61         4408.53  
    0.300       682.24          1744.44        2826.38         3508.50         4847.44  
    0.306       306.80          566.50        2217.39         2919.90         4257.19  
    0.312       181.07          1160.18        2464.27         3551.82         4978.03  
    0.319       590.46          1729.89        2883.73         3769.52         5155.93  
    0.325       228.91          1366.60        2427.64         3664.18         5003.79  
    0.331       0          1319.31        2179.61         3590.67         4668.12  
    0.338       518.31          1841.72        2905.69         4039.46         5194.96  
    0.344       805.90          1997.86        3227.01         4552.25         5229.26  
    0.350       257.60          1650.88        2418.99         3750.02         4727.36  
    0.356       0          1443.83        1815.15         3278.52         4319.70  
    0.363       557.50          1645.47        2665.08         3886.43         5100.85  
    0.369       632.95          1689.94        2990.29         4220.86         5500.00  
    0.375       171.90          1231.57        2526.62         3539.91         4812.00  
    0.381       665.09          1833.65        2969.09         4183.60         5190.60  
    0.388       833.24          1585.84        2930.38         4267.83         5500.00  
    0.394       240.21          407.41        1891.51         3110.65         4368.40  
    0.400       0          863.86        2148.90         3526.84         4394.79  
    0.406       0          1329.86        2361.56         3466.77         4191.94  
    0.413       0          1377.80        2343.41         3523.53         4693.77  
    0.419       0          1085.56        2200.35         3455.13         4666.17  
    0.425       0          1073.02        2244.42         3317.69         4328.08  
    0.431       0          1115.32        2265.23         3390.05         4355.51  
    0.438       633.03          1648.03        3078.46         3489.35         4640.28  
    0.444       284.68          1368.63        2537.10         3352.96         4521.45  
    0.450       0          895.44        2170.53         3233.48         4287.05  
    0.456       514.07          1467.03        2736.16         3704.10         5105.13  
    0.463       746.86          1751.55        2951.93         3805.16         5246.61  
    0.469       687.33          1726.40        2977.82         3731.04         5016.32  
    0.475       705.25          1769.05        2992.43         3888.70         4763.63  
    0.481       761.70          1789.75        2747.03         3852.84         4720.02  
    0.488       736.63          1726.18        2567.19         3857.06         4804.04  
    0.494       222.74          526.71        1828.65         2899.01         4135.42  
    0.500       0          791.87        2096.46         3101.29         4275.19  
    0.506       0          1224.54        2291.53         3375.90         4546.70  
    0.513       682.67          1516.74        2843.03         3515.11         4838.03  
    0.519       307.00          1357.31        2637.95         3624.83         4396.99  
    0.525       511.21          1506.27        2486.33         3775.59         4817.06  
    0.531       229.89          505.30        1872.87         2936.46         4169.38  
    0.537       0          1012.97        2146.70         3293.45         4458.51  
    0.544       0          1388.34        2278.46         3592.48         4424.02  
    0.550       0          1243.20        2238.37         3483.22         4330.86  
    0.556       0          1213.28        2324.84         3395.31         4412.72  
    0.562       0          1149.23        2487.42         3339.63         4312.78  
    0.569       0          346.36        1677.91         2900.22         4071.12  
    0.575       0          953.67        1933.81         3118.89         4346.03  
    0.581       0          1538.03        2241.60         3407.83         4823.90  
    0.588       0          1198.67        2358.49         3621.56         4895.31  
    0.594       555.50          1723.38        2919.26         3981.27         5156.19  
    0.600       940.07          1880.77        2948.00         3913.05         5080.61  
    0.606       931.92          1529.63        2807.89         3804.00         5257.22  
    0.613       279.50          435.63        1657.42         2966.08         4242.46  
    0.619       0          0        1092.39         2573.06         3747.79  
    0.625       236.72          679.62        2295.12         3372.52         4598.22  
    0.631       615.70          1015.71        2843.88         3792.81         4932.99  
    0.638       695.43          1098.86        2859.63         3802.18         4818.71  
    0.644       656.11          1132.57        2850.49         3735.14         4757.34  
    0.650       656.93          1129.73        2890.56         3684.46         4699.34  
    0.656       746.33          1048.67        2823.64         3694.30         4659.38  
    0.663       314.57          941.98        2708.09         3724.85         4683.87  
    0.669       226.25          946.16        2730.22         3697.84         4726.62  
    0.675       184.98          1017.98        2789.68         3668.02         4726.32  
    0.681       451.55          1042.55        2854.62         3724.49         4667.15  
    0.688       696.65          885.01        2845.84         3714.97         4655.61  
    0.694       680.80          932.92        2783.46         3691.21         4645.25  
    0.700       614.08          1043.50        2733.73         3683.09         4685.69  
    0.706       601.11          1056.89        2770.87         3664.49         4698.24  
    0.713       586.68          1067.26        2768.99         3683.91         4650.67  
    0.719       578.43          1078.20        2755.40         3674.93         4655.83  
    0.725       571.23          1085.71        2773.95         3637.29         4666.16  
    0.731       566.41          1093.94        2806.55         3617.48         4619.85  
    0.738       557.84          1091.67        2779.15         3628.86         4638.88  
    0.744       551.52          1092.10        2774.04         3640.09         4714.82  
    0.750       559.56          1094.54        2782.86         3624.16         4725.23  
    0.756       577.96          1090.80        2789.04         3606.77         4669.30  
    0.763       590.41          1091.34        2818.91         3636.41         4705.35  
    0.769       584.77          1086.81        2808.66         3620.98         4755.38  
    0.775       587.28          1083.79        2799.92         3630.51         4787.24  
    0.781       588.84          1077.79        2795.17         3666.33         4807.19  
    0.788       584.94          1055.94        2775.54         3652.55         4795.40  
    0.794       596.68          1048.45        2746.05         3625.11         4778.58  
    0.800       602.95          1046.83        2723.54         3619.28         4813.39  
    0.806       582.27          1046.46        2788.58         3619.69         4868.49  
    0.812       568.60          1036.89        2800.30         3615.21         4945.06  
    0.819       597.69          1008.95        2838.89         3624.52         4993.13  
    0.825       618.03          1020.16        2814.23         3618.57         4992.63  
    0.831       655.68          1040.74        2800.87         3615.13         4927.36  
    0.838       627.51          1076.00        2798.63         3631.59         4906.67  
    0.844       587.23          1111.68        2816.37         3655.41         4912.70  
    0.850       571.15          1100.38        2876.04         3679.38         4883.84  
    0.856       597.19          1064.82        2895.07         3692.82         4991.18  
    0.863       189.31          326.68        1575.75         2828.98         4066.61  
    0.869       0          641.77        1902.72         3267.34         4547.55  
    0.875       0          964.72        2339.79         3560.36         4625.50  
    0.881       0          992.10        2282.32         3456.70         4340.81  
    0.888       0          1030.55        2343.63         3424.35         4181.29  
    0.894       0          999.40        2382.42         3539.45         4051.53  
    0.900       0          838.36        2191.98         3454.02         4121.94  
    0.906       516.26          1577.08        2677.17         3791.71         4544.26  
    0.913       232.17          1351.16        2543.09         3507.88         4567.39  
    0.919       0          1098.98        2312.06         3296.81         4431.24  
    0.925       0          1019.07        2232.04         3281.36         4305.91  
    0.931       644.93          1643.55        2851.91         3918.18         5116.56  
    0.938       899.81          1849.21        3007.01         4267.76         5500.00  
    0.944       274.22          1228.99        2249.82         3508.45         4727.06  
    0.950       392.48          1426.53        2693.51         3699.55         5065.15  
    0.956       779.08          1700.26        3103.97         4124.71         5240.72  
    0.963       858.74          1663.54        2919.58         4114.54         4926.07  
    0.969       787.72          1643.36        2846.78         3951.64         4863.75  
    0.975       920.55          1837.82        2910.70         3743.64         4829.75  
    0.981       922.41          1982.01        2793.22         3710.90         4888.91  
    0.988       582.39          1869.01        2913.31         3873.64         5322.30  
    0.994       554.96          1829.53        2916.51         3954.45         5224.80  
    1.000       187.65          570.77        1983.52         3109.21         4291.42  
    1.006       0          1051.80        2395.67         3501.43         5012.15  
    1.012       0          1389.38        2524.48         3574.99         4617.49  
    1.019       0          1076.95        2080.08         3274.33         4270.11  
    1.025       507.99          1497.97        2619.95         3909.33         5038.42  
    1.031       647.12          1723.17        2961.85         4068.53         5116.60  
    1.038       188.28          1541.71        2531.02         3556.68         4771.52  
    1.044       0          1363.45        2375.57         3538.41         4806.00  
    1.050       0          1247.27        2290.49         3344.02         4583.13  
    1.056       448.31          1666.50        2706.47         3876.45         4891.25  
    1.062       201.61          1421.17        2450.23         3381.33         4564.52  
    1.069       0          1223.45        2326.98         3062.34         4281.80  
    1.075       0          1199.63        2487.31         3585.57         5115.47  
    1.081       0          368.57        1860.46         3023.79         4267.61  
    1.088       514.13          1202.72        2259.52         3330.61         4607.28  
    1.094       781.88          1909.56        3012.02         3644.37         5025.56  
    1.100       805.40          1934.51        3118.45         4018.04         5355.10  
    1.106       684.03          1767.95        2930.52         4255.07         4966.26  
    1.113       695.21          1805.49        2911.42         4071.45         4801.01  
    1.119       775.42          1899.87        2890.59         3820.44         4889.34  
    1.125       760.24          1700.29        2813.03         3728.03         4876.82  
    1.131       783.20          1613.03        2770.29         3667.85         4918.68  
    1.137       861.56          1757.99        2764.48         3785.46         5175.35  
    1.144       275.69          1168.40        2213.42         3394.40         4728.00  
    1.150       532.55          1546.91        2695.67         3938.43         5183.66  
    1.156       777.55          1645.37        2915.16         4007.50         5178.46  
    1.163       689.34          1602.66        2907.74         3826.80         4897.16  
    1.169       658.22          1767.20        2986.27         3885.90         4753.36  
    1.175       737.73          1741.76        3040.68         4094.24         4808.12  
    1.181       239.33          1435.60        2832.37         3231.52         4443.64  
    1.188       0          1140.28        2454.29         3117.72         4260.35  
    1.194       0          1039.74        2148.42         3087.73         4253.51  
    1.200       611.08          1426.78        2823.30         3920.84         5112.43  
    