0.025       927.74          1360.83        2377.82         3576.58         5158.36  
    0.031       846.07          1259.84        2431.96         3587.94         5093.30  
    0.038       722.63          1178.15        2337.30         3589.54         5086.75  
    0.044       715.97          1169.95        2245.76         3538.96         5477.03  
    0.050       752.67          1193.21        2419.05         3566.12         5500.00  
    0.056       769.16          1235.10        2566.30         3597.05         4119.52  
    0.062       763.35          1235.45        2874.98         3609.02         4918.00  
    0.069       766.68          1285.42        2923.09         3589.24         5470.54  
    0.075       762.26          1270.80        3183.76         3606.32         5500.00  
    0.081       742.07          1287.94        2820.86         3593.50         4372.45  
    0.088       760.82          1274.36        2980.38         3604.13         5051.22  
    0.094       768.84          1269.82        3275.78         3614.18         5477.50  
    0.100       755.65          1256.88        3415.51         3607.07         5500.00  
    0.106       744.95          1245.09        3446.28         3592.57         5500.00  
    0.113       731.38          1232.88        3453.52         3598.54         5500.00  
    0.119       40.59          751.56        1351.72         3553.20         3717.05  
    0.125       685.34          1189.01        3283.05         3599.20         5395.12  
    0.131       719.86          1187.79        2720.73         3602.20         5014.56  
    0.138       715.97          1180.26        2458.96         3619.86         5033.07  
    0.144       719.69          1178.17        2359.96         3629.03         5037.23  
    0.150       718.59          1174.63        2262.93         3608.85         4899.27  
    0.156       718.51          1170.84        2277.94         3592.69         4728.90  
    0.163       722.63          1171.11        2321.38         3617.20         4794.46  
    0.169       732.80          1186.60        2347.48         3632.98         4765.93  
    0.175       748.27          1210.04        2353.70         3671.84         4692.53  
    0.181       764.88          1259.99        2354.03         3663.03         4698.95  
    0.188       786.60          1316.46        2354.53         3645.64         4680.88  
    0.194       817.06          1382.61        2381.59         3642.10         4808.81  
    0.200       838.66          1399.70        2365.15         3619.41         4723.47  
    0.206       848.43          1428.19        2300.62         3623.22         4716.82  
    0.213       860.84          1404.53        2337.54         3626.11         4761.25  
    0.219       877.73          1347.08        2376.76         3623.83         4822.01  
    0.225       873.80          1338.72        2376.13         3623.85         4903.97  
    0.231       871.66          1372.80        2356.44         3620.94         4749.12  
    0.238       863.06          1417.83        2360.81         3614.08         4625.69  
    0.244       864.50          1440.77        2393.79         3619.75         4857.57  
    0.250       871.14          1422.13        2430.24         3625.97         4964.45  
    0.256       882.43          1431.38        2404.04         3630.50         4958.90  
    0.263       889.05          1405.44        2402.23         3628.73         4932.15  
    0.269       872.36          1403.28        2422.51         3620.76         4786.53  
    0.275       863.58          1437.77        2410.72         3627.30         4709.07  
    0.281       858.10          1470.48        2440.36         3622.45         4803.68  
    0.288       856.01          1433.27        2454.52         3598.72         4796.12  
    0.294       867.37          1353.20        2481.31         3592.09         4702.67  
    0.300       876.86          1328.55        2545.87         3602.01         4712.08  
    0.306       871.36          1433.06        2544.63         3597.28         4578.64  
    0.312       849.76          1510.50        2519.00         3571.66         4405.73  
    0.319       823.09          1473.99        2564.94         3600.21         4608.37  
    0.325       797.32          1574.79        2512.66         3595.75         4758.63  
    0.331       776.21          1596.34        2494.71         3571.82         4742.22  
    0.338       776.75          1544.93        2484.36         3567.47         4711.39  
    0.344       795.62          1454.84        2434.12         3565.09         4665.55  
    0.350       801.53          1376.70        2401.77         3578.01         4739.94  
    0.356       788.69          1303.68        2456.71         3593.90         4735.17  
    0.363       752.53          1239.44        2523.89         3609.92         4706.99  
    0.369       723.12          1209.54        2529.46         3599.19         4721.03  
    0.375       706.99          1196.06        2531.57         3591.50         4790.64  
    0.381       690.45          1158.92        2524.51         3585.72         4859.21  
    0.388       688.69          1123.40        2497.59         3578.09         4879.88  
    0.394       687.74          1109.17        2505.50         3623.48         4968.52  
    0.400       690.20          1108.61        2503.97         3585.92         5119.00  
    0.406       697.75          1108.09        2511.51         3565.30         5023.89  
    0.413       710.66          1121.02        2506.54         3563.70         4864.56  
    0.419       722.09          1118.92        2477.80         3558.56         4869.28  
    0.425       732.27          1129.21        2476.18         3564.25         5465.01  
    0.431       740.69          1131.86        2478.97         3532.42         5500.00  
    0.438       738.41          1130.30        2425.01         3514.58         5500.00  
    0.444       732.24          1096.77        2504.75         3561.45         5500.00  
    