0.025       0          1105.40        2166.38         2720.63         3566.94  
    0.031       0          1069.10        1823.88         2577.73         3589.79  
    0.038       0          905.84        1625.92         2567.34         3573.35  
    0.044       0          938.36        1737.41         2596.48         3572.62  
    0.050       0          1060.80        2010.92         2775.11         3615.75  
    0.056       0          1067.25        2091.39         3071.68         3678.84  
    0.062       0          600.26        1888.81         2950.78         4087.71  
    0.069       261.11          982.46        2420.48         3589.24         5235.71  
    0.075       333.32          849.66        2589.04         3684.34         5319.61  
    0.081       386.58          784.62        2623.68         3732.83         5208.01  
    0.088       457.86          791.58        2633.19         3932.99         5135.78  
    0.094       496.13          800.48        2624.82         3873.05         5082.71  
    0.100       506.93          812.53        2596.15         3909.34         5142.43  
    0.106       511.76          817.95        2532.52         3960.89         5127.91  
    0.113       516.47          812.50        2471.68         3948.14         5175.31  
    0.119       522.26          816.04        2429.05         3962.34         5437.44  
    0.125       539.65          825.02        2432.57         3955.38         5500.00  
    0.131       109.49          619.23        1165.23         3914.26         4354.11  
    0.138       0          566.86        841.53         3939.79         4038.64  
    0.144       0          576.46        848.22         3922.25         3988.18  
    0.150       0          569.65        837.54         3935.57         3989.86  
    0.156       444.96          772.80        2577.90         3927.94         5196.56  
    0.163       554.65          826.83        2968.49         3924.06         5500.00  
    0.169       552.94          828.89        2974.74         3990.78         5500.00  
    0.175       554.32          832.37        3182.07         4026.14         5500.00  
    0.181       111.70          613.74        1322.13         3685.83         4259.84  
    0.188       446.02          784.62        3090.24         3841.88         5187.32  
    0.194       112.45          619.55        1412.18         3698.61         4304.43  
    0.200       447.75          785.73        3075.63         3891.37         5198.56  
    0.206       556.29          836.75        3414.16         3964.88         5500.00  
    0.213       111.79          613.15        1343.74         3600.26         4290.66  
    0.219       441.82          776.48        2536.48         3878.28         5195.09  
    0.225       553.16          832.99        2922.27         3973.95         5500.00  
    0.231       111.38          610.55        1254.55         3304.11         4303.80  
    0.238       442.26          780.74        2931.45         3798.13         5198.40  
    0.244       553.04          837.26        3148.36         3887.21         5500.00  
    0.250       111.32          612.87        1292.21         3909.79         4613.01  
    0.256       441.78          786.18        2322.78         3946.46         5276.36  
    0.263       550.57          847.94        2460.12         3967.01         5500.00  
    0.269       551.65          854.75        2698.32         3977.40         5500.00  
    0.275       550.09          857.24        2730.55         3986.22         5196.09  
    0.281       551.30          863.21        2523.58         3974.77         5059.95  
    0.288       111.10          626.28        1196.56         3868.72         5012.87  
    0.294       0          560.71        873.72         3861.34         5108.09  
    0.300       443.26          810.78        2168.14         3889.60         5159.47  
    0.306       557.28          879.91        2966.39         3936.42         5314.76  
    0.312       559.03          886.51        3477.74         3996.21         5470.26  
    0.319       112.63          633.81        1438.53         3901.44         4900.49  
    0.325       0          571.95        903.67         3826.45         4680.17  
    0.331       0          573.62        906.17         3833.76         4592.89  
    0.338       0          574.59        908.09         3867.61         4422.62  
    0.344       0          571.51        905.04         3884.42         4464.96  
    0.350       0          556.79        892.49         3773.24         4851.55  
    0.356       0          561.60        891.38         3690.09         4705.14  
    0.363       0          561.50        890.35         3737.48         4562.01  
    0.369       0          564.59        895.58         3811.92         4359.29  
    0.375       0          568.32        905.77         3758.83         4248.53  
    0.381       0          563.40        911.48         3717.73         4145.90  
    0.388       0          574.94        903.72         3696.06         4163.58  
    0.394       0          567.39        877.22         3737.75         4018.01  
    0.400       447.94          821.58        2424.35         3747.88         4941.54  
    0.406       582.23          897.46        2857.25         3677.42         5236.07  
    0.413       601.22          911.04        2767.76         3651.93         5449.48  
    0.419       595.67          937.88        2704.91         3628.73         5390.98  
    0.425       596.81          951.51        2587.17         3620.96         5310.67  
    0.431       609.94          951.85        2610.12         3641.26         5272.32  
    0.438       626.87          919.31        2679.29         3660.42         5397.26  
    0.444       644.32          885.23        2752.69         3651.06         5257.20  
    0.450       575.23          853.54        2831.48         3615.80         5131.49  
    0.456       484.31          854.54        3407.79         3601.69         5421.63  
    0.463       492.97          771.80        3212.77         3593.00         5500.00  
    0.469       493.75          664.37        2525.61         3663.80         5255.50  
    0.475       604.73          642.59        2201.23         3733.97         5230.25  
    0.481       127.48          668.63        2006.64         3709.31         5447.53  
    0.488       527.32          1058.03        2143.11         3647.49         5500.00  
    0.494       684.21          1212.75        2502.75         3716.32         5500.00  
    0.500       704.41          1294.09        2592.85         3769.38         5500.00  
    0.506       690.56          1159.50        2432.25         3698.51         5500.00  
    0.513       678.95          1035.60        2439.70         3799.93         5500.00  
    0.519       667.76          1256.26        2222.85         3857.33         5289.12  
    0.525       689.18          1266.38        2246.61         3848.02         5446.83  
    0.531       696.53          1173.60        2315.84         3794.14         5500.00  
    0.537       712.86          1077.30        2369.66         3749.42         5500.00  
    0.544       361.02          896.74        2234.58         3738.34         5500.00  
    0.550       54.63          172.38        1207.04         2396.99         4016.91  
    