0.025       680.98          989.27        2607.97         3629.09         4118.56  
    0.031       675.50          975.41        2563.96         3634.23         4190.90  
    0.038       658.06          974.30        2482.61         3632.41         4240.37  
    0.044       640.52          971.38        2426.63         3617.38         4239.65  
    0.050       647.06          961.41        2415.68         3621.76         4227.41  
    0.056       654.92          948.74        2399.10         3618.75         4160.91  
    0.062       637.81          965.95        2408.12         3578.90         4125.64  
    0.069       630.05          968.78        2419.87         3559.45         4146.67  
    0.075       636.11          963.86        2451.55         3570.54         4148.90  
    0.081       624.72          975.18        2452.24         3561.92         4094.57  
    0.088       613.69          990.77        2448.80         3542.96         4071.08  
    0.094       607.82          1006.45        2432.42         3529.37         4070.86  
    0.100       602.48          1014.70        2402.25         3533.29         4065.45  
    0.106       600.00          1010.94        2395.78         3537.11         4035.02  
    0.113       602.67          1011.26        2407.96         3538.05         4083.49  
    0.119       606.80          1027.03        2411.77         3534.98         4068.95  
    0.125       615.08          1033.22        2390.83         3529.05         4080.60  
    0.131       635.92          1011.45        2379.89         3546.09         4109.57  
    0.138       641.96          993.02        2376.95         3540.58         4093.93  
    0.144       641.77          999.61        2384.32         3533.65         4080.21  
    0.150       645.81          1006.50        2408.09         3542.09         4078.70  
    0.156       643.46          1018.82        2437.83         3549.94         4074.50  
    0.163       638.17          1023.27        2415.31         3529.76         4070.01  
    0.169       638.67          1023.83        2412.14         3512.69         4099.86  
    0.175       642.34          1019.55        2421.20         3535.77         4058.19  
    0.181       639.08          1008.85        2424.51         3535.68         4039.94  
    0.188       640.33          985.41        2430.31         3543.66         4038.23  
    0.194       635.61          966.83        2425.02         3552.25         4035.99  
    0.200       619.78          956.62        2419.90         3567.58         4046.08  
    0.206       610.70          952.86        2423.31         3572.19         4077.25  
    0.213       606.12          960.15        2418.70         3555.66         4069.85  
    0.219       596.27          972.77        2397.88         3539.69         4041.07  
    0.225       601.90          972.04        2379.31         3549.32         4054.45  
    0.231       620.69          962.57        2391.25         3571.61         4097.85  
    0.238       610.86          984.58        2400.74         3553.99         4066.56  
    0.244       606.63          992.29        2391.09         3549.40         4058.63  
    0.250       615.55          983.13        2383.76         3567.30         4114.83  
    0.256       609.67          976.84        2370.17         3561.94         4127.50  
    0.263       611.64          971.27        2395.95         3544.76         4107.21  
    0.269       619.55          965.73        2420.04         3580.07         4170.05  
    0.275       612.80          980.16        2405.79         3607.68         4180.74  
    0.281       593.99          999.58        2393.56         3597.30         4112.38  
    0.288       590.99          1009.35        2428.73         3618.92         4264.22  
    0.294       582.98          1010.56        2416.19         3617.92         4506.84  
    0.300       574.07          1009.94        2392.37         3619.65         4495.44  
    0.306       567.44          1001.92        2369.80         3595.45         4341.32  
    0.312       560.66          995.53        2377.76         3670.38         4480.71  
    