0.025       0          836.40        2256.54         3345.85         4622.32  
    0.031       0          825.37        2283.34         3294.16         4638.93  
    0.038       0          833.23        2299.94         3267.04         4647.99  
    0.044       0          823.64        2364.41         3354.21         4669.65  
    0.050       0          731.95        2367.31         3347.13         4681.82  
    0.056       0          714.19        2222.91         3334.62         4721.97  
    0.062       0          758.10        2237.83         3189.53         4694.24  
    0.069       0          769.56        2218.77         3158.78         4710.29  
    0.075       0          695.81        1860.23         3179.26         4701.48  
    0.081       0          708.02        1839.43         3214.37         4695.53  
    0.088       0          730.12        2087.52         3272.49         4847.99  
    0.094       498.63          716.70        2376.84         3346.63         4924.72  
    0.100       88.86          107.95        940.28         2459.54         3542.63  
    0.106       0          559.78        1950.54         3052.71         4583.15  
    0.113       553.21          775.83        2350.99         3217.03         4934.62  
    0.119       664.88          873.73        2288.34         3237.32         4936.38  
    0.125       692.14          787.07        2555.26         3270.17         4896.05  
    0.131       672.15          829.72        2442.79         3340.03         4780.27  
    0.138       678.22          790.90        2402.21         3379.77         4741.17  
    0.144       102.86          118.28        946.80         2562.12         3698.78  
    0.150       0          590.75        2069.53         3240.85         4612.28  
    0.156       0          105.27        939.71         2439.86         3594.56  
    0.163       523.10          578.72        2083.40         3227.46         4679.04  
    0.169       671.01          712.41        2323.42         3495.65         4876.65  
    0.175       695.45          742.15        2331.53         3485.82         4980.33  
    0.181       338.23          735.37        2312.93         3456.82         4905.22  
    0.188       660.72          787.44        2305.25         3488.16         4768.98  
    0.194       721.89          827.08        2317.18         3545.45         4822.24  
    0.200       713.58          847.89        2317.64         3607.04         4856.37  
    0.206       730.92          775.55        2327.92         3552.78         4890.65  
    0.213       111.05          115.28        987.93         2502.33         3715.77  
    0.219       0          0        743.24         2322.68         3484.26  
    0.225       0          624.13        2054.34         3210.10         4753.53  
    0.231       442.40          744.29        2388.80         3430.58         5011.22  
    0.238       440.52          751.67        2402.70         3443.08         4981.91  
    0.244       540.87          753.54        2408.30         3433.98         4948.06  
    0.250       636.81          757.73        2424.23         3430.76         4866.35  
    0.256       704.54          746.44        2438.27         3416.07         4838.96  
    0.263       725.73          796.56        2478.68         3399.76         4954.21  
    0.269       648.50          866.53        2406.74         3439.25         4947.31  
    0.275       674.00          852.53        2390.30         3540.43         4874.23  
    0.281       708.00          809.72        2440.11         3718.69         4964.19  
    0.288       107.81          121.43        988.00         2701.73         3713.07  
    0.294       0          0        758.82         2431.85         3506.42  
    0.300       0          0        752.89         2446.51         4398.70  
    0.306       0          612.96        2033.21         3102.60         4839.70  
    0.312       0          744.38        1959.95         3196.31         4797.89  
    0.319       0          113.18        944.51         2532.38         3647.36  
    0.325       0          682.91        2217.23         3102.90         4646.97  
    0.331       0          833.53        2352.05         3357.00         4881.89  
    0.338       0          790.20        2362.64         3438.88         5052.92  
    0.344       0          118.21        1066.41         2562.37         3842.18  
    0.350       0          0        955.37         2510.88         3621.32  
    0.356       0          811.27        2210.99         3356.07         4753.40  
    0.363       0          920.17        2056.59         3455.12         4935.74  
    0.369       0          881.51        2022.81         3410.64         4919.26  
    0.375       0          874.62        1905.22         3389.10         4862.84  
    0.381       0          898.69        1864.07         3380.84         4688.46  
    0.388       0          878.77        1892.95         3359.21         4571.12  
    0.394       0          850.00        2080.41         3355.96         4545.09  
    0.400       0          897.66        2099.07         3351.65         4461.92  
    0.406       0          903.05        2000.94         3325.20         4491.35  
    