0.025       585.93          975.30        2798.54         3486.57         5352.68  
    0.031       539.75          954.28        2696.98         3507.94         5351.29  
    0.038       523.04          959.18        2663.88         3501.48         5403.47  
    0.044       469.83          961.00        2716.76         3500.39         5434.29  
    0.050       575.05          985.28        2738.87         3518.52         5498.77  
    0.056       653.34          993.19        2914.60         3544.78         5500.00  
    0.062       660.73          994.58        3065.09         3549.79         4403.82  
    0.069       670.69          977.69        3049.10         3539.60         4275.10  
    0.075       668.65          956.41        3018.33         3540.69         3983.11  
    0.081       666.37          980.92        2996.66         3529.89         4140.64  
    0.088       679.12          992.94        2941.37         3536.56         4096.83  
    0.094       636.55          987.83        3021.79         3543.24         4126.58  
    0.100       638.52          992.64        2933.29         3536.80         4262.25  
    0.106       638.58          978.59        2950.20         3530.06         4171.53  
    0.113       638.66          977.88        2853.95         3529.16         4340.84  
    0.119       645.79          979.31        2883.13         3521.86         4196.25  
    0.125       627.07          985.92        2792.26         3512.91         4054.45  
    0.131       628.03          992.49        2791.74         3530.85         4008.40  
    0.138       641.97          983.93        2848.56         3524.66         4144.21  
    0.144       651.29          980.32        2878.43         3531.24         4145.38  
    0.150       658.70          965.60        2950.08         3533.47         4239.40  
    0.156       650.70          973.71        2853.15         3509.21         4198.67  
    0.163       628.94          991.34        2804.23         3502.68         4007.91  
    0.169       633.82          990.64        2826.76         3508.94         4087.27  
    0.175       640.68          996.62        2826.21         3523.98         4151.01  
    0.181       642.02          1003.79        2801.49         3523.62         3958.02  
    0.188       642.07          994.20        2846.45         3504.09         3878.64  
    0.194       654.13          984.62        2934.61         3509.64         3982.16  
    0.200       647.98          1002.41        2941.17         3532.49         4022.76  
    0.206       669.46          970.56        2968.24         3539.75         4108.23  
    0.213       697.59          929.79        2964.98         3556.00         4015.81  
    0.219       673.45          962.16        2939.83         3559.37         3977.58  
    0.225       665.27          974.08        2952.17         3550.24         4065.58  
    0.231       657.60          982.03        2913.58         3546.12         3856.86  
    0.238       632.28          1020.45        2874.69         3533.02         3716.46  
    0.244       623.93          1025.98        2872.88         3516.23         3774.67  
    0.250       628.65          1016.64        2955.76         3528.15         3802.24  
    0.256       645.96          1011.54        2938.68         3528.85         3960.34  
    0.263       658.20          1009.24        2946.74         3534.56         3964.16  
    0.269       680.33          992.75        2939.58         3550.32         3837.39  
    0.275       727.17          926.28        2951.05         3562.94         3919.78  
    0.281       739.22          935.26        2922.13         3555.42         4115.94  
    0.288       731.01          976.09        2879.43         3531.90         4255.31  
    0.294       734.53          978.52        2849.76         3522.77         4264.68  
    0.300       685.58          1021.32        2857.15         3545.21         4209.41  
    0.306       646.85          1054.07        2880.84         3576.15         4271.01  
    0.312       631.48          1073.99        2847.60         3572.59         4277.91  
    0.319       619.02          1083.13        2825.80         3577.09         4292.67  
    0.325       627.35          1074.05        2846.55         3577.06         4328.07  
    0.331       640.90          1076.60        2751.11         3574.12         4304.14  
    0.338       658.00          1066.36        2643.18         3586.64         4279.11  
    0.344       666.77          1049.39        2626.44         3569.99         4320.66  
    0.350       674.91          1048.90        2674.16         3595.42         4311.58  
    0.356       688.45          1053.52        2615.08         3601.67         4331.86  
    0.363       702.52          1036.69        2559.81         3653.36         4362.46  
    0.369       749.54          1036.95        2456.10         3684.97         4453.59  
    0.375       810.20          1074.90        2407.63         3712.77         4541.00  
    0.381       758.68          1100.30        2393.58         3705.58         4520.78  
    0.388       746.70          1113.30        2260.28         3684.38         4566.49  
    0.394       747.44          1126.74        2299.77         3717.24         4603.11  
    0.400       715.01          1147.58        2310.30         3774.56         4787.20  
    0.406       733.53          1124.65        2214.17         3753.23         4762.54  
    0.413       643.81          1068.40        2313.31         3755.43         4796.13  
    0.419       594.16          1065.44        2297.82         3633.37         4920.82  
    0.425       11.17          20.05        1058.36         2323.01         3111.71  
    0.431       0          0        1089.90         2186.96         3538.62  
    0.438       0          0        1141.46         2133.07         3607.05  
    0.444       0          0        1147.50         2061.84         3584.97  
    0.450       0          0        1116.41         2021.17         3717.59  
    0.456       0          0        1068.11         2047.50         3624.17  
    0.463       0          0        959.16         2039.26         3404.91  
    0.469       0          0        1046.37         2047.57         3589.45  
    0.475       0          0        1052.57         2059.35         3573.73  
    0.481       0          0        1108.34         2048.29         3554.94  
    0.488       0          0        1074.63         2004.77         3381.92  
    0.494       951.55          1025.48        1813.11         3148.65         4932.06  
    0.500       805.81          1753.17        2453.75         3147.56         4893.63  
    0.506       15.11          908.26        1893.60         2994.68         4846.93  
    