0.025       574.26          1854.99        3057.93         4105.82         5500.00  
    0.031       554.81          1800.94        2871.32         3940.29         5304.26  
    0.038       7.92          25.72        1518.84         2648.81         3933.78  
    0.044       0          1398.57        2476.32         3321.29         4270.75  
    0.050       786.55          1873.01        3065.58         4205.86         5482.51  
    0.056       706.13          1846.97        2989.45         4004.03         4987.26  
    0.062       622.70          1813.66        2818.27         4122.56         5007.29  
    0.069       781.59          1895.20        2988.96         4233.39         5492.97  
    0.075       11.20          1734.50        1842.00         3119.70         4197.25  
    0.081       0          1401.41        2194.20         3270.61         4417.02  
    0.088       0          1095.83        2267.19         3346.80         4440.11  
    0.094       0          1237.40        2337.46         3310.81         4272.20  
    0.100       0          17.71        1404.72         2660.05         3824.71  
    0.106       0          1293.57        2337.60         3346.93         4710.34  
    0.113       0          1344.35        2351.61         3277.66         4473.49  
    0.119       0          19.21        1556.56         2890.71         4254.14  
    0.125       0          1536.97        2810.51         3524.21         4639.57  
    0.131       563.32          1784.80        2805.49         3485.91         4873.10  
    0.138       8.16          1016.99        2213.25         3384.77         4564.00  
    0.144       1016.40          1455.39        2333.87         3715.10         4805.96  
    0.150       495.32          1921.16        2384.99         3781.97         4963.81  
    0.156       390.44          1792.99        2710.96         4026.01         5044.05  
    0.163       553.66          1912.78        2731.50         4257.36         5493.50  
    0.169       7.94          27.35        1181.01         2557.78         3724.35  
    0.175       0          0        1443.29         2531.37         3677.15  
    0.181       0          0        1388.09         2539.20         3779.24  
    0.188       0          1169.00        2202.98         3503.87         4363.47  
    0.194       0          1277.22        2188.53         3573.90         4442.59  
    0.200       0          18.26        1592.56         2676.08         3666.31  
    0.206       798.48          1775.45        2851.88         3779.49         4964.57  
    0.213       872.71          1860.67        2658.10         3782.60         5078.92  
    0.219       12.48          1100.85        2429.15         3625.81         4950.53  
    0.225       0          1226.07        2315.16         3433.26         4332.81  
    0.231       0          1225.57        2303.43         3262.47         4143.09  
    0.238       0          1191.19        2164.83         3268.08         4417.63  
    0.244       710.10          1943.90        3005.67         3730.72         4566.37  
    0.250       548.81          1741.87        2809.48         4001.46         4745.27  
    0.256       532.55          1590.10        2786.14         4006.49         4953.77  
    0.263       7.61          1153.95        2189.67         3303.11         4319.61  
    0.269       714.52          1883.49        3144.40         3947.90         4899.44  
    0.275       767.62          1672.85        2812.56         3938.16         4925.93  
    0.281       691.35          1486.00        2766.64         3953.32         5052.78  
    0.288       652.86          1873.47        2850.71         4113.64         5058.33  
    0.294       638.14          1672.27        2722.76         3893.34         4934.02  
    0.300       663.45          1668.55        2664.02         3729.79         4965.99  
    0.306       651.26          1677.23        2662.79         3783.57         4895.73  
    0.312       642.18          1780.26        3355.84         4259.61         5491.35  
    0.319       614.57          1777.06        3177.57         4244.88         5500.00  
    0.325       8.77          567.97        1870.11         3100.09         4307.42  
    0.331       506.46          1825.44        3098.72         4266.90         5482.72  
    0.338       7.34          595.41        2030.28         3499.80         4877.19  
    0.344       0          642.23        2150.05         3644.16         4701.48  
    0.350       0          9.19        671.55         2403.23         3702.86  
    0.356       0          693.38        2329.17         3624.24         4854.00  
    0.363       0          10.05        749.12         2569.44         3705.71  
    0.369       0          0        734.52         2496.13         3671.52  
    0.375       0          0        718.24         2478.84         3784.85  
    0.381       518.87          707.26        2555.02         3798.65         4823.09  
    0.388       565.52          732.40        2545.74         3849.23         4964.19  
    0.394       198.66          738.98        2491.24         3769.41         4912.45  
    0.400       510.08          761.72        2636.31         3793.31         4789.66  
    0.406       374.96          781.50        2640.02         3797.39         4936.80  
    0.413       566.43          777.52        2836.46         3770.61         4950.44  
    0.419       597.11          807.17        2851.40         3812.96         4787.14  
    0.425       705.76          748.07        2617.32         3686.62         4652.36  
    0.431       551.31          761.41        2411.34         3847.60         4719.69  
    0.438       553.25          765.59        2538.66         3853.86         4882.53  
    0.444       541.83          767.66        2505.67         3834.12         4950.70  
    0.450       704.83          761.80        2838.18         3825.54         4914.73  
    0.456       744.35          768.65        2725.47         3844.75         4869.37  
    0.463       615.27          787.02        2734.57         3780.44         4828.09  
    0.469       674.28          780.56        2720.80         3748.62         4925.54  
    0.475       706.90          958.49        2628.36         3728.09         5491.81  
    0.481       664.31          929.29        2607.29         3764.63         4973.63  
    0.488       671.74          953.87        2655.38         3879.64         4906.37  
    0.494       616.47          1155.15        2815.65         3917.59         4831.97  
    0.500       572.87          1401.37        2762.02         3970.09         4816.12  
    0.506       591.25          1596.73        2607.75         3980.37         5490.23  
    0.513       682.76          1313.55        2581.94         3675.22         4805.41  
    0.519       9.77          816.03        2312.35         3395.75         4672.46  
    0.525       0          523.80        2207.04         3255.37         4783.33  
    0.531       0          621.92        2168.93         3374.75         4576.15  
    0.537       0          653.46        2251.45         3332.84         4699.69  
    0.544       0          901.54        2495.06         3394.96         4774.45  
    0.550       0          12.93        1166.02         2606.73         3637.30  
    0.556       493.93          1890.02        3170.03         3256.90         4557.12  
    0.562       7.16          803.02        2475.42         2860.57         4092.40  
    0.569       0          1089.64        2370.66         3282.18         4230.95  
    0.575       0          958.56        2032.04         3111.15         4387.61  
    0.581       0          773.33        2032.58         3255.01         4394.48  
    0.588       0          938.16        2015.45         3193.52         4298.56  
    0.594       0          1021.76        2113.76         3154.16         4279.04  
    0.600       302.47          1615.31        2823.46         3995.10         5187.67  
    0.606       4.38          23.20        1791.65         2912.60         4142.17  
    0.613       0          1032.94        2262.85         3302.52         4375.68  
    0.619       0          1380.01        2104.48         3345.10         4817.66  
    0.625       0          1608.84        2312.55         3550.95         4940.72  
    0.631       0          23.03        1669.10         2550.92         3867.75  
    0.638       0          0        1674.80         2779.72         3889.02  
    0.644       780.36          2044.44        3253.78         3318.03         4888.87  
    0.650       11.31          29.63        1327.26         2504.49         3757.50  
    0.656       0          1289.34        2370.49         3741.38         4774.88  
    0.663       0          1004.45        2369.41         3606.09         4685.02  
    0.669       963.28          1198.22        2642.13         3996.69         5488.34  
    0.675       13.96          1042.45        2348.17         3395.19         4195.52  
    0.681       0          952.91        2207.61         3584.82         4313.51  
    