0.025       865.17          1711.28        3100.28         4447.98         5500.00  
    0.031       861.57          1605.91        2941.08         4080.33         5500.00  
    0.038       856.78          1415.70        2169.30         3807.84         5500.00  
    0.044       885.23          1402.85        2372.22         4236.67         5500.00  
    0.050       830.84          1532.03        2414.49         4048.52         5023.25  
    0.056       718.12          1278.38        2175.53         3859.38         4829.52  
    0.062       684.12          1120.52        1968.09         3871.37         4786.63  
    0.069       709.29          1116.53        1812.82         3888.03         5062.10  
    0.075       707.87          1113.10        1973.20         3765.71         4954.77  
    0.081       705.49          1117.22        2199.18         3869.56         4886.49  
    0.088       713.18          1154.87        2256.34         3931.12         4923.84  
    0.094       715.33          1221.86        2248.17         3886.98         5013.74  
    0.100       714.98          1263.49        2232.43         3815.58         5051.33  
    0.106       713.72          1285.53        2225.59         3784.31         4929.18  
    0.113       714.12          1302.77        2220.36         3768.06         4884.84  
    0.119       717.07          1316.13        2203.29         3784.40         4908.39  
    0.125       722.40          1325.24        2178.66         3793.61         4876.92  
    0.131       729.05          1330.21        2165.14         3802.22         4788.56  
    0.138       735.70          1324.37        2149.90         3779.36         4770.72  
    0.144       738.14          1326.58        2172.56         3720.36         4828.95  
    0.150       732.20          1330.26        2204.63         3689.67         4841.23  
    0.156       729.55          1341.41        2211.74         3677.54         4845.19  
    0.163       732.12          1357.17        2208.38         3679.61         4893.74  
    0.169       741.48          1391.14        2189.03         3700.39         4899.49  
    0.175       740.59          1388.18        2185.18         3693.52         4926.74  
    0.181       737.23          1362.56        2201.08         3668.59         4911.63  
    0.188       737.75          1343.78        2216.17         3657.34         4920.45  
    0.194       731.51          1321.08        2219.84         3633.66         4955.95  
    0.200       730.92          1300.38        2240.69         3627.65         5015.19  
    0.206       728.16          1280.30        2248.65         3626.19         5023.32  
    0.213       724.36          1275.30        2265.36         3649.33         5043.58  
    0.219       721.53          1271.48        2298.98         3728.09         5071.00  
    0.225       730.74          1272.31        2324.34         3792.20         5080.54  
    0.231       745.09          1301.19        2354.14         3852.40         5040.80  
    0.238       743.44          1288.04        2353.29         3798.90         5100.31  
    0.244       747.63          1261.91        2340.83         3783.04         5195.39  
    0.250       744.08          1258.21        2325.56         3765.69         5250.26  
    0.256       743.61          1264.02        2348.21         3797.28         5378.70  
    0.263       743.29          1328.89        2302.12         3790.25         5314.12  
    0.269       742.29          1367.20        2295.22         3784.63         5197.27  
    0.275       748.71          1363.23        2296.70         3817.96         5175.63  
    0.281       746.44          1359.31        2292.81         3828.88         5247.44  
    0.288       743.55          1382.25        2308.26         3801.83         5314.01  
    0.294       744.06          1400.96        2310.41         3799.97         5465.09  
    0.300       748.08          1415.88        2312.74         3838.50         5500.00  
    0.306       751.38          1411.13        2356.08         3890.07         5366.40  
    0.312       752.32          1387.99        2361.43         3886.81         5466.41  
    0.319       755.42          1391.62        2363.48         3893.94         5500.00  
    0.325       757.42          1432.22        2372.20         3885.69         5172.90  
    0.331       761.52          1480.80        2345.70         3868.05         4896.56  
    0.338       769.54          1492.17        2283.70         3853.66         4968.55  
    0.344       773.51          1479.45        2284.03         3868.38         4963.67  
    0.350       779.59          1494.59        2301.44         3906.72         4823.20  
    0.356       778.04          1458.45        2323.34         3902.16         4785.96  
    0.363       777.02          1440.03        2343.53         3888.52         4913.22  
    0.369       778.80          1440.52        2327.95         3851.69         5052.02  
    0.375       778.58          1413.80        2317.86         3844.28         5017.88  
    0.381       781.21          1417.05        2322.79         3849.58         5030.33  
    0.388       780.87          1409.16        2334.71         3849.49         5079.63  
    0.394       774.03          1347.67        2350.98         3847.22         5085.17  
    0.400       774.09          1270.77        2354.60         3846.38         5010.24  
    0.406       774.50          1250.96        2323.68         3846.57         4978.63  
    0.413       779.99          1280.38        2272.89         3846.91         4948.76  
    0.419       790.16          1287.11        2266.60         3839.39         4970.27  
    0.425       809.95          1298.99        2264.93         3873.75         5036.75  
    0.431       826.70          1361.70        2264.90         3885.95         5117.92  
    0.438       831.18          1365.75        2254.63         3855.81         5112.77  
    0.444       827.66          1251.07        2236.16         3850.52         5113.38  
    0.450       821.77          1180.27        2273.53         3886.25         5085.09  
    0.456       820.19          1100.73        2337.77         3864.19         4947.43  
    0.463       811.63          1050.95        2405.72         3839.36         4718.82  
    0.469       795.93          1023.01        2453.03         3852.33         4537.07  
    0.475       791.62          1001.85        2485.94         3846.46         4419.32  
    0.481       797.90          960.92        2487.07         3830.98         4483.22  
    0.488       787.29          857.81        2449.63         3784.65         4530.33  
    0.494       667.99          849.30        2447.71         3801.58         4497.64  
    0.500       579.48          872.69        2456.90         3836.37         4521.27  
    0.506       554.57          907.88        2436.67         3871.97         5305.06  
    0.513       110.91          609.64        1251.94         2896.15         4290.57  
    0.519       0          545.27        970.81         2647.45         4005.67  
    0.525       0          398.89        964.34         2581.09         3976.07  
    0.531       234.62          796.15        1785.82         3628.55         4866.62  
    0.537       307.79          904.69        2107.16         3956.71         5418.17  
    0.544       345.82          918.44        2163.39         4026.18         5500.00  
    0.550       332.61          940.61        2266.91         4007.84         5500.00  
    0.556       319.22          944.14        2336.69         3951.59         5215.52  
    0.562       311.73          966.73        2414.28         4150.44         5428.48  
    