0.025       710.36          1973.97        2141.11         3523.11         4931.56  
    0.031       672.69          1875.75        2032.54         3515.35         4738.99  
    0.038       640.11          1825.32        1966.00         3472.86         4673.19  
    0.044       635.43          1834.64        1973.11         3481.50         4734.64  
    0.050       634.43          1908.07        2035.04         3497.11         4775.25  
    0.056       633.63          1877.43        1995.72         3419.99         4801.22  
    0.062       248.31          1102.35        1932.36         3330.38         4725.10  
    0.069       0          633.92        1911.37         3289.94         4592.03  
    0.075       382.53          1399.52        2612.53         3251.72         4525.91  
    0.081       627.17          1893.26        3043.82         3249.66         4561.46  
    0.088       625.67          1890.67        3088.08         3386.00         4561.73  
    0.094       623.76          1886.64        2906.10         3316.89         4614.14  
    0.100       620.67          1868.44        2659.20         3424.32         4604.39  
    0.106       617.28          1855.55        2572.31         3584.12         4528.50  
    0.113       616.49          1855.26        2577.10         3629.20         4513.60  
    0.119       619.11          1865.37        2517.87         3557.86         4539.24  
    0.125       622.31          1888.94        2383.56         3355.31         4595.95  
    0.131       623.84          1872.54        2536.91         3298.85         4603.27  
    0.138       625.75          1868.80        2773.03         3320.12         4557.17  
    0.144       628.12          1912.02        2970.70         3193.44         4528.13  
    0.150       630.34          1943.65        2937.81         3094.88         4551.05  
    0.156       631.01          1957.81        2693.43         3193.74         4561.19  
    0.163       631.48          1963.31        2930.14         3428.42         4524.13  
    0.169       247.59          1156.48        2423.36         3220.79         4495.82  
    0.175       387.60          1431.05        2616.08         3104.87         4497.02  
    0.181       637.94          1933.17        3086.48         3238.84         4534.13  
    0.188       638.55          1947.26        2940.86         3192.49         4599.56  
    0.194       640.08          1974.28        2945.71         3094.99         4622.53  
    0.200       642.81          1969.89        3019.35         3418.42         4566.18  
    0.206       644.67          1955.85        3003.87         3323.52         4517.68  
    0.213       252.78          1156.88        2359.29         3112.49         4462.81  
    0.219       0          645.23        1942.36         3076.86         4392.76  
    0.225       0          646.47        1926.46         3037.57         4355.28  
    0.231       0          648.66        1914.36         3032.42         4299.70  
    0.238       0          648.98        1923.42         3025.38         4243.03  
    0.244       0          645.93        1949.50         2989.67         4231.00  
    0.250       0          642.41        1962.73         2959.63         4227.07  
    0.256       0          641.56        1958.18         2963.76         4220.73  
    0.263       0          641.37        1939.55         2933.50         4225.95  
    0.269       0          642.53        1923.09         2919.01         4219.42  
    0.275       0          644.26        1925.58         2940.83         4202.84  
    0.281       0          647.09        1937.70         2945.38         4203.00  
    0.288       0          651.75        1955.80         2943.65         4217.64  
    0.294       0          653.05        1954.42         2963.84         4233.93  
    0.300       0          648.86        1932.16         2989.31         4299.58  
    0.306       0          648.20        1925.29         2994.27         4398.12  
    0.312       0          652.17        1906.72         2956.21         4313.90  
    0.319       0          652.94        1904.93         2958.27         4177.89  
    0.325       391.98          1493.69        2059.23         3548.90         4725.90  
    0.331       642.67          1841.34        2188.53         3889.82         5245.54  
    0.338       640.76          1736.77        2198.41         3857.13         5201.44  
    0.344       641.44          1733.69        2173.48         3822.70         4971.20  
    0.350       645.00          1659.93        2162.62         3781.67         4896.67  
    0.356       654.04          1568.86        2166.70         3785.79         4944.18  
    0.363       258.10          1015.40        2154.84         3505.62         4930.31  
    0.369       407.11          995.21        2565.58         3245.06         4820.35  
    0.375       640.07          1107.86        2966.18         3255.68         4740.10  
    0.381       609.08          1023.35        3021.57         3333.84         4722.58  
    0.388       594.54          1001.22        2966.81         3333.24         4754.66  
    0.394       572.24          968.94        2932.11         3317.41         4872.72  
    0.400       557.15          927.18        2954.01         3406.95         5028.51  
    0.406       578.40          954.66        2971.52         3427.81         4916.67  
    0.413       588.71          981.11        2997.99         3430.76         4865.36  
    0.419       574.99          958.69        2989.92         3494.27         4927.79  
    0.425       547.52          850.77        2987.91         3458.67         4886.39  
    0.431       406.10          897.48        3020.46         3483.14         4912.74  
    0.438       332.46          948.69        2929.00         3694.28         5285.80  
    0.444       310.98          776.83        2854.75         3734.03         5349.25  
    0.450       114.98          263.90        1534.41         3112.33         4268.56  
    