0.025       719.91          1588.13        2587.35         4236.58         5114.52  
    0.031       216.30          949.74        1918.47         3389.81         4800.96  
    0.038       457.35          1337.06        2492.76         3995.61         5249.51  
    0.044       196.43          942.98        1960.38         3647.56         5113.43  
    0.050       430.65          1133.00        2201.12         3492.14         4881.34  
    0.056       621.83          1457.11        2384.96         3613.97         4829.28  
    0.062       629.15          1522.27        2323.20         3655.32         4792.83  
    0.069       646.29          1565.16        2225.83         3601.45         4754.06  
    0.075       665.60          1710.19        2170.14         3632.77         4720.65  
    0.081       671.94          1625.55        2350.32         3720.02         4688.68  
    0.088       684.28          1611.59        2325.15         3704.44         4593.52  
    0.094       681.78          1562.57        2299.10         3628.32         4598.10  
    0.100       654.50          1608.69        2315.34         3658.66         4647.00  
    0.106       657.47          1596.23        2265.63         3646.18         4699.45  
    0.113       678.22          1775.58        2190.56         3640.13         4623.21  
    0.119       690.43          2006.24        2164.54         3718.40         4475.91  
    0.125       702.65          1750.99        2179.18         3638.50         4452.16  
    0.131       707.00          1507.20        2225.52         3592.72         4627.93  
    0.138       698.54          1503.63        2272.02         3615.59         4694.20  
    0.144       677.94          1494.18        2286.98         3611.00         4672.46  
    0.150       665.02          1487.97        2274.70         3603.19         4611.06  
    0.156       672.15          1743.85        2219.13         3847.87         4357.98  
    0.163       678.94          1833.30        2213.26         3932.08         4543.39  
    0.169       678.61          1559.73        2213.12         3826.24         4586.26  
    0.175       676.04          1468.69        2193.28         3791.51         4538.47  
    0.181       667.85          1462.73        2169.48         3653.83         4638.64  
    0.188       665.08          1499.11        2165.92         3613.21         4590.33  
    0.194       663.54          1581.32        2171.50         3660.30         4612.40  
    0.200       659.41          1540.86        2203.76         3670.26         4723.53  
    0.206       659.47          1554.25        2243.41         3709.48         4645.58  
    0.213       657.04          1529.44        2266.65         3669.92         4530.87  
    0.219       654.53          1521.42        2272.21         3624.78         4497.99  
    0.225       667.20          1872.59        2298.23         3908.60         5198.34  
    0.231       202.16          1076.86        2037.65         2967.32         4503.93  
    0.238       0          663.59        1882.36         2477.26         4079.29  
    0.244       0          670.68        1914.11         2543.02         4114.66  
    0.250       0          675.79        1974.80         2478.68         4085.86  
    0.256       0          671.74        2105.92         2249.48         4015.37  
    0.263       469.16          1643.38        2200.21         3446.46         5047.25  
    0.269       669.13          1722.71        2185.79         3812.29         4881.88  
    0.275       660.08          1508.30        2165.68         3620.52         4672.79  
    0.281       663.33          1474.73        2194.08         3566.93         4708.47  
    0.288       670.74          1521.14        2207.46         3581.32         4676.98  
    0.294       673.80          1601.66        2235.28         3633.18         4644.62  
    0.300       675.45          1641.43        2196.83         3628.10         4634.73  
    0.306       664.20          1614.45        2161.80         3616.99         4654.90  
    0.312       651.99          1640.14        2164.02         3601.02         4549.18  
    0.319       647.91          1801.24        2130.79         3596.80         4491.74  
    0.325       646.74          1958.00        2068.34         3604.47         4492.58  
    0.331       645.69          1937.25        2165.60         3559.18         4494.57  
    0.338       639.28          1709.28        2273.01         3590.91         4483.52  
    0.344       646.82          1616.17        2285.95         3563.83         4492.08  
    0.350       660.73          1589.57        2267.38         3533.73         4542.38  
    0.356       671.59          1587.56        2367.91         3714.30         4502.59  
    0.363       690.03          1532.17        2460.25         3942.53         4263.87  
    0.369       700.74          1390.69        2378.45         3842.99         4307.30  
    0.375       720.65          1301.04        2441.81         3753.40         4537.08  
    0.381       709.73          1198.44        2510.25         3713.36         4772.40  
    0.388       660.84          1157.58        2542.31         3756.91         4911.13  
    0.394       631.27          1195.91        2544.02         3756.29         4961.38  
    0.400       625.92          1166.32        2390.75         3649.88         4788.55  
    0.406       570.79          961.81        2571.28         3618.13         4867.50  
    0.413       467.81          867.61        2672.66         3637.68         5077.98  
    0.419       479.10          815.64        2656.32         3652.25         5096.93  
    0.425       497.25          876.24        2638.30         3644.61         5074.37  
    0.431       440.20          922.90        2724.35         3648.85         5128.05  
    0.438       279.38          904.70        2764.69         3637.21         5031.44  
    0.444       444.66          847.64        2952.80         3624.12         4937.55  
    0.450       598.37          856.89        2971.34         3645.20         4919.75  
    0.456       611.79          868.26        2861.20         3551.70         4962.09  
    0.463       590.01          994.68        2775.26         3436.77         5066.07  
    0.469       604.50          1147.63        2856.65         3486.41         5124.22  
    0.475       626.00          1073.58        2965.00         3414.44         5121.67  
    0.481       618.77          974.52        2805.47         3776.11         5384.82  
    0.488       629.33          939.96        2604.56         3859.59         5425.39  
    0.494       612.10          988.12        2637.55         3803.69         5043.24  
    