0.025       0          326.24        1205.63         3066.06         4133.42  
    0.031       0          326.32        1287.73         3031.84         4222.60  
    0.038       250.23          662.34        2520.54         3398.59         4673.32  
    0.044       346.88          728.09        2993.06         3473.91         4907.08  
    0.050       352.37          698.77        2975.47         3432.70         4902.51  
    0.056       376.31          702.07        2982.70         3454.91         4871.36  
    0.062       401.50          701.86        3000.17         3490.64         4861.11  
    0.069       122.13          525.46        1578.95         3170.98         4608.21  
    0.075       0          459.69        1337.89         3036.91         4438.33  
    0.081       0          484.89        1652.04         3138.05         4522.19  
    0.088       0          553.07        1682.43         3146.35         4560.50  
    0.094       0          636.48        1706.95         3028.24         4548.62  
    0.100       0          638.24        1799.43         3034.66         4570.06  
    0.106       0          622.52        1863.07         3106.36         4558.98  
    0.113       0          185.30        998.61         2301.42         3565.98  
    0.119       0          451.33        1621.63         2869.29         4170.30  
    0.125       466.48          986.77        2117.85         3525.62         4661.53  
    0.131       198.84          338.62        1145.28         2617.73         3895.53  
    0.138       0          539.73        1847.65         2919.28         4069.15  
    0.144       0          801.58        2378.21         2931.73         4093.40  
    0.150       0          836.64        2236.69         2718.79         3966.62  
    0.156       592.98          1024.20        2470.85         3550.54         5036.06  
    0.163       837.29          1228.33        2623.16         3682.47         4916.49  
    0.169       833.64          1327.35        2615.60         3377.26         4555.73  
    0.175       851.10          1217.63        2607.39         3930.97         4884.29  
    0.181       846.55          1104.66        2588.55         3859.24         4771.85  
    0.188       847.06          1111.62        2573.75         3534.34         4673.23  
    0.194       854.54          1146.62        2552.86         3585.77         4687.35  
    0.200       857.05          1160.80        2534.61         3767.20         4697.98  
    0.206       854.30          1157.65        2532.85         3845.53         4714.85  
    0.213       858.98          1158.96        2561.82         3872.71         4689.05  
    0.219       858.95          1187.80        2612.43         3867.66         4648.73  
    0.225       857.33          1202.81        2618.07         3858.76         4689.70  
    0.231       853.73          1186.26        2622.44         3842.90         4752.32  
    0.238       851.56          1181.13        2640.88         3837.31         4770.72  
    0.244       849.32          1197.16        2662.33         3836.80         4758.19  
    0.250       844.05          1217.26        2651.47         3805.99         4776.29  
    0.256       840.24          1228.98        2646.03         3730.25         4869.16  
    0.263       827.35          1214.18        2580.51         3796.89         5061.98  
    0.269       831.91          1219.73        2551.06         3829.54         5389.16  
    0.275       832.77          1235.35        2579.53         3800.20         5500.00  
    0.281       835.97          1266.03        2599.62         3803.59         5500.00  
    0.288       836.09          1275.42        2690.08         3860.91         4926.47  
    0.294       825.35          1216.96        2747.55         3456.17         4438.59  
    0.300       818.40          1185.72        2751.01         3396.69         4310.39  
    0.306       828.99          1180.79        2743.64         3335.29         4352.20  
    0.312       820.30          1152.87        2741.60         3679.63         4286.34  
    0.319       805.79          1142.22        2750.19         3817.44         4245.07  
    0.325       845.11          1200.19        2748.13         3728.50         4448.32  
    0.331       876.98          1242.20        2729.38         3684.68         4629.29  
    0.338       900.94          1336.08        2767.63         3642.85         4512.58  
    0.344       896.94          1295.74        2780.58         4036.17         4535.36  
    0.350       865.93          1249.40        2724.06         3936.51         4622.43  
    0.356       845.19          1255.76        2698.52         3851.48         4708.00  
    0.363       836.40          1256.35        2728.75         3823.85         4796.14  
    0.369       822.70          1238.87        2819.20         3769.59         4786.62  
    0.375       809.45          1214.05        2897.02         3725.52         4683.27  
    0.381       802.94          1189.36        2961.27         3773.86         4672.78  
    0.388       798.05          1159.17        3003.70         3739.45         4730.01  
    0.394       793.16          1112.33        3020.72         3707.98         5275.69  
    0.400       236.62          912.42        1726.55         3172.80         4255.62  
    0.406       0          837.62        1207.05         2953.45         3724.05  
    0.413       0          838.36        1277.58         2986.49         3671.66  
    0.419       0          838.37        1281.24         2978.54         3635.15  
    0.425       0          852.50        1265.20         2957.01         3640.51  
    0.431       0          914.55        1194.49         2984.27         3851.45  
    0.438       0          940.71        1267.29         3036.56         3941.78  
    0.444       0          1013.78        1344.52         2971.65         4025.34  
    0.450       0          1081.69        1327.45         2994.13         4103.22  
    0.456       0          519.15        1164.52         3040.32         4030.14  
    0.463       531.79          964.30        2414.81         3216.35         4587.36  
    