0.025       774.37          1037.90        2501.54         4478.82         5500.00  
    0.031       744.73          1035.01        2465.03         4417.62         5241.39  
    0.038       732.50          1031.55        2464.59         4107.25         5138.30  
    0.044       731.14          1025.98        2518.31         3924.66         5139.92  
    0.050       731.20          1002.32        2482.37         4254.28         5147.06  
    0.056       766.50          988.59        2462.39         4406.78         5198.35  
    0.062       772.00          996.15        2448.82         4394.18         5196.82  
    0.069       761.41          1017.58        2419.57         4367.66         5183.26  
    0.075       753.51          1019.23        2419.64         4298.17         5221.84  
    0.081       743.30          1011.36        2420.17         4284.85         5183.46  
    0.088       742.68          1004.89        2420.69         4250.80         5087.67  
    0.094       748.59          1007.31        2421.20         4200.69         5092.74  
    0.100       754.85          1006.26        2414.01         4216.91         5117.33  
    0.106       757.78          1006.30        2416.82         4249.66         5081.19  
    0.113       751.20          1017.98        2399.43         4218.19         5054.42  
    0.119       743.91          1029.65        2385.85         4148.66         5009.79  
    0.125       739.72          1023.87        2387.75         4163.26         4973.29  
    0.131       747.51          1014.41        2404.65         4213.45         4959.62  
    0.138       779.41          996.37        2425.34         4160.67         4983.86  
    0.144       836.28          952.07        2426.92         4137.46         4999.83  
    0.150       874.48          915.08        2431.40         4155.38         4950.88  
    0.156       893.31          902.01        2431.55         4059.89         4955.24  
    0.163       873.39          927.26        2417.35         3933.91         4965.60  
    0.169       893.11          924.87        2397.31         3892.28         4985.05  
    0.175       862.94          928.62        2385.58         3900.97         5007.69  
    0.181       795.34          939.45        2382.71         3926.80         4977.42  
    0.188       846.68          944.29        2400.46         3938.44         4889.67  
    0.194       894.39          957.40        2425.26         3899.59         4850.43  
    0.200       893.42          987.48        2431.58         3891.77         4912.02  
    0.206       866.12          1021.68        2420.92         3928.70         5021.64  
    0.213       907.03          994.76        2406.50         3953.80         5048.00  
    0.219       931.80          977.59        2403.98         4034.45         5012.59  
    0.225       922.17          983.56        2405.11         4088.03         5003.74  
    0.231       900.73          1014.82        2403.55         4109.68         5021.40  
    0.238       872.34          1047.14        2389.93         4166.88         5023.27  
    0.244       878.61          1030.33        2413.60         4280.59         5017.90  
    0.250       907.36          1025.33        2477.24         4324.80         5070.87  
    0.256       896.03          979.38        2493.16         4123.72         5130.63  
    