0.025       727.57          1648.21        2850.91         3942.23         5347.98  
    0.031       589.17          1639.67        2721.51         4003.65         5036.33  
    0.038       644.92          1654.74        2816.19         3769.34         4979.74  
    0.044       740.87          1521.86        2975.68         4039.43         5090.94  
    0.050       479.56          1517.42        3007.75         3858.16         4766.75  
    0.056       679.48          1683.58        2953.17         3715.22         5011.75  
    0.062       738.03          1749.82        2693.12         3685.56         5067.47  
    0.069       739.46          1847.19        2737.24         3809.73         5017.05  
    0.075       755.95          1746.82        2711.39         3826.99         5090.29  
    0.081       675.64          1763.06        2685.61         3840.31         5038.94  
    0.088       577.88          1837.72        2871.10         3961.67         5493.40  
    0.094       8.24          1226.20        2389.74         3596.51         4192.17  
    0.100       0          17.39        1863.73         2425.62         3609.82  
    0.106       513.53          1956.90        3025.75         3587.33         4872.02  
    0.113       7.44          1309.89        2162.04         3330.61         4596.52  
    0.119       0          1223.56        2391.66         3339.59         4501.94  
    0.125       0          1213.61        2334.92         3461.53         4637.44  
    0.131       0          1258.26        2423.92         3511.00         4505.06  
    0.138       718.08          1792.44        2808.02         3836.82         4950.16  
    0.144       733.33          1744.95        2878.47         3789.62         4980.90  
    0.150       10.48          1242.80        2575.28         3790.45         4434.71  
    0.156       0          1250.70        2518.51         3085.80         4125.22  
    0.163       0          1204.09        2524.54         3181.27         4155.16  
    0.169       0          953.36        2553.35         3203.34         4064.36  
    0.175       0          1161.55        2552.77         3193.70         4199.10  
    0.181       0          1125.90        2390.62         3256.39         4379.23  
    0.188       0          1101.91        2309.87         3412.25         4684.95  
    0.194       636.52          1766.09        3397.13         3508.56         4894.99  
    0.200       799.55          1753.38        2957.84         3692.15         4788.06  
    0.206       11.45          1219.90        2450.91         3359.52         4332.93  
    0.213       694.76          1645.32        2989.04         3761.40         4795.54  
    0.219       805.73          1734.23        3134.23         3562.79         4817.80  
    0.225       11.53          24.79        1724.52         3017.58         3599.13  
    0.231       0          0        1627.71         2981.82         3725.37  
    0.238       0          0        1401.68         2880.41         3483.18  
    0.244       0          0        1388.63         3087.36         3776.76  
    0.250       545.53          1433.29        3115.56         3906.52         5475.44  
    0.256       1001.83          1979.63        3326.84         4090.62         5500.00  
    0.263       962.67          2450.42        3411.56         3916.56         4372.52  
    0.269       13.74          940.77        2340.82         3429.82         4584.83  
    0.275       0          1364.76        2194.50         3462.60         4639.08  
    0.281       0          1386.65        1899.18         3430.58         4272.29  
    0.288       0          542.59        1796.30         3376.07         4456.23  
    0.294       793.95          2065.53        2720.66         3625.00         4980.78  
    0.300       11.51          935.00        2341.49         3435.84         4464.49  
    0.306       0          916.06        2226.21         3380.18         4445.54  
    0.312       0          868.94        2061.20         3412.06         4751.84  
    0.319       0          868.36        2211.62         3450.97         5108.84  
    0.325       599.48          895.52        2636.55         3453.42         4948.55  
    0.331       588.83          933.11        2488.77         3440.53         5036.77  
    0.338       597.37          975.22        2532.43         3442.37         4955.32  
    0.344       620.06          985.43        2650.46         3458.71         4916.85  
    0.350       611.82          954.70        2563.91         3478.96         5015.64  
    0.356       603.63          977.19        2465.40         3443.75         4886.75  
    0.363       615.99          952.25        2485.96         3460.23         4913.99  
    0.369       641.67          932.25        2490.53         3484.26         4924.65  
    0.375       629.57          935.79        2415.67         3499.72         4854.61  
    0.381       616.07          943.92        2342.35         3498.19         4888.36  
    0.388       614.38          941.84        2379.36         3487.95         4862.36  
    0.394       615.42          946.66        2448.04         3456.84         4857.27  
    0.400       605.09          949.46        2501.35         3458.66         4886.50  
    0.406       593.56          943.11        2547.13         3489.79         4876.89  
    0.413       588.20          934.57        2474.92         3492.91         4887.30  
    0.419       590.73          931.26        2512.25         3511.82         4862.06  
    0.425       584.02          922.34        2496.66         3550.84         4864.12  
    0.431       576.74          909.13        2490.55         3546.02         4834.64  
    0.438       559.79          893.58        2622.73         3564.37         4922.06  
    0.444       545.66          879.52        2672.14         3556.57         4938.88  
    0.450       520.99          857.70        2543.69         3594.64         4887.95  
    0.456       471.58          868.77        2578.46         3585.03         4913.32  
    0.463       459.66          871.48        2648.65         3643.91         4874.90  
    0.469       264.59          815.05        2700.45         3578.73         4825.90  
    0.475       3.74          735.84        2213.25         3155.64         4171.31  
    0.481       0          755.85        2221.34         3322.14         4138.96  
    0.488       0          861.27        2271.87         3408.84         4269.94  
    0.494       0          967.84        2381.88         3404.92         4643.36  
    0.500       0          998.95        2354.99         3441.24         4440.33  
    0.506       0          886.44        2308.58         3359.85         4698.21  
    0.513       0          837.32        1966.52         3291.56         4631.82  
    0.519       860.86          1832.09        3193.72         4421.07         5487.58  
    0.525       12.48          866.00        2145.49         3458.80         4492.10  
    0.531       0          793.30        2272.64         3459.98         4529.99  
    0.537       811.22          2099.07        2632.81         3502.59         5035.57  
    0.544       11.76          835.96        2196.91         3452.32         4569.35  
    0.550       841.43          1884.88        3401.24         3583.23         4951.06  
    0.556       12.19          908.62        1892.83         3315.39         4286.71  
    0.562       0          963.45        2168.30         3390.95         4391.75  
    0.569       0          963.31        2226.74         3564.29         4775.14  
    0.575       0          1056.88        2357.56         3574.93         5090.53  
    0.581       0          1086.10        2356.82         3500.91         4777.11  
    0.588       0          1217.30        2283.51         3394.02         4502.68  
    0.594       0          1335.79        2244.84         3271.77         4373.25  
    0.600       0          1241.23        2272.93         3214.75         4271.36  
    0.606       0          1169.08        2260.47         3233.46         4298.81  
    0.613       820.78          1729.04        3061.97         4240.60         5482.85  
    0.619       11.90          1385.26        2398.52         3247.14         4747.63  
    0.625       548.17          1680.04        2857.26         4334.48         5489.10  
    0.631       930.44          1780.64        2836.15         4320.49         5500.00  
    0.638       13.37          997.37        2278.18         3312.25         4548.52  
    0.644       904.58          1782.18        2264.72         3557.00         4807.62  
    0.650       743.34          1747.24        3014.58         4020.28         5186.41  
    0.656       644.17          1831.74        2993.00         4046.78         5245.19  
    0.663       791.72          1834.53        3065.55         4570.95         4686.07  
    0.669       11.34          1385.37        2375.79         3501.08         4699.85  
    0.675       408.31          1763.46        3111.55         3515.57         4694.72  
    0.681       831.62          2022.48        2672.76         3642.09         4767.96  
    