0.025       0          1096.73        2069.55         2650.45         3570.34  
    0.031       0          1100.61        1856.14         2468.58         3585.82  
    0.038       0          811.05        1531.72         2484.87         3572.87  
    0.044       0          918.90        1703.23         2561.67         3574.05  
    0.050       0          1068.15        2022.90         2765.11         3612.38  
    0.056       0          1062.18        2068.03         3091.28         3700.67  
    0.062       0          615.14        1891.67         2979.36         4077.19  
    0.069       245.74          881.46        2346.33         3522.13         5164.01  
    0.075       339.57          843.38        2563.90         3670.27         5282.90  
    0.081       393.49          781.52        2617.64         3722.44         5184.19  
    0.088       468.03          788.05        2634.00         3914.66         5130.45  
    0.094       510.13          795.18        2619.78         3869.29         5078.44  
    0.100       528.56          806.25        2580.14         3906.35         5171.76  
    0.106       539.12          811.02        2501.95         3958.78         5170.65  
    0.113       548.16          809.32        2392.58         3944.60         5220.97  
    0.119       556.38          813.99        2329.04         3963.16         5433.65  
    0.125       144.23          640.89        1217.93         3945.71         4798.45  
    0.131       0          587.08        845.07         3911.73         4194.08  
    0.138       0          585.70        845.87         3931.84         4072.29  
    0.144       0          588.68        850.86         3961.86         3996.16  
    0.150       0          584.87        845.65         3945.72         4016.44  
    0.156       424.85          767.55        2777.40         3932.72         5121.08  
    0.163       570.41          832.16        3280.30         3925.79         5500.00  
    0.169       570.10          832.55        3259.58         3971.66         5500.00  
    0.175       147.29          639.40        1465.48         3608.04         4399.19  
    0.181       0          573.64        840.48         3632.80         3956.68  
    0.188       0          573.72        843.41         3764.04         3917.13  
    0.194       0          574.63        845.76         3713.96         3968.60  
    0.200       0          571.61        842.06         3749.04         3959.61  
    0.206       0          568.43        838.28         3718.58         3957.34  
    0.213       0          570.52        840.45         3639.54         3974.44  
    0.219       0          570.30        840.58         3457.60         3966.36  
    0.225       0          570.79        843.04         3265.47         3965.72  
    0.231       0          571.94        847.88         3319.74         3990.31  
    0.238       0          571.89        850.27         3787.43         4036.42  
    0.244       0          571.80        851.38         3879.44         4509.47  
    0.250       0          574.93        856.45         3897.31         4480.19  
    0.256       0          575.22        859.83         3930.60         4885.27  
    0.263       0          574.74        865.42         3948.57         5383.59  
    0.269       0          575.94        869.81         3954.31         5051.96  
    0.275       0          575.11        872.12         3960.28         5059.16  
    0.281       0          577.81        877.19         3959.43         5045.79  
    0.288       0          588.79        885.22         3866.49         5014.88  
    0.294       0          590.40        890.95         3854.40         5100.53  
    0.300       0          588.90        894.66         3879.20         5155.49  
    0.306       0          589.83        897.73         3921.35         5059.92  
    0.312       0          591.10        901.05         3970.15         4403.19  
    0.319       0          597.64        908.07         3895.63         4584.11  
    0.325       0          601.81        913.38         3828.13         4695.05  
    0.331       0          604.02        916.69         3834.52         4604.28  
    0.338       0          606.95        920.68         3866.21         4417.54  
    0.344       0          612.63        925.17         3878.92         4485.08  
    0.350       0          615.60        930.40         3773.57         4784.01  
    0.356       0          617.10        934.52         3692.02         4696.62  
    0.363       0          618.35        937.99         3736.41         4555.86  
    0.369       0          624.72        944.23         3807.10         4380.06  
    0.375       0          631.87        952.52         3758.80         4269.74  
    0.381       0          633.68        952.25         3713.47         4190.71  
    0.388       0          630.19        938.11         3694.39         4189.49  
    0.394       0          600.44        894.50         3729.20         4156.63  
    0.400       420.62          809.40        2239.17         3732.58         4927.76  
    0.406       574.50          900.07        2801.04         3672.54         5422.79  
    0.413       589.11          924.40        2739.43         3646.75         5500.00  
    0.419       597.45          950.78        2614.98         3625.63         5500.00  
    0.425       604.70          966.66        2481.15         3619.10         5365.74  
    0.431       611.02          974.34        2547.22         3638.68         5274.76  
    0.438       620.14          962.38        2657.61         3658.97         5437.85  
    0.444       636.74          916.27        2735.26         3648.93         5268.89  
    0.450       600.68          884.35        2791.09         3612.98         5153.32  
    0.456       151.46          610.29        1393.79         3595.94         4465.84  
    0.463       385.45          760.23        2891.84         4241.56         5172.17  
    0.469       560.76          699.95        2676.80         3891.98         5222.94  
    0.475       621.21          775.54        2268.06         3731.67         5139.86  
    0.481       164.59          211.64        1082.18         2446.83         4078.18  
    0.488       500.63          776.93        1864.38         3213.39         5036.88  
    0.494       702.79          1102.51        2516.40         3718.23         5434.47  
    0.500       719.83          1128.40        2615.21         3766.45         5477.18  
    0.506       688.39          1058.98        2526.48         3709.23         5500.00  
    