0.025       0          1350.60        1937.08         2826.70         4120.84  
    0.031       708.72          1565.03        2655.79         3781.29         5464.35  
    0.038       720.77          1066.10        2549.11         3425.36         5213.54  
    0.044       707.18          1063.83        2608.15         3378.64         5208.60  
    0.050       678.18          1130.97        2588.32         3409.79         5213.28  
    0.056       655.67          1102.04        2505.22         3460.99         5263.11  
    0.062       629.80          1116.53        2607.83         3436.40         5271.82  
    0.069       655.99          1127.70        2667.88         3459.13         5334.79  
    0.075       647.54          1115.32        2673.86         3466.91         5160.88  
    0.081       655.94          1133.39        2648.98         3519.23         5123.75  
    0.088       672.34          1155.31        2639.59         3767.30         5040.55  
    0.094       677.90          1183.29        2621.69         3732.62         4954.13  
    0.100       683.43          1204.86        2562.72         3725.08         5134.10  
    0.106       689.90          1233.10        2535.91         3760.17         5073.70  
    0.113       692.73          1239.23        2536.92         3827.55         4971.08  
    0.119       691.01          1228.20        2530.30         3842.45         4863.79  
    0.125       679.76          1207.74        2483.37         3799.63         4771.33  
    0.131       677.78          1217.51        2453.49         3803.07         4784.00  
    0.138       689.78          1227.56        2472.60         3843.04         4838.66  
    0.144       693.99          1255.35        2465.89         3812.74         4965.27  
    0.150       703.91          1306.75        2434.27         3729.39         5486.26  
    0.156       713.89          1328.15        2427.91         3696.48         4966.22  
    0.163       710.94          1310.18        2405.18         3613.41         4944.82  
    0.169       710.60          1278.60        2421.53         3608.20         4777.30  
    0.175       719.36          1275.71        2458.40         3743.47         4771.81  
    0.181       721.20          1264.09        2441.44         3814.10         4774.31  
    0.188       714.98          1299.34        2394.34         3868.67         4783.11  
    0.194       715.99          1230.48        2405.32         3876.08         4918.03  
    0.200       710.52          1191.02        2405.70         3853.44         4882.35  
    0.206       712.98          1215.37        2376.15         3867.65         4820.04  
    0.213       714.65          1244.47        2374.95         3961.06         5024.11  
    0.219       716.62          1267.08        2355.27         3948.09         5171.17  
    0.225       716.01          1329.78        2349.06         3931.53         5491.60  
    0.231       712.94          1282.98        2345.88         3841.81         5021.50  
    0.238       712.70          1238.54        2340.27         3844.34         4907.69  
    0.244       715.00          1200.52        2307.96         3966.96         4918.38  
    0.250       717.96          1159.20        2304.70         3960.93         4935.55  
    0.256       723.43          1179.44        2343.44         3930.85         5006.23  
    0.263       727.38          1183.85        2356.13         3874.29         5367.24  
    0.269       725.48          1318.05        2344.49         3924.55         5496.81  
    0.275       734.90          1305.38        2342.33         3981.53         5011.16  
    0.281       743.92          1193.97        2388.40         4108.87         5035.09  
    0.288       737.33          1099.40        2400.14         3997.36         4984.94  
    0.294       723.86          1117.57        2365.48         3872.26         4846.45  
    0.300       714.95          1255.53        2304.53         3836.05         4492.17  
    0.306       712.94          1334.64        2289.87         3782.82         4419.79  
    0.312       708.22          1375.99        2282.46         3904.42         4736.21  
    0.319       703.89          1281.68        2259.00         3897.13         4800.65  
    0.325       704.19          1277.59        2285.77         3807.30         5023.97  
    0.331       717.48          1223.47        2305.63         3851.40         4913.68  
    0.338       715.64          1201.65        2281.16         3845.56         4684.30  
    0.344       709.32          1185.11        2238.54         3808.34         4465.48  
    0.350       708.38          1323.70        2224.39         3777.61         4569.65  
    0.356       710.74          1397.20        2219.59         3776.41         4725.73  
    0.363       708.08          1406.06        2253.08         3798.94         4854.95  
    0.369       716.77          1376.61        2250.75         3778.03         4695.62  
    0.375       718.08          1321.20        2263.02         3805.10         4703.68  
    0.381       725.17          1210.72        2261.84         3810.42         4765.90  
    0.388       730.33          1166.14        2244.30         3805.66         4777.93  
    0.394       736.20          1139.71        2294.72         3815.17         4800.07  
    0.400       743.30          1145.47        2305.85         3864.53         4813.90  
    0.406       724.22          1207.16        2322.02         3866.42         4823.13  
    0.413       723.21          1265.38        2347.63         3879.17         5041.64  
    0.419       725.78          1329.76        2334.76         3912.16         5488.30  
    0.425       730.62          1395.89        2331.87         3939.10         5500.00  
    0.431       729.38          1555.89        2355.57         4036.13         5500.00  
    0.438       743.57          1648.08        2394.16         4037.75         5500.00  
    0.444       775.48          1472.92        2441.48         3917.05         5500.00  
    0.450       776.74          1325.81        2477.08         3861.09         5155.21  
    0.456       775.11          1296.17        2477.10         3777.56         5105.26  
    0.463       763.86          1343.13        2424.26         3673.62         5091.49  
    0.469       778.78          1122.42        2307.83         3652.41         5149.86  
    0.475       20.14          28.86        830.77         2296.70         3685.59  
    0.481       782.42          1380.30        2307.31         3576.18         5196.74  
    0.488       824.33          1537.87        2387.05         3611.01         5270.88  
    0.494       850.07          1323.34        2463.78         3650.30         5378.42  
    0.500       21.99          885.47        2139.94         2891.14         3829.04  
    0.506       0          905.36        2074.54         3524.47         3648.31  
    0.513       0          23.43        984.70         2299.08         3602.19  
    0.519       270.88          962.01        2302.12         3592.60         5091.43  
    0.525       300.28          990.80        2360.83         3623.31         5119.97  
    0.531       287.59          992.68        2683.00         3790.42         5140.69  
    0.537       285.53          1006.53        2628.75         4785.52         5148.59  
    0.544       278.13          1003.72        2668.28         4898.33         5181.11  
    0.550       275.25          995.62        2566.47         4576.63         5201.93  
    0.556       280.14          996.72        2555.98         4045.61         5181.08  
    0.562       282.49          995.19        2634.41         3892.06         5176.51  
    0.569       288.31          990.35        2676.67         3827.24         5148.56  
    0.575       295.91          1001.37        2745.57         3754.76         5117.59  
    0.581       306.30          1013.71        2834.21         3770.08         5187.57  
    0.588       282.85          1020.97        2855.32         3986.97         5323.02  
    