0.025       0          609.40        2026.22         3094.75         4498.49  
    0.031       269.61          657.84        2223.70         3312.25         4780.89  
    0.038       308.19          739.33        2487.21         3262.02         4815.69  
    0.044       326.11          771.47        2670.39         3310.17         4783.63  
    0.050       326.74          762.60        2850.60         3381.02         4747.07  
    0.056       303.48          765.63        2919.67         3428.87         4731.23  
    0.062       307.09          780.68        2938.22         3438.12         4793.45  
    0.069       322.92          780.73        2919.10         3418.61         4829.07  
    0.075       338.35          765.20        2904.54         3435.79         4777.87  
    0.081       361.77          760.15        2907.64         3463.75         4681.29  
    0.088       421.19          820.84        2878.16         3424.13         4634.82  
    0.094       458.52          1082.63        2908.76         3402.26         4600.83  
    0.100       463.07          1338.35        2736.21         3446.71         4590.43  
    0.106       474.89          1465.22        2468.24         3468.05         4558.58  
    0.113       505.72          1605.02        2353.00         3539.81         4574.20  
    0.119       85.00          777.95        1957.15         3123.93         4465.60  
    0.125       0          664.07        1760.26         2963.68         4269.20  
    0.131       0          688.58        1828.34         2902.98         4083.27  
    0.138       0          708.50        1997.67         2742.63         3956.22  
    0.144       0          735.57        2207.67         2378.03         3932.59  
    0.150       661.48          1365.27        2367.14         3754.06         5239.33  
    0.156       828.86          1389.32        2450.48         3993.14         5500.00  
    0.163       138.94          928.93        2526.65         2918.44         4605.59  
    0.169       701.33          1145.07        2545.81         3264.13         4578.47  
    0.175       844.74          1231.87        2603.63         3481.31         4635.81  
    0.181       845.97          1187.63        2617.61         3526.29         4841.19  
    0.188       854.72          1293.97        2645.82         3455.53         4718.25  
    0.194       877.91          1309.66        2616.51         3304.04         4664.76  
    0.200       875.23          1332.63        2589.60         3491.89         4631.40  
    0.206       883.81          1359.89        2552.48         3850.32         4612.56  
    0.213       909.56          1421.37        2510.02         3981.58         4829.57  
    0.219       151.97          1009.50        1880.70         2815.37         4158.55  
    0.225       773.29          1524.96        2389.41         3608.94         4810.43  
    0.231       922.33          1705.96        2656.66         3877.41         5411.70  
    0.238       901.80          1664.54        2632.98         3909.86         5500.00  
    0.244       149.24          1026.82        1894.23         2914.73         4287.73  
    0.250       752.44          1571.54        2510.78         3838.60         5258.34  
    0.256       916.13          1691.03        2667.52         4057.27         5500.00  
    0.263       152.73          1059.79        1965.70         3021.55         4384.15  
    0.269       0          920.17        1816.64         2805.50         4264.56  
    0.275       750.61          1561.89        2475.24         3520.06         4437.23  
    0.281       892.18          1752.40        2697.52         4128.32         5328.40  
    0.288       890.20          1778.83        2699.01         4134.05         5500.00  
    0.294       147.95          1055.78        2040.27         3016.83         4316.09  
    0.300       0          920.95        1900.09         2745.81         4066.87  
    0.306       0          909.10        1780.38         2823.88         4051.40  
    0.312       0          906.55        1782.78         2899.17         4101.68  
    0.319       0          899.07        1803.25         2903.06         4062.78  
    0.325       0          893.37        1836.48         2869.30         4104.34  
    0.331       0          897.86        1846.90         2751.97         4103.30  
    0.338       0          898.32        1825.47         2596.73         4012.79  
    0.344       0          909.50        1874.74         2718.25         3930.94  
    0.350       0          934.52        1974.94         2610.02         3939.84  
    0.356       0          927.82        1987.13         2478.88         3965.68  
    0.363       0          917.59        2009.41         2580.03         4003.92  
    0.369       0          922.79        1996.73         3054.69         4259.33  
    0.375       0          929.68        1993.04         2873.91         4214.36  
    0.381       0          943.20        2015.21         2876.37         4230.75  
    0.388       0          157.18        1151.54         2601.27         3872.34  
    0.394       181.78          827.23        2267.65         3316.23         4303.01  
    0.400       36.24          320.78        1252.12         2993.16         3832.77  
    0.406       0          619.86        1022.60         3111.40         3745.29  
    0.413       0          747.87        1099.63         3111.73         3776.21  
    0.419       0          343.12        1085.11         3041.45         3564.20  
    0.425       0          668.00        1091.36         3174.12         3618.39  
    0.431       0          679.28        1263.99         3267.62         3740.07  
    0.438       0          1041.87        1256.44         3270.07         3726.60  
    0.444       0          1091.60        1461.20         3258.94         3714.29  
    0.450       0          1010.30        1309.00         3343.09         3712.91  
    0.456       0          1121.85        1260.82         3364.95         3819.35  
    0.463       0          1112.85        1656.95         3272.19         3942.65  
    0.469       0          1027.62        1680.03         3198.69         3919.06  
    0.475       0          1089.94        1603.35         3172.63         3800.30  
    0.481       0          1090.24        1648.60         3096.39         3787.87  
    0.488       0          1083.67        1791.81         3570.81         3705.74  
    0.494       0          1070.63        1621.93         3522.21         3959.62  
    