0.025       0          1084.53        2142.16         3668.64         4875.78  
    0.031       159.76          1593.41        2723.68         3826.88         4796.59  
    0.038       125.02          1109.25        2518.46         3465.01         4466.26  
    0.044       396.05          1306.06        2400.30         3410.35         4720.35  
    0.050       718.41          1385.94        2678.75         3575.22         5170.63  
    0.056       663.63          927.16        2666.38         3572.76         5245.58  
    0.062       574.33          928.21        2653.91         3817.73         5249.68  
    0.069       550.18          858.27        2632.45         3972.24         5127.76  
    0.075       650.96          841.72        2622.41         3923.65         5059.65  
    0.081       702.15          897.81        2615.79         4095.90         5040.83  
    0.088       683.57          918.89        2620.06         4263.68         4996.83  
    0.094       682.10          936.30        2617.05         4258.85         4980.30  
    0.100       660.00          983.43        2600.60         4228.18         4934.30  
    0.106       633.51          1006.26        2601.65         4163.74         4968.52  
    0.113       621.93          1001.49        2606.76         4118.08         4997.29  
    0.119       615.98          991.19        2605.15         4137.58         5029.72  
    0.125       610.39          979.71        2626.07         4202.86         5310.90  
    0.131       603.70          972.32        2649.81         4208.16         5270.86  
    0.138       593.35          962.37        2652.67         4061.78         5049.98  
    0.144       583.32          954.17        2647.67         4015.59         4956.57  
    0.150       572.93          940.66        2635.76         4005.62         4876.58  
    0.156       567.90          919.33        2624.07         4046.86         4777.03  
    0.163       568.25          907.03        2616.99         4167.81         4782.88  
    0.169       571.11          907.42        2638.04         4182.29         4927.63  
    0.175       578.28          909.24        2649.49         4159.60         5012.03  
    0.181       585.33          908.42        2610.93         4187.69         5046.53  
    0.188       590.87          912.24        2592.80         4215.05         5076.08  
    0.194       601.77          919.16        2621.30         4215.85         5080.68  
    0.200       608.09          920.09        2624.88         4180.98         5012.83  
    0.206       606.03          914.35        2626.86         4067.48         5012.33  
    0.213       602.70          909.38        2640.51         3999.32         5069.98  
    0.219       606.65          909.59        2635.00         4070.39         5102.15  
    0.225       616.08          910.53        2614.74         4157.98         5093.51  
    0.231       621.41          909.87        2600.29         4148.59         5063.65  
    0.238       622.39          912.36        2591.45         4110.30         5079.84  
    0.244       627.61          923.12        2593.92         4068.51         5065.38  
    0.250       635.96          932.67        2617.83         4072.07         5037.67  
    0.256       644.48          953.76        2640.60         4084.15         5040.38  
    0.263       654.23          981.67        2645.18         4099.02         5027.91  
    0.269       663.39          998.43        2635.73         4108.50         4945.89  
    0.275       668.92          1004.74        2636.01         4057.82         4842.50  
    0.281       666.28          1005.55        2637.83         4051.73         4854.42  
    0.288       660.79          1005.76        2630.99         4100.63         4936.75  
    0.294       657.30          1007.28        2637.05         4138.89         4999.02  
    0.300       651.00          1006.58        2639.57         4092.99         4908.30  
    0.306       648.09          1000.84        2620.17         4029.32         4808.72  
    0.312       650.40          995.19        2601.24         4032.80         4813.15  
    0.319       651.97          992.69        2609.57         4058.34         4905.23  
    0.325       650.31          989.43        2600.80         4101.57         5001.42  
    0.331       647.93          983.93        2576.69         4119.54         5017.87  
    0.338       644.03          978.46        2563.06         4104.45         5010.96  
    0.344       642.59          971.18        2565.05         4034.96         4960.30  
    0.350       643.29          970.45        2574.85         3974.55         4951.26  
    0.356       640.58          969.58        2575.22         3895.74         5021.96  
    0.363       638.82          960.61        2561.61         3824.26         5015.54  
    0.369       637.37          958.35        2549.37         3911.12         4938.56  
    0.375       631.54          952.78        2536.28         3898.62         4924.17  
    0.381       624.08          941.98        2516.77         3674.54         5002.31  
    0.388       613.88          938.87        2502.36         3596.74         5041.65  
    0.394       599.28          938.83        2495.65         3788.32         5019.91  
    0.400       580.43          941.24        2495.57         3928.03         5030.54  
    0.406       542.93          943.59        2490.31         3885.87         5061.17  
    0.413       479.65          939.08        2521.87         3848.43         5043.68  
    0.419       464.70          922.03        2558.00         3917.34         4840.63  
    0.425       481.62          897.07        2535.04         4030.85         4754.19  
    0.431       437.96          906.42        2518.44         3964.15         4931.18  
    0.438       378.71          919.61        2518.53         3795.85         5030.31  
    0.444       370.86          848.07        2511.79         3776.84         5021.69  
    0.450       524.67          804.87        2565.64         3837.42         4966.70  
    