0.025       411.56          802.71        2334.87         3365.11         5123.02  
    0.031       421.33          808.00        2330.74         3413.06         5066.00  
    0.038       441.45          837.79        2343.60         3666.98         4978.13  
    0.044       457.32          863.19        2357.33         3782.99         4959.44  
    0.050       454.16          860.22        2362.24         3753.32         4943.13  
    0.056       450.20          846.44        2367.14         3700.21         4866.59  
    0.062       451.74          848.57        2364.78         3717.51         4915.47  
    0.069       451.46          857.55        2346.59         3682.39         4932.51  
    0.075       461.79          856.81        2356.81         3682.42         4804.96  
    0.081       471.51          844.08        2366.37         3689.36         4603.49  
    0.088       474.02          836.13        2374.08         3657.77         4493.08  
    0.094       481.63          824.40        2382.22         3675.49         4372.45  
    0.100       494.59          808.26        2392.90         3693.22         4492.40  
    0.106       498.42          800.84        2398.85         3656.40         4650.76  
    0.113       496.11          805.04        2396.79         3599.16         4696.89  
    0.119       513.71          781.68        2392.88         3603.16         4591.84  
    0.125       543.28          741.56        2385.10         3634.36         4509.50  
    0.131       593.76          676.05        2381.12         3654.31         4498.88  
    0.138       546.60          703.13        2376.19         3626.87         4545.22  
    0.144       522.25          770.93        2374.04         3559.28         4672.08  
    0.150       522.02          792.44        2360.70         3526.91         4620.99  
    0.156       517.44          710.42        2340.04         3535.28         4718.71  
    0.163       515.89          701.10        2335.22         3531.67         4809.61  
    0.169       518.45          714.79        2340.04         3526.59         4746.39  
    0.175       480.40          708.75        2348.13         3532.81         4707.07  
    0.181       436.83          717.55        2347.31         3540.09         4720.26  
    0.188       420.33          736.47        2346.83         3543.94         4763.17  
    0.194       541.77          769.95        2344.17         3535.91         4778.11  
    0.200       518.20          868.56        2343.01         3540.54         4731.78  
    0.206       508.75          864.90        2345.57         3572.05         4714.26  
    0.213       515.42          799.22        2343.85         3579.21         4787.90  
    0.219       80.49          122.73        969.90         2534.73         3788.98  
    0.225       0          0        666.89         2343.86         3585.92  
    0.231       0          0        612.31         2336.91         3585.29  
    0.238       0          0        572.02         2335.98         3631.55  
    0.244       435.90          903.57        2060.36         3444.03         4965.35  
    0.250       501.59          1221.15        2336.31         3685.87         5454.81  
    0.256       479.21          1327.50        2335.47         3743.81         5193.19  
    0.263       467.59          1343.06        2335.66         3740.41         4923.22  
    0.269       457.40          1367.90        2337.04         3707.70         4801.64  
    0.275       447.94          1403.83        2332.32         3705.85         4776.96  
    0.281       440.45          1451.35        2329.54         3757.75         4719.20  
    0.288       432.90          1515.84        2330.53         3810.03         4710.71  
    0.294       419.63          1608.53        2339.32         3818.62         4770.25  
    0.300       404.64          1701.49        2336.49         3793.62         4730.60  
    0.306       395.05          1799.00        2322.48         3770.28         4645.94  
    0.312       388.00          1893.86        2345.63         3757.53         4618.03  
    0.319       380.72          1994.06        2415.63         3745.14         4632.84  
    0.325       373.45          2077.27        2515.27         3755.99         4710.14  
    0.331       364.09          2134.03        2589.69         3752.46         4757.91  
    0.338       355.03          2151.22        2625.41         3718.99         4697.38  
    0.344       347.19          2180.38        2645.78         3716.87         4700.82  
    0.350       339.36          2227.00        2726.60         3764.49         4718.62  
    0.356       334.07          2238.14        2782.91         3752.46         4788.06  
    0.363       330.83          2251.00        2861.53         3797.51         4725.77  
    0.369       324.77          2250.18        2940.03         4451.52         5377.24  
    0.375       311.98          2244.31        2853.52         4544.31         4716.12  
    0.381       299.88          2286.10        2833.86         4554.74         4678.55  
    0.388       294.64          2334.91        2867.87         4564.20         5375.11  
    0.394       293.12          2344.44        2653.82         4596.57         5091.29  
    0.400       286.88          2325.96        2631.28         4562.75         4788.13  
    0.406       282.32          2308.42        2792.51         4540.63         4791.33  
    0.413       43.88          597.26        2415.77         3230.05         4568.61  
    0.419       0          292.92        2358.42         3068.89         4592.17  
    0.425       248.76          2032.59        2856.61         3728.80         5028.30  
    0.431       294.40          2354.36        2961.24         4000.20         5082.82  
    