0.025       447.20          1568.28        2419.65         3494.09         3921.42  
    0.031       520.11          865.55        2516.96         3487.44         3893.94  
    0.038       407.82          1002.51        2541.96         3516.56         3967.56  
    0.044       419.98          984.83        2376.98         3442.03         3969.08  
    0.050       448.69          995.62        2375.04         3373.75         3857.31  
    0.056       465.38          1002.83        2405.71         3343.73         3818.66  
    0.062       485.19          1042.94        2396.86         3342.99         3853.99  
    0.069       493.38          1021.70        2434.48         3427.12         3874.58  
    0.075       501.37          1013.67        2409.60         3497.14         3879.99  
    0.081       495.23          1026.64        2396.53         3458.53         3832.86  
    0.088       492.62          1016.17        2405.91         3527.32         3864.95  
    0.094       489.12          1003.93        2396.60         3507.33         3857.92  
    0.100       490.39          998.49        2374.29         3356.68         3830.85  
    0.106       491.46          998.41        2358.34         3298.11         3853.95  
    0.113       497.99          1002.14        2372.00         3389.61         3888.00  
    0.119       500.65          1005.86        2408.13         3454.94         3937.43  
    0.125       501.21          1009.60        2414.48         3460.63         3950.98  
    0.131       503.73          1018.10        2424.72         3443.29         3902.17  
    0.138       506.51          1025.98        2413.46         3424.39         3883.52  
    0.144       510.01          1030.19        2403.92         3415.53         3908.55  
    0.150       517.05          1039.57        2381.16         3419.57         3901.68  
    0.156       525.25          1062.67        2362.22         3393.39         3850.35  
    0.163       526.81          1123.50        2368.00         3391.03         3841.57  
    0.169       515.15          1173.87        2385.85         3435.80         3893.52  
    0.175       511.19          1186.72        2383.02         3444.78         3911.21  
    0.181       510.80          1201.53        2374.43         3414.71         3888.06  
    0.188       509.05          1266.70        2357.25         3382.75         3862.60  
    0.194       497.65          1333.40        2346.84         3392.62         3881.38  
    0.200       494.98          1378.37        2337.98         3399.69         3878.61  
    0.206       475.59          1514.38        2331.93         3397.97         3860.89  
    0.213       453.87          1606.66        2359.65         3421.83         3845.49  
    0.219       439.16          1651.38        2395.47         3441.63         3840.51  
    0.225       430.80          1701.11        2459.00         3448.44         3852.64  
    0.231       425.12          1770.09        2477.22         3443.00         3886.94  
    0.238       420.10          1883.23        2476.54         3442.24         3839.88  
    0.244       411.54          2012.40        2502.32         3458.08         3784.66  
    0.250       405.01          2034.13        2537.78         3411.26         3749.21  
    0.256       398.28          2118.41        2593.90         3460.36         3762.40  
    0.263       393.54          2152.10        2621.77         3462.74         3709.97  
    0.269       387.66          2162.74        2637.82         3498.42         3644.09  
    0.275       373.46          2143.26        2665.47         3441.02         3766.92  
    0.281       362.66          2160.29        2702.21         3499.98         3787.04  
    0.288       354.13          2183.43        2736.11         3544.09         3765.32  
    0.294       339.77          2189.57        2779.16         3548.39         3934.22  
    0.300       335.62          2187.62        2868.94         3597.11         4001.34  
    0.306       338.69          2217.21        2918.49         3586.57         3969.84  
    0.312       331.56          2199.96        2939.39         3597.97         3996.69  
    0.319       324.97          2214.17        2877.60         3608.37         3945.02  
    0.325       316.21          2211.15        2842.80         3666.28         3909.49  
    0.331       305.86          2216.61        2815.05         3607.91         3972.38  
    0.338       309.59          2221.03        2786.32         3615.13         3964.38  
    0.344       291.51          2236.18        2841.03         3676.39         3992.80  
    0.350       281.69          2216.00        2919.99         3680.89         4006.89  
    0.356       262.35          2205.10        2916.72         3655.45         4008.03  
    0.363       253.62          2287.35        2881.02         3675.63         4016.59  
    0.369       259.51          2267.79        2847.55         3724.78         3949.47  
    0.375       269.17          2276.62        2719.71         3731.62         3958.44  
    0.381       253.25          2270.04        2780.43         3697.09         4021.08  
    0.388       224.06          2263.45        2813.11         3726.16         4055.82  
    0.394       218.48          2271.36        2864.24         3765.78         4015.55  
    0.400       198.41          2241.86        2916.40         3805.77         4831.97  
    0.406       162.14          2256.29        2914.27         3858.59         4837.90  
    0.413       146.42          2357.78        2718.31         3873.54         4578.69  
    0.419       147.45          2071.01        2858.46         3847.76         4411.44  
    0.425       135.71          2005.25        2851.80         3818.69         4930.78  
    