0.025       0          417.07        1233.33         2732.85         4254.49  
    0.031       329.51          714.97        2210.21         3222.97         4231.63  
    0.038       437.77          847.69        2516.05         3389.89         4218.77  
    0.044       441.61          897.98        2539.77         3382.25         4217.73  
    0.050       447.47          915.09        2532.17         3375.11         4206.02  
    0.056       458.03          923.75        2546.34         3387.82         4148.83  
    0.062       463.29          913.28        2578.94         3377.63         4169.19  
    0.069       469.77          882.09        2597.49         3348.84         4208.54  
    0.075       482.96          873.96        2614.23         3343.62         4195.34  
    0.081       496.10          869.62        2683.31         3355.42         4151.49  
    0.088       505.18          872.00        2707.22         3363.13         4169.38  
    0.094       522.89          844.38        2686.57         3364.33         4196.68  
    0.100       553.55          792.11        2672.74         3362.73         4152.50  
    0.106       580.92          643.41        2653.36         3328.47         3834.17  
    0.113       574.03          688.51        2623.64         3278.33         3697.48  
    0.119       570.38          730.72        2616.37         3295.73         3871.53  
    0.125       577.82          739.11        2616.87         3323.91         3942.39  
    0.131       564.67          767.42        2630.66         3336.18         4043.50  
    0.138       539.07          816.83        2636.81         3364.09         4123.81  
    0.144       519.42          904.63        2640.77         3389.04         4164.70  
    0.150       507.32          990.90        2649.34         3408.33         4204.99  
    0.156       499.38          1096.60        2666.13         3428.37         4223.35  
    0.163       497.00          1140.79        2664.57         3441.72         4207.90  
    0.169       502.52          1181.43        2664.31         3438.83         4166.74  
    0.175       512.71          1160.49        2662.31         3450.03         3985.31  
    0.181       510.80          1128.72        2637.75         3456.63         3832.41  
    0.188       509.15          1178.22        2621.51         3475.21         3795.71  
    0.194       505.77          1225.18        2584.03         3493.88         3823.57  
    0.200       506.46          1254.13        2582.66         3472.96         4067.01  
    0.206       504.07          1341.52        2601.35         3453.82         4193.60  
    0.213       473.53          1418.48        2597.94         3485.40         4103.91  
    0.219       369.31          1502.24        2558.61         3491.61         3945.14  
    0.225       75.78          337.13        1824.02         2734.10         3584.92  
    0.231       227.32          1616.43        2315.44         3274.44         3923.65  
    0.238       382.02          2199.77        2566.11         3515.95         4074.48  
    0.244       403.06          2291.67        2650.78         3520.12         4067.76  
    0.250       385.78          2344.67        2728.12         3507.46         4072.97  
    0.256       354.25          2391.80        2869.34         3509.40         4088.45  
    0.263       311.03          2396.08        2982.79         3520.77         4121.69  
    0.269       308.75          2393.75        3083.27         3546.33         4178.22  
    0.275       318.64          2395.51        3173.51         3552.15         4164.29  
    0.281       315.13          2406.40        3214.99         3532.88         4110.40  
    0.288       307.89          2425.37        3322.69         3572.08         4140.43  
    0.294       316.39          2419.32        3389.85         3605.03         4193.20  
    0.300       319.99          2435.85        3436.47         3680.12         4267.02  
    0.306       299.81          2436.25        3472.97         3758.76         4186.53  
    0.312       290.00          2416.82        3501.35         3817.43         4041.30  
    0.319       285.69          2426.93        3498.22         3776.66         4049.07  
    0.325       290.39          2459.00        3513.40         3763.96         3980.55  
    0.331       290.34          2447.69        3526.01         3821.94         3916.12  
    0.338       282.70          2418.79        3541.88         3782.75         4008.47  
    0.344       283.21          2411.81        3553.94         3982.78         4667.33  
    0.350       62.90          767.50        2658.79         3667.38         4200.16  
    0.356       233.95          1949.07        3339.61         3897.03         4500.79  
    0.363       300.70          2424.14        3622.20         3973.45         4316.48  
    0.369       66.63          760.56        2696.95         3783.63         4033.57  
    