0.025       0          815.04        1958.76         3450.53         4761.24  
    0.031       0          789.74        1950.04         3370.48         4894.91  
    0.038       0          809.91        1943.89         3341.77         4931.72  
    0.044       0          863.86        1976.23         3451.69         4911.49  
    0.050       0          810.39        1971.22         3301.15         4405.64  
    0.056       0          678.67        1952.65         3096.10         4433.23  
    0.062       0          552.71        1959.64         3084.69         4782.21  
    0.069       240.88          663.98        2103.08         3886.06         4816.06  
    0.075       428.36          776.00        2259.56         4360.90         4802.56  
    0.081       447.63          781.61        2287.76         4244.37         4782.67  
    0.088       443.83          773.57        2343.07         4162.40         4766.91  
    0.094       435.52          751.90        2405.65         4060.84         4772.43  
    0.100       427.15          753.86        2205.71         4083.09         4820.12  
    0.106       172.07          557.39        1317.26         4084.46         4801.37  
    0.113       0          414.59        831.28         4041.26         4736.40  
    0.119       0          407.07        847.76         4057.59         4687.60  
    0.125       0          394.20        836.82         4181.96         4670.55  
    0.131       0          386.59        826.00         4352.10         4698.17  
    0.138       0          385.67        823.25         4431.24         4727.34  
    0.144       0          389.39        823.43         4294.02         4738.06  
    0.150       232.74          639.67        1803.79         4320.83         4725.84  
    0.156       391.67          804.88        2461.09         4445.45         4723.55  
    0.163       393.53          803.04        2488.02         4325.72         4729.96  
    0.169       396.08          800.96        2522.95         4238.83         4723.40  
    0.175       399.09          808.18        2548.89         4200.02         4713.16  
    0.181       398.68          825.65        2623.85         4165.35         4713.95  
    0.188       392.11          836.23        2625.20         4183.74         4691.83  
    0.194       157.97          568.41        1559.14         4162.67         4669.37  
    0.200       225.04          661.06        1942.33         4136.21         4712.56  
    0.206       375.56          858.12        2644.23         4122.39         4756.63  
    0.213       376.92          906.25        2575.36         4098.51         4722.24  
    0.219       376.70          952.71        2517.89         4098.42         4672.94  
    0.225       374.70          971.14        2598.64         4158.18         4638.88  
    0.231       377.17          999.05        2352.62         4263.63         4719.13  
    0.238       378.84          1056.67        2011.84         4295.14         4731.97  
    0.244       371.14          1102.38        2180.53         4285.93         4754.28  
    0.250       364.32          1129.17        2222.75         4318.12         4815.15  
    0.256       364.21          1213.88        2030.70         4344.70         4926.75  
    0.263       356.12          1342.81        2067.05         4342.24         4868.33  
    0.269       346.66          1444.13        2124.54         4318.19         4766.71  
    0.275       340.62          1563.14        2074.25         4309.47         4793.61  
    0.281       331.97          1683.20        2121.74         4295.20         4840.57  
    0.288       324.70          1747.37        2206.80         4260.21         4854.74  
    0.294       320.12          1784.60        2264.47         4213.52         4805.18  
    0.300       315.92          1806.41        2312.38         4154.54         4683.17  
    0.306       313.29          1807.06        2333.90         4128.63         4658.04  
    0.312       312.29          1853.99        2347.76         4166.99         4787.25  
    0.319       311.73          1996.16        2304.40         4179.85         4828.59  
    0.325       311.01          2109.33        2247.48         4160.12         4795.77  
    0.331       310.86          2153.13        2235.14         4134.15         4775.71  
    0.338       311.88          2159.80        2243.23         4106.61         4835.71  
    0.344       315.09          2210.37        2332.80         4085.28         4852.14  
    0.350       318.64          2230.52        2482.23         4098.09         4799.15  
    0.356       322.02          2241.13        2522.82         4161.75         4764.96  
    0.363       323.15          2264.80        2505.99         4223.31         4762.25  
    0.369       131.29          1113.36        2378.77         4233.30         4494.31  
    0.375       0          312.61        2303.98         4212.17         4262.22  
    0.381       0          291.69        2307.37         4211.95         4339.36  
    0.388       0          276.16        2275.92         4125.91         4365.52  
    0.394       155.29          1448.84        3312.75         4235.89         5025.31  
    0.400       249.84          2278.16        4138.46         4349.14         5500.00  
    0.406       236.33          2307.64        4225.32         4377.45         5500.00  
    0.413       229.33          2305.58        4203.43         4372.73         5500.00  
    0.419       92.32          1066.36        3088.96         4140.51         4808.87  
    0.425       130.89          1502.24        3269.27         4169.97         5026.48  
    0.431       223.75          2371.60        3886.59         4305.70         5500.00  
    0.438       228.70          2364.70        3894.39         4349.23         5214.07  
    0.444       93.76          1102.25        2990.00         4139.67         4663.18  
    0.450       0          241.73        2371.99         4078.33         4397.50  
    0.456       0          245.84        2404.38         4084.46         4362.57  
    0.463       0          253.98        2417.98         4005.45         4354.34  
    0.469       151.84          1491.05        3302.61         4171.00         5035.63  
    0.475       259.48          2225.43        3225.16         4275.32         4995.63  
    0.481       258.99          1978.44        2768.37         4187.66         4746.29  
    0.488       260.49          1800.74        2747.29         4149.45         4862.81  
    0.494       264.63          1817.73        2708.37         4130.59         4852.38  
    0.500       264.62          1816.10        2733.33         4203.01         4741.94  
    0.506       300.99          1723.13        2815.77         4101.10         4787.17  
    0.513       366.29          1781.45        2894.43         4089.44         4848.54  
    0.519       160.02          1053.12        2355.67         3611.06         4522.18  
    