0.025       590.10          1581.44        2722.38         3755.01         4603.37  
    0.031       506.34          1535.74        2775.43         3550.36         4449.24  
    0.038       450.14          830.34        2719.41         3487.36         4198.56  
    0.044       402.00          698.28        2663.01         3585.77         4285.43  
    0.050       396.20          689.07        2671.56         3553.11         5004.85  
    0.056       404.84          704.90        2658.66         3527.65         5440.81  
    0.062       410.38          710.09        2656.88         3525.75         5500.00  
    0.069       415.43          688.96        2662.45         3525.73         5500.00  
    0.075       416.22          691.87        2671.02         3537.87         5500.00  
    0.081       415.66          697.93        2665.53         3514.93         5179.82  
    0.088       419.19          702.55        2637.89         3495.86         5118.84  
    0.094       422.71          715.30        2623.85         3503.25         5135.40  
    0.100       430.47          736.12        2625.45         3493.11         5167.89  
    0.106       439.60          756.48        2639.20         3497.30         5153.00  
    0.113       446.55          776.05        2663.32         3492.58         5288.04  
    0.119       452.36          787.39        2676.73         3505.52         5305.66  
    0.125       460.61          778.44        2678.30         3511.87         5198.80  
    0.131       465.75          845.44        2677.61         3505.97         5173.25  
    0.138       471.54          947.45        2679.82         3500.20         5185.08  
    0.144       476.92          1059.73        2681.16         3502.35         5183.52  
    0.150       479.51          1154.63        2637.70         3538.40         5105.45  
    0.156       480.21          1203.68        2628.79         3556.19         5133.45  
    0.163       481.79          1274.10        2640.65         3508.96         5174.32  
    0.169       482.49          1420.50        2635.49         3492.43         5010.07  
    0.175       480.87          1540.82        2634.08         3488.45         4952.53  
    0.181       473.95          1604.02        2615.26         3438.40         4934.67  
    0.188       450.47          1681.38        2601.90         3367.25         5006.80  
    0.194       407.30          1931.39        2601.35         3347.35         5051.00  
    0.200       383.63          2090.85        2622.84         3399.63         5080.55  
    0.206       374.20          2147.34        2627.59         3434.58         5321.33  
    0.213       366.28          2166.80        2643.22         3425.24         5147.15  
    0.219       366.81          2193.49        2668.27         3395.43         5022.46  
    0.225       367.83          2213.79        2715.16         3427.39         4943.05  
    0.231       370.09          2223.66        2772.16         3458.42         4910.24  
    0.238       378.96          2235.70        2762.68         3445.27         4953.42  
    0.244       394.60          2211.26        2738.25         3410.67         4994.95  
    0.250       406.60          2322.48        2715.02         3380.39         5011.32  
    0.256       390.40          2332.00        2703.13         3481.50         5045.36  
    0.263       376.52          2337.69        2836.60         3597.72         5425.79  
    0.269       393.67          2355.54        2878.29         3609.86         5500.00  
    0.275       389.48          2400.21        2895.43         3439.34         5484.11  
    0.281       324.40          2354.10        2828.50         3577.02         5168.57  
    0.288       303.76          2369.84        2858.10         3628.12         5434.88  
    0.294       293.90          2387.06        2894.40         3626.14         5500.00  
    0.300       48.38          633.92        2524.94         3092.48         4136.81  
    0.306       216.34          2107.86        2928.79         3572.29         5229.58  
    0.312       256.80          2434.78        2985.95         3801.97         5500.00  
    0.319       269.41          2500.94        2997.51         4421.72         5500.00  
    0.325       45.03          657.09        2569.68         3317.99         4705.26  
    0.331       0          304.01        2455.81         3003.99         4283.52  
    0.338       0          362.41        2532.83         3168.77         4806.60  
    0.344       304.14          1186.28        2585.52         3376.03         5012.97  
    0.350       332.22          1585.81        2741.27         3506.51         5145.03  
    0.356       304.54          1238.04        2612.70         3304.97         4919.97  
    0.363       282.20          1124.38        2503.38         3392.80         4888.12  
    0.369       282.08          1431.81        2597.47         3447.63         4936.27  
    0.375       301.79          2131.21        2588.09         3394.23         5105.77  
    0.381       354.11          2148.01        3015.79         3588.01         5139.71  
    0.388       333.33          1917.74        2708.38         3439.72         4956.89  
    