0.025       420.24          845.90        2611.01         3701.37         3991.90  
    0.031       428.41          849.84        2599.68         3692.88         3996.77  
    0.038       437.03          848.00        2609.98         3638.33         3992.64  
    0.044       435.69          849.28        2615.59         3644.92         4009.08  
    0.050       433.53          859.82        2583.99         3689.52         4058.91  
    0.056       442.26          842.97        2573.01         3706.72         4107.04  
    0.062       447.42          830.70        2580.77         3685.94         4073.68  
    0.069       445.86          830.27        2586.40         3637.18         4047.28  
    0.075       445.34          832.55        2612.40         3650.73         4078.82  
    0.081       442.47          835.94        2647.45         3611.72         4089.18  
    0.088       442.81          837.71        2602.67         3585.84         4077.19  
    0.094       444.42          838.43        2539.40         3607.11         4082.77  
    0.100       441.00          833.48        2543.82         3633.43         4081.82  
    0.106       432.65          824.67        2553.89         3664.02         4043.35  
    0.113       428.49          820.75        2549.45         3677.44         3972.12  
    0.119       440.49          817.90        2567.22         3724.84         4013.54  
    0.125       438.28          813.53        2579.14         3656.45         4048.88  
    0.131       424.90          828.19        2543.82         3606.31         4072.05  
    0.138       427.92          843.20        2524.32         3608.46         4085.58  
    0.144       437.12          855.25        2528.31         3634.71         4131.08  
    0.150       440.67          879.96        2532.59         3685.81         4191.24  
    0.156       439.53          894.25        2541.72         3682.34         4225.97  
    0.163       431.88          953.62        2534.30         3660.15         4239.26  
    0.169       431.85          1005.06        2508.79         3666.00         4334.51  
    0.175       439.53          1052.07        2481.50         3664.75         4425.50  
    0.181       435.63          1129.61        2457.41         3651.48         4228.33  
    0.188       427.63          1185.29        2439.52         3617.96         4109.43  
    0.194       418.04          1270.80        2441.81         3598.84         4063.62  
    0.200       398.52          1360.62        2447.00         3619.67         4100.18  
    0.206       389.33          1481.49        2427.89         3684.13         4116.95  
    0.213       384.98          1660.33        2403.48         3642.89         4164.39  
    0.219       378.46          1836.94        2394.37         3566.04         4188.28  
    0.225       370.98          2009.94        2400.14         3514.12         4222.12  
    0.231       363.09          2106.40        2412.90         3531.49         4203.95  
    0.238       355.07          2140.24        2431.81         3605.71         4540.14  
    0.244       345.32          2175.53        2447.68         3642.94         4688.35  
    0.250       335.62          2225.58        2446.38         3536.88         4606.12  
    0.256       325.26          2291.30        2496.82         3463.30         4611.79  
    0.263       313.60          2350.75        2591.22         3569.02         4632.71  
    0.269       302.37          2360.22        2669.77         3686.71         4690.74  
    0.275       296.01          2392.52        2743.58         3813.39         4686.03  
    0.281       287.79          2449.31        2821.36         3884.47         4682.12  
    0.288       283.19          2449.26        2841.99         3785.22         4615.53  
    0.294       279.42          2443.70        2870.18         3582.64         4512.16  
    0.300       278.59          2475.14        2912.78         3928.08         4361.78  
    0.306       282.04          2502.04        2944.08         4023.03         5213.63  
    0.312       293.93          2497.73        2977.70         3992.89         5500.00  
    0.319       296.68          2506.53        3269.11         3969.70         5193.88  
    0.325       278.69          2516.73        2916.95         3819.85         4923.35  
    0.331       235.40          2522.30        2981.71         3543.75         4847.03  
    0.338       54.29          768.36        2655.48         3277.54         4813.43  
    0.344       143.98          2103.10        2993.70         3324.27         4763.31  
    0.350       186.96          2626.15        3263.33         3504.14         4751.00  
    