0.025       0          838.75        1949.58         3170.46         4226.65  
    0.031       0          841.80        1948.68         3272.52         4247.91  
    0.038       0          863.49        1954.59         3286.60         4478.17  
    0.044       452.92          1392.88        1944.75         3572.10         4856.64  
    0.050       241.58          1092.99        1933.91         3745.71         4588.70  
    0.056       0          803.12        1956.85         3515.42         4837.29  
    0.062       0          775.69        1947.56         3329.97         5000.33  
    0.069       0          835.54        1948.48         3375.89         4909.31  
    0.075       0          858.30        1974.72         3431.74         4489.76  
    0.081       0          785.27        1960.61         3198.21         4165.25  
    0.088       0          642.50        1941.86         3023.15         4497.14  
    0.094       277.97          707.94        2119.87         3676.02         4773.74  
    0.100       403.64          783.43        2220.31         4276.20         4820.23  
    0.106       414.22          793.57        2324.26         4312.44         4800.74  
    0.113       422.50          794.89        2311.24         4214.70         4777.56  
    0.119       412.14          779.14        2449.18         4122.48         4768.74  
    0.125       401.67          777.35        2390.58         4071.39         4784.67  
    0.131       392.09          792.76        2196.58         4126.28         4838.53  
    0.138       135.21          526.98        1285.30         4072.67         4792.80  
    0.144       0          379.17        843.35         4043.80         4719.08  
    0.150       0          370.03        845.12         4097.02         4674.57  
    0.156       0          362.32        835.60         4261.85         4681.65  
    0.163       233.46          665.60        1531.53         4452.89         4709.80  
    0.169       124.52          523.11        1204.88         4428.61         4735.52  
    0.175       0          363.40        827.35         4290.79         4736.02  
    0.181       237.49          656.92        1844.40         4322.01         4747.05  
    0.188       366.35          813.76        2464.12         4360.24         4751.56  
    0.194       370.23          811.93        2540.08         4278.03         4748.79  
    0.200       373.56          811.98        2557.54         4239.70         4738.57  
    0.206       377.25          821.45        2571.43         4178.54         4728.38  
    0.213       376.02          836.83        2653.11         4171.00         4732.07  
    0.219       369.67          841.39        2629.50         4181.58         4699.78  
    0.225       127.67          532.35        1460.01         4151.50         4694.10  
    0.231       234.76          680.61        2037.41         4133.28         4758.56  
    0.238       359.97          866.20        2688.29         4114.82         4772.60  
    0.244       362.29          911.42        2658.01         4098.94         4723.74  
    0.250       360.55          937.58        2651.60         4122.33         4683.04  
    0.256       360.50          952.51        2649.80         4246.12         4683.11  
    0.263       363.72          981.77        2400.26         4284.56         4758.70  
    0.269       363.83          1050.44        2385.32         4253.43         4769.60  
    0.275       357.60          1105.94        2473.67         4265.19         4794.88  
    0.281       354.03          1160.06        2355.74         4317.67         4887.48  
    0.288       350.19          1259.70        2281.04         4328.10         4961.86  
    0.294       343.00          1353.41        2293.50         4305.48         4925.57  
    0.300       336.10          1452.75        2257.86         4236.67         4838.39  
    0.306       329.60          1583.05        2214.07         4231.00         4853.13  
    0.312       322.56          1709.12        2247.97         4223.80         4895.54  
    0.319       318.18          1776.87        2284.98         4176.50         4901.50  
    0.325       315.43          1813.72        2311.32         4128.18         4815.40  
    0.331       313.52          1870.06        2315.32         4090.63         4742.11  
    0.338       311.83          1928.16        2323.96         4079.65         4832.54  
    0.344       310.64          1944.76        2370.41         4120.77         4828.52  
    0.350       309.77          2063.85        2340.09         4119.66         4800.86  
    0.356       310.04          2206.27        2293.81         4101.75         4789.67  
    0.363       310.73          2248.31        2275.19         4064.96         4793.54  
    0.369       108.16          987.18        2261.77         4020.75         4853.93  
    0.375       0          316.75        2275.37         3988.68         4808.25  
    0.381       0          320.19        2287.09         4011.44         4791.02  
    0.388       0          322.98        2284.80         4094.62         4834.57  
    0.394       0          323.15        2289.06         4162.56         4846.03  
    0.400       0          319.23        2304.24         4147.70         4844.82  
    0.406       0          305.13        2318.49         4079.70         4795.45  
    0.413       0          286.99        2311.67         4075.15         4791.40  
    0.419       0          278.60        2284.29         4005.80         4675.89  
    0.425       173.33          1584.53        3393.46         4373.78         5189.65  
    0.431       255.03          2306.22        4061.40         4643.67         5500.00  
    0.438       86.71          966.28        2943.00         4294.84         4952.04  
    0.444       0          240.67        2338.99         4074.72         4587.26  
    0.450       0          234.77        2386.05         3981.42         4554.44  
    0.456       0          230.13        2408.58         3911.23         4456.58  
    0.463       153.38          1629.25        3376.66         4235.86         4811.55  
    0.469       237.18          2369.80        3927.71         4112.48         4757.64  
    0.475       82.87          984.63        2917.45         3965.16         4677.82  
    0.481       161.82          1664.01        2403.36         4045.92         4757.40  
    0.488       252.89          2356.17        2431.99         4041.90         4678.18  
    0.494       262.52          2075.48        2438.02         4036.02         4652.87  
    0.500       262.07          2103.75        2582.61         4155.56         4719.71  
    0.506       265.45          2042.75        2703.15         4102.40         4772.72  
    0.513       263.43          1847.62        2750.67         4068.16         4844.52  
    0.519       269.35          1770.25        2715.20         4018.11         4903.28  
    0.525       269.81          1810.36        2662.97         3975.84         4877.84  
    0.531       285.37          1749.84        2741.20         4034.59         4972.10  
    0.537       360.14          1724.50        2835.43         3979.48         4955.61  
    0.544       418.61          1832.81        2937.98         4106.42         5296.12  
    0.550       150.00          1003.44        2324.91         3635.50         4743.83  
    0.556       332.59          1393.36        2413.62         3878.85         4556.57  
    0.562       529.59          1658.81        2691.17         4211.97         4847.78  
    