0.025       1246.29          2160.25        2760.11         3548.75         4675.72  
    0.031       1269.11          2179.88        2776.51         3529.27         4683.34  
    0.038       1232.84          2154.81        2815.95         3676.35         4657.38  
    0.044       1271.71          2113.70        2790.31         3990.30         5091.97  
    0.050       1422.28          1907.40        2633.88         4128.71         5061.21  
    0.056       695.94          1489.99        2394.19         3498.06         4448.37  
    0.062       0          1243.20        2251.83         3019.68         4234.54  
    0.069       0          1258.09        2255.28         3189.92         4029.83  
    0.075       0          1309.14        2284.89         3260.67         4250.72  
    0.081       714.58          1536.96        2605.07         3261.32         4463.13  
    0.088       629.26          1511.98        2351.96         3114.45         4238.86  
    0.094       713.70          1354.05        2354.74         3203.38         4352.48  
    0.100       918.22          1364.75        2637.58         3390.59         4539.95  
    0.106       255.14          1324.81        2369.06         3357.48         4455.42  
    0.113       668.72          1691.35        2303.13         3261.93         4438.68  
    0.119       588.87          951.41        1791.28         2754.17         3839.39  
    0.125       0          672.91        1804.34         2835.10         3890.55  
    0.131       0          1287.46        2274.88         3307.17         4250.27  
    0.138       610.15          1534.46        2488.26         3481.36         4567.19  
    0.144       1047.43          1822.44        2763.32         3290.96         4573.58  
    0.150       449.22          1298.43        2447.05         2918.53         4140.70  
    0.156       0          736.92        1843.13         2735.73         4061.13  
    0.163       0          743.69        1668.45         2749.81         4011.09  
    0.169       0          744.49        1785.90         2839.45         4148.02  
    0.175       353.90          922.44        2325.26         3025.71         4358.37  
    0.181       662.29          1233.56        2737.50         3578.08         4375.08  
    0.188       654.13          1151.36        2677.48         3469.02         4643.64  
    0.194       686.48          879.96        2360.30         3079.12         4754.39  
    0.200       661.72          939.73        2081.31         3180.98         4611.64  
    0.206       582.52          1002.74        2236.97         3293.15         4625.29  
    0.213       548.27          941.29        2470.84         3314.76         4575.60  
    0.219       537.01          926.89        2560.12         3322.15         4558.04  
    0.225       529.75          910.31        2594.16         3359.29         4616.28  
    0.231       521.84          893.21        2612.62         3389.86         4645.66  
    0.238       513.76          881.03        2604.68         3390.78         4612.59  
    0.244       508.79          878.80        2643.41         3387.57         4574.28  
    0.250       511.34          880.10        2706.77         3398.32         4603.08  
    0.256       516.60          882.63        2704.43         3402.02         4576.27  
    0.263       519.22          883.09        2694.44         3421.13         4454.58  
    0.269       521.98          882.28        2696.43         3433.92         4380.22  
    0.275       523.22          883.87        2735.85         3413.25         4444.57  
    0.281       520.80          884.86        2758.62         3402.78         4448.44  
    0.288       518.87          884.99        2742.38         3405.81         4350.74  
    0.294       519.31          885.18        2706.94         3398.91         4316.96  
    0.300       519.80          884.50        2682.94         3386.44         4340.54  
    0.306       520.18          883.48        2689.47         3386.03         4357.84  
    0.312       519.38          880.62        2684.70         3393.31         4418.28  
    0.319       518.50          876.17        2673.74         3385.01         4490.41  
    0.325       518.00          875.05        2659.48         3375.06         4510.82  
    0.331       517.50          878.14        2653.02         3374.90         4501.35  
    0.338       517.46          877.05        2654.80         3366.78         4468.23  
    0.344       517.29          873.29        2649.21         3354.61         4451.14  
    0.350       516.49          870.76        2621.03         3334.55         4452.30  
    0.356       515.38          868.13        2585.29         3316.49         4440.21  
    0.363       515.36          868.87        2585.40         3333.93         4421.34  
    0.369       515.52          874.37        2576.25         3368.60         4435.41  
    0.375       514.22          876.88        2615.80         3388.85         4463.76  
    0.381       510.35          873.87        2768.42         3400.64         4578.05  
    0.388       506.97          871.86        2864.92         3401.79         4775.68  
    0.394       506.80          876.61        2903.24         3427.20         5203.67  
    0.400       508.52          897.73        2893.42         3550.39         5500.00  
    0.406       508.45          938.57        2799.01         3583.51         5500.00  
    0.413       505.61          975.31        2744.98         3472.65         5500.00  
    0.419       501.69          996.98        2670.78         3320.39         5099.67  
    0.425       497.24          1012.87        2597.96         3314.36         5003.33  
    0.431       495.97          1039.28        2581.37         3487.21         5373.07  
    0.438       494.91          1087.12        2546.06         3663.30         5106.75  
    0.444       491.30          1135.88        2476.87         3527.62         4710.65  
    0.450       484.29          1183.37        2386.30         3268.99         4651.47  
    0.456       476.34          1232.30        2321.07         3225.79         4614.51  
    0.463       472.28          1289.96        2292.44         3288.87         4595.01  
    0.469       467.67          1357.34        2284.27         3330.34         4565.69  
    0.475       463.62          1427.84        2342.24         3342.80         4523.31  
    0.481       458.98          1491.61        2453.99         3390.51         4513.42  
    0.488       446.80          1537.32        2576.95         3433.34         4485.62  
    0.494       433.17          1551.69        2668.59         3459.54         4412.54  
    0.500       416.76          1550.02        2691.81         3464.48         4375.86  
    0.506       408.08          1575.19        2691.10         3439.85         4327.49  
    0.513       400.54          1617.59        2704.62         3411.44         4299.18  
    0.519       384.63          1734.88        2761.94         3420.59         4357.39  
    0.525       382.13          1866.74        2829.27         3475.29         4396.02  
    0.531       395.60          1931.74        2834.23         3504.12         4379.51  
    0.537       376.14          1887.08        2828.41         3320.19         4200.91  
    0.544       354.89          1875.61        2922.45         3238.35         3988.57  
    0.550       345.69          1933.07        2936.95         3274.67         4098.90  
    0.556       339.27          1963.48        2881.91         3299.10         4240.46  
    0.562       348.98          2011.03        2909.71         3369.08         4233.90  
    0.569       357.97          2064.73        3032.06         3517.93         4124.29  
    0.575       169.07          1190.47        2597.64         3343.32         4116.52  
    0.581       182.39          1322.19        2163.19         3153.61         4158.79  
    0.588       332.39          2076.01        2441.07         3243.85         4067.35  
    0.594       318.31          2056.80        2818.15         3285.97         4022.94  
    0.600       328.62          2116.26        2977.50         3228.79         4033.12  
    0.606       357.11          1953.47        2840.99         3264.83         4151.36  
    0.613       323.44          1841.55        2754.24         3280.29         4284.44  
    0.619       281.84          2009.17        2972.54         3264.39         4021.94  
    0.625       287.94          2116.40        3111.84         3407.03         3780.97  
    0.631       303.37          2125.45        3143.80         3343.77         3833.85  
    0.638       315.87          2019.89        3113.87         3471.88         3921.75  
    0.644       310.12          1910.92        3044.37         3697.90         4305.82  
    0.650       290.36          1922.33        2978.53         3631.77         4580.26  
    0.656       264.22          1931.96        2926.31         3573.69         4520.15  
    0.663       117.30          1029.85        2513.47         3367.51         4105.32  
    0.669       0          255.70        2194.31         3192.43         3769.61  
    