0.025       0          441.12        2026.52         2923.63         4901.08  
    0.031       402.46          636.61        2142.84         4280.88         4565.60  
    0.038       441.16          678.99        2281.33         4379.82         4450.72  
    0.044       432.96          730.78        2330.91         4335.73         4499.17  
    0.050       452.70          746.71        2339.52         4316.93         4486.96  
    0.056       442.35          772.94        2343.21         4289.54         4445.96  
    0.062       431.37          782.69        2342.01         4273.56         4407.43  
    0.069       442.41          790.03        2345.63         4295.56         4459.54  
    0.075       414.93          800.72        2401.91         4243.40         4466.99  
    0.081       396.35          780.85        2413.36         4052.66         4440.38  
    0.088       392.84          766.34        2406.50         3857.92         4419.72  
    0.094       407.04          775.53        2397.11         3655.74         4487.72  
    0.100       409.65          781.24        2390.05         3652.80         4463.74  
    0.106       408.12          780.38        2395.14         3632.59         4405.82  
    0.113       402.13          770.42        2404.53         3608.53         4406.32  
    0.119       397.57          767.35        2413.55         3666.03         4418.55  
    0.125       395.68          768.71        2423.28         3849.01         4419.95  
    0.131       392.78          772.14        2432.17         3919.44         4427.09  
    0.138       390.64          773.74        2440.94         3628.03         4430.87  
    0.144       391.25          781.00        2443.52         3496.63         4397.30  
    0.150       391.34          787.92        2452.26         3521.19         4374.13  
    0.156       394.71          801.53        2470.39         3559.15         4365.02  
    0.163       406.15          851.51        2473.86         3544.18         4365.58  
    0.169       408.20          925.27        2468.54         3494.55         4386.55  
    0.175       407.01          956.81        2432.96         3466.65         4379.00  
    0.181       411.56          970.98        2374.59         3464.41         4372.25  
    0.188       404.81          981.92        2410.45         3624.56         4387.45  
    0.194       394.80          990.52        2429.87         3653.73         4372.45  
    0.200       401.80          1024.01        2419.52         3621.89         4340.07  
    0.206       400.04          1149.31        2392.23         3608.81         4342.41  
    0.213       393.30          1260.00        2413.05         3594.79         4337.86  
    0.219       390.26          1337.68        2481.61         3591.51         4321.71  
    0.225       381.24          1405.10        2476.65         3629.36         4323.81  
    0.231       378.33          1580.92        2418.62         3661.07         4307.82  
    0.238       371.42          1854.93        2405.24         3669.60         4305.43  
    0.244       361.99          2015.20        2451.41         3677.05         4335.33  
    0.250       354.48          2085.43        2508.56         3681.09         4325.72  
    0.256       350.19          2139.97        2540.97         3717.60         4286.57  
    0.263       339.75          2171.92        2650.25         3710.65         4299.91  
    0.269       322.22          2189.33        2714.75         3688.41         4215.29  
    0.275       307.22          2195.43        2713.14         3670.44         4142.18  
    0.281       279.46          2222.43        2714.71         3668.81         4221.40  
    0.288       228.01          2286.89        2754.71         3659.36         4234.66  
    0.294       199.32          2286.36        2780.51         3677.02         4102.56  
    0.300       238.23          2302.37        2760.01         3758.94         4030.09  
    0.306       270.17          2351.21        2682.38         3751.93         4270.64  
    0.312       282.90          2414.11        2688.34         3755.13         4521.15  
    0.319       282.22          2418.18        2804.58         3785.60         4407.20  
    0.325       265.67          2379.58        2837.78         3748.88         4308.82  
    0.331       243.92          2358.72        2850.96         3757.53         4219.89  
    0.338       243.39          2373.65        2938.78         3832.23         4195.15  
    0.344       253.04          2395.16        3059.55         3837.56         5151.37  
    0.350       24.66          483.82        2487.16         3154.83         3979.64  
    0.356       0          283.47        2450.63         3156.36         3876.63  
    0.363       0          276.33        2464.26         2970.05         3886.95  
    0.369       260.98          2275.30        2911.00         3764.50         4512.40  
    0.375       287.48          2482.76        3014.34         3864.81         5124.12  
    0.381       277.93          2474.38        2998.03         3864.28         5469.20  
    0.388       26.88          480.26        2528.59         3097.35         4024.26  
    0.394       228.94          2288.07        3151.20         3598.25         3894.28  
    0.400       237.58          2512.97        3354.97         3916.63         4611.15  
    0.406       22.89          439.22        2579.63         3211.40         3993.99  
    0.413       0          208.24        2491.99         3204.07         3884.64  
    0.419       167.23          2273.68        3017.49         3842.45         5342.86  
    0.425       179.54          2510.03        2814.58         3901.03         5500.00  
    