0.025       474.84          1130.35        2601.11         3355.80         5500.00  
    0.031       480.19          959.96        2673.25         3553.63         5500.00  
    0.038       474.52          910.82        2654.38         3471.79         4399.57  
    0.044       509.61          879.34        2674.18         3788.00         4378.47  
    0.050       124.60          207.70        1127.55         2993.06         3886.76  
    0.056       156.05          519.50        2183.06         3425.87         5069.87  
    0.062       49.01          678.07        2734.63         3069.86         4169.74  
    0.069       0          675.17        2768.06         3268.73         3757.86  
    0.075       0          674.59        2581.66         2912.93         3728.96  
    0.081       0          680.65        2657.89         2870.69         3637.24  
    0.088       0          617.04        2678.94         2987.64         3542.94  
    0.094       0          617.57        2665.81         3012.57         3502.54  
    0.100       0          149.19        1102.83         2780.51         3439.51  
    0.106       0          0        604.28         2792.43         3431.47  
    0.113       278.50          478.58        2336.29         3385.06         5006.36  
    0.119       444.68          707.41        2894.62         3561.07         5500.00  
    0.125       501.58          619.13        2830.49         3404.66         5500.00  
    0.131       439.09          510.83        2772.04         3313.92         5500.00  
    0.138       436.54          589.12        2733.67         3278.23         5500.00  
    0.144       432.12          705.02        2657.35         3290.68         5500.00  
    0.150       481.65          691.48        2630.75         3301.12         5500.00  
    0.156       503.77          706.62        2614.39         3325.09         5500.00  
    0.163       472.06          823.74        2590.33         3307.01         5500.00  
    0.169       428.57          905.83        2565.56         3312.28         5500.00  
    0.175       427.90          941.75        2565.66         3344.23         5500.00  
    0.181       103.00          707.97        1145.30         2732.92         3854.79  
    0.188       401.26          925.38        2023.33         3147.61         4983.30  
    0.194       482.97          1076.50        2380.38         3351.56         5500.00  
    0.200       467.59          1139.17        2288.88         3309.19         5060.22  
    0.206       428.31          1265.10        2247.23         3334.58         4880.26  
    0.213       404.77          1393.35        2236.99         3356.41         4648.50  
    0.219       397.67          1626.74        2355.18         3376.86         4484.21  
    0.225       387.59          1985.67        2608.73         3408.48         5250.05  
    0.231       369.64          2150.30        2726.75         3436.11         5284.73  
    0.238       352.20          2172.09        2669.72         3449.88         4853.98  
    0.244       339.57          2128.63        2628.85         3455.93         4733.51  
    0.250       333.33          2079.76        2642.40         3467.72         4792.84  
    0.256       331.93          2038.24        2715.19         3485.09         4743.91  
    0.263       330.60          2029.13        2756.00         3527.02         4924.19  
    0.269       329.96          2029.90        2757.62         3559.77         5084.34  
    0.275       331.28          2034.12        2783.95         3563.11         5407.92  
    0.281       334.70          2047.57        2851.52         3550.02         5500.00  
    0.288       338.48          2045.18        2843.19         3535.85         5500.00  
    0.294       341.15          2083.12        2841.25         3543.53         5500.00  
    0.300       342.35          2090.33        2855.24         3567.95         5500.00  
    0.306       345.49          2071.13        2872.30         3604.41         5500.00  
    0.312       343.84          2104.94        2888.81         3610.52         5500.00  
    0.319       341.90          2130.82        2935.48         3608.42         5500.00  
    0.325       336.89          2164.45        2947.45         3612.50         5500.00  
    0.331       330.75          2164.81        2951.92         3622.46         5500.00  
    0.338       326.58          2169.22        2977.83         3648.49         5500.00  
    0.344       321.70          2173.49        2975.20         3671.77         5500.00  
    0.350       315.93          2174.73        2953.09         3681.12         5500.00  
    0.356       310.84          2194.05        2950.20         3686.63         5500.00  
    0.363       303.84          2219.46        2974.97         3696.02         5360.03  
    0.369       295.86          2218.02        3036.59         3713.62         5311.99  
    0.375       295.52          2234.69        3239.85         3727.82         5454.76  
    0.381       70.75          734.81        2526.49         3541.43         4540.52  
    0.388       0          259.40        2274.94         3480.36         4216.90  
    0.394       0          268.40        2285.49         3670.75         4063.60  
    0.400       0          267.98        2308.32         3500.50         4013.24  
    0.406       0          255.59        2392.29         3291.62         4004.74  
    0.413       0          243.48        2428.92         3261.12         3950.81  
    0.419       0          239.09        2349.48         3350.34         3936.78  
    0.425       0          231.24        2285.19         3434.37         3967.44  
    0.431       0          222.57        2275.01         3428.76         3899.04  
    0.438       168.14          1793.33        3037.87         3769.10         5111.53  
    0.444       224.07          2333.71        2946.94         3884.78         5500.00  
    0.450       231.78          2179.57        2769.25         3870.14         5500.00  
    0.456       55.90          587.10        2433.71         3282.35         4283.41  
    0.463       0          174.51        2329.12         3179.62         3913.86  
    