0.025       522.66          2011.21        2154.62         3575.31         5500.00  
    0.031       690.10          1057.56        2538.50         3528.54         5500.00  
    0.038       613.00          872.71        2735.31         3537.09         5254.31  
    0.044       546.60          877.00        2754.82         3544.18         5133.76  
    0.050       505.77          906.80        2765.78         3566.13         5018.53  
    0.056       487.80          1157.59        2853.44         3505.82         4744.36  
    0.062       471.87          1344.69        2887.92         3475.36         4655.67  
    0.069       465.38          1399.85        2643.93         3503.89         4800.05  
    0.075       469.27          1380.84        2546.42         3538.91         4758.93  
    0.081       469.16          1350.67        2507.80         3430.92         4701.18  
    0.088       469.37          1395.90        2570.90         3599.15         4596.55  
    0.094       461.87          1449.54        2579.86         3792.12         4804.53  
    0.100       456.97          1476.32        2516.64         3814.09         4846.37  
    0.106       458.48          1539.12        2632.41         3685.35         4889.76  
    0.113       454.73          1540.98        2737.40         3788.23         4914.72  
    0.119       456.19          1533.58        2707.00         3942.94         4752.29  
    0.125       458.20          1578.57        2693.92         3864.33         4681.05  
    0.131       449.84          1532.42        2681.76         3912.35         4753.59  
    0.138       442.50          1500.27        2706.27         3827.67         4626.35  
    0.144       446.30          1549.88        2818.07         3699.46         4548.95  
    0.150       457.43          1531.60        2730.53         3634.69         4532.54  
    0.156       449.27          1482.61        2586.56         3657.15         4535.72  
    0.163       452.10          1520.35        2689.72         3679.32         4534.56  
    0.169       455.56          1486.22        2654.62         3770.04         4664.35  
    0.175       441.67          1460.65        2536.18         3687.59         4838.26  
    0.181       446.00          1431.77        2503.66         3749.99         4851.27  
    0.188       445.13          1444.42        2496.83         3852.96         4882.01  
    0.194       443.26          1583.49        2562.51         3860.92         4774.57  
    0.200       438.43          1639.27        2647.95         3771.81         4761.28  
    0.206       425.75          1829.23        2826.68         3658.60         4797.49  
    0.213       408.87          1907.17        2962.12         3597.68         4844.66  
    0.219       387.61          1967.21        3001.09         3647.11         5393.86  
    0.225       378.88          1994.75        3030.21         3656.99         5500.00  
    0.231       373.14          1955.97        2948.52         3647.76         5138.55  
    0.238       365.57          1943.43        2899.15         3662.24         4892.02  
    0.244       358.46          2029.47        2945.58         3736.89         4974.52  
    0.250       356.18          2080.89        2987.13         3833.78         5124.46  
    0.256       350.60          2068.17        2935.90         3733.99         5012.74  
    0.263       351.30          2066.65        2865.94         3669.35         4861.09  
    0.269       343.35          2061.01        2890.51         3697.92         4790.49  
    0.275       338.71          2058.30        2899.22         3718.95         4769.46  
    0.281       336.23          2110.10        2927.23         3733.21         4748.22  
    0.288       343.59          2112.95        2903.09         3663.63         4661.05  
    0.294       344.65          2178.46        2881.70         3665.01         4592.08  
    0.300       339.95          2230.23        2908.18         3681.17         4683.93  
    0.306       332.63          2170.35        2933.33         3674.49         4874.16  
    0.312       327.22          2307.54        2956.68         3692.12         4910.44  
    0.319       328.52          2438.15        2986.39         3712.81         4836.98  
    0.325       330.74          2409.06        2966.08         3729.70         4274.56  
    0.331       339.56          2330.10        2894.08         3672.35         4259.84  
    0.338       337.91          2343.21        2864.78         3686.49         4303.60  
    0.344       316.93          2397.49        2884.48         3678.10         4325.28  
    0.350       307.61          2433.78        2888.51         3704.05         4353.70  
    0.356       313.21          2453.81        2830.41         3725.53         4335.52  
    0.363       306.09          2439.07        2860.78         3681.20         4342.24  
    0.369       317.14          2314.82        2911.74         3594.35         4326.80  
    0.375       337.35          2084.59        2794.64         3553.02         4363.29  
    0.381       315.01          2254.18        2675.60         3523.47         4343.38  
    0.388       301.21          2093.77        2786.57         3599.50         4384.52  
    0.394       291.78          2177.32        2736.78         3606.25         4415.89  
    0.400       302.90          2231.91        2603.50         3503.59         4383.46  
    0.406       241.75          2016.27        2790.37         3507.47         4428.70  
    