0.025       0          478.11        661.98         2964.26         3293.76  
    0.031       0          486.95        716.97         2895.69         3240.50  
    0.038       412.77          726.78        2585.56         3197.86         5166.64  
    0.044       485.39          824.37        3001.41         3286.59         5500.00  
    0.050       486.90          872.81        3090.85         3209.02         4330.75  
    0.056       504.40          885.98        2862.96         3172.06         4038.46  
    0.062       521.81          914.84        2665.38         3158.50         4006.53  
    0.069       527.38          942.82        2655.95         3159.07         3904.26  
    0.075       538.71          951.89        2686.75         3169.55         3899.06  
    0.081       578.57          943.46        2870.47         3180.24         4294.32  
    0.088       561.46          1109.66        3092.98         3236.72         4812.07  
    0.094       81.90          631.72        1869.07         3115.87         3940.45  
    0.100       0          527.62        1730.31         3095.89         3864.34  
    0.106       0          512.68        1737.61         3101.22         4037.94  
    0.113       0          499.14        1716.31         3080.59         4397.53  
    0.119       0          491.24        1695.77         3032.64         4437.14  
    0.125       0          489.25        1657.12         2995.99         4415.49  
    0.131       0          493.47        1660.47         2986.41         4375.39  
    0.138       0          491.47        1653.90         2954.60         4354.57  
    0.144       0          490.89        1650.03         2942.28         4363.50  
    0.150       0          498.85        1659.78         2967.94         4417.40  
    0.156       0          563.86        1696.18         3022.93         4509.09  
    0.163       0          756.37        1729.64         3054.87         4452.42  
    0.169       0          821.08        1808.11         3067.05         4382.50  
    0.175       0          121.49        1141.65         2548.63         3365.29  
    0.181       0          0        1121.45         2478.03         3540.31  
    0.188       257.06          1033.81        2257.20         3356.63         4744.90  
    0.194       359.25          1282.34        2368.34         3426.58         4903.98  
    0.200       432.91          1372.60        2314.30         3360.25         4930.02  
    0.206       450.54          1471.59        2301.54         3338.59         4827.34  
    0.213       449.12          1591.51        2298.24         3332.68         4795.20  
    0.219       442.62          1719.54        2281.86         3345.97         4916.83  
    0.225       432.63          2089.82        2242.28         3416.58         4980.25  
    0.231       411.81          2097.91        2512.02         3495.18         5004.72  
    0.238       380.04          2080.79        2580.80         3488.27         5028.71  
    0.244       319.77          2075.04        2607.95         3483.50         5028.90  
    0.250       284.00          2081.83        2640.10         3470.39         4951.82  
    0.256       297.13          2111.57        2709.96         3489.18         4787.78  
    0.263       321.60          2106.65        2728.42         3499.39         3944.49  
    0.269       328.06          2111.26        2748.85         3505.41         3752.24  
    0.275       326.38          2121.60        2768.64         3506.52         3657.38  
    0.281       317.14          2131.06        2811.88         3539.70         3746.58  
    0.288       310.00          2139.21        2850.35         3563.73         4311.17  
    0.294       309.70          2140.96        2861.87         3541.63         5339.15  
    0.300       307.27          2130.85        2865.45         3590.70         5500.00  
    0.306       294.58          2139.65        2868.22         3670.59         5500.00  
    0.312       277.70          2184.03        2932.19         3664.37         4584.38  
    0.319       270.48          2170.58        2943.03         3696.09         4922.84  
    0.325       271.70          2164.17        2949.17         3674.35         5427.75  
    0.331       267.64          2169.57        2953.96         3675.55         4673.45  
    0.338       264.88          2169.26        2967.20         3685.57         4239.07  
    0.344       261.81          2171.77        2955.95         3722.19         4188.79  
    0.350       272.54          2177.48        2937.28         3755.56         4159.81  
    0.356       291.19          2191.70        2886.57         3795.79         5302.34  
    0.363       297.89          2199.63        2905.25         3808.21         5500.00  
    0.369       43.87          582.89        2317.14         3058.12         4028.80  
    0.375       0          292.49        2232.62         3053.29         3795.74  
    0.381       0          281.18        2248.51         3058.03         3833.50  
    0.388       0          281.19        2405.37         3013.94         3826.42  
    0.394       0          258.22        2347.16         2953.91         3842.13  
    0.400       0          271.11        2342.93         2912.53         3886.96  
    0.406       0          273.18        2353.92         2899.66         3886.74  
    0.413       0          205.08        2355.06         2919.52         3912.36  
    0.419       0          160.43        2371.11         2917.87         3972.92  
    0.425       0          145.89        2459.28         2894.94         4015.80  
    0.431       0          141.34        2549.90         2713.60         4015.85  
    0.438       0          172.14        2418.48         2981.78         4125.59  
    0.444       172.79          2009.73        2690.65         4018.79         5300.85  
    0.450       189.88          2199.28        2676.85         4133.78         4777.45  
    