0.025       438.78          1770.05        2077.25         3220.42         5119.34  
    0.031       118.00          816.82        1958.16         2426.87         4687.12  
    0.038       330.91          651.79        2177.97         3790.65         4488.20  
    0.044       443.62          750.09        2323.97         4341.34         4542.40  
    0.050       460.03          770.71        2351.99         4285.57         4524.81  
    0.056       448.97          776.84        2361.98         4197.92         4434.64  
    0.062       439.56          784.09        2366.54         4159.56         4412.52  
    0.069       444.62          796.23        2400.02         4142.92         4466.82  
    0.075       422.09          812.12        2443.24         3955.24         4483.13  
    0.081       399.89          798.50        2435.01         3854.27         4468.73  
    0.088       393.97          788.98        2422.82         3672.34         4486.62  
    0.094       408.54          808.35        2405.87         3493.25         4515.76  
    0.100       416.00          820.50        2397.98         3456.28         4477.95  
    0.106       416.86          817.84        2412.30         3461.74         4410.81  
    0.113       413.25          802.34        2442.34         3467.10         4391.54  
    0.119       407.89          790.49        2461.98         3507.71         4408.04  
    0.125       403.63          784.41        2493.18         3576.83         4439.56  
    0.131       396.72          783.15        2495.47         3566.02         4449.46  
    0.138       391.35          782.09        2475.43         3480.20         4457.17  
    0.144       390.73          785.61        2482.92         3468.95         4475.00  
    0.150       389.20          786.52        2502.74         3532.64         4494.15  
    0.156       388.90          792.10        2506.80         3550.09         4476.04  
    0.163       396.44          825.80        2499.98         3501.02         4447.32  
    0.169       398.86          895.62        2503.36         3472.25         4489.18  
    0.175       395.61          944.05        2488.65         3460.52         4465.16  
    0.181       392.76          965.33        2493.99         3465.30         4433.69  
    0.188       388.89          975.55        2518.77         3566.78         4430.36  
    0.194       386.62          971.71        2495.06         3620.17         4399.72  
    0.200       393.20          983.82        2489.86         3608.54         4362.35  
    0.206       395.23          1082.21        2515.94         3599.13         4370.81  
    0.213       387.41          1177.91        2529.00         3591.62         4365.05  
    0.219       379.72          1237.07        2539.37         3579.99         4337.56  
    0.225       374.23          1238.57        2501.24         3584.48         4323.98  
    0.231       372.86          1341.35        2432.32         3615.44         4266.63  
    0.238       367.16          1708.19        2402.19         3635.31         4267.20  
    0.244       359.47          1991.44        2442.49         3642.49         4346.08  
    0.250       353.64          2172.69        2508.72         3653.08         4452.47  
    0.256       348.31          2217.33        2622.85         3694.48         4472.83  
    0.263       334.94          2194.61        2715.67         3707.95         4481.20  
    0.269       317.98          2201.28        2742.76         3696.83         4918.08  
    0.275       301.20          2212.24        2741.26         3674.79         4790.22  
    0.281       269.53          2250.56        2765.70         3670.44         4507.29  
    0.288       224.13          2312.80        2824.30         3632.77         4427.29  
    0.294       213.13          2305.16        2841.36         3610.67         4191.30  
    0.300       247.11          2339.34        2877.22         3726.78         4336.58  
    0.306       69.74          841.42        2561.06         3141.77         3925.26  
    0.312       0          291.13        2482.69         3055.08         3761.12  
    0.319       0          289.19        2462.87         3200.65         3785.51  
    0.325       195.59          1829.43        2951.39         3606.88         5040.66  
    0.331       256.44          2402.41        3135.93         3781.01         5500.00  
    0.338       67.87          836.99        2619.87         3441.77         4278.09  
    0.344       0          269.02        2437.42         3310.40         3825.04  
    0.350       0          295.05        2461.90         3274.17         3836.21  
    0.356       0          299.06        2480.74         3215.65         3883.79  
    0.363       0          290.66        2516.94         3134.42         3861.41  
    0.369       0          295.98        2528.36         3167.18         3833.64  
    0.375       0          296.17        2508.94         3135.37         3872.42  
    0.381       0          289.24        2508.64         3079.71         3892.67  
    0.388       0          280.08        2547.41         3148.07         3934.52  
    0.394       0          272.37        2573.18         3219.31         3991.92  
    0.400       0          253.36        2569.25         3218.55         4020.18  
    0.406       0          229.95        2550.83         3200.89         3990.23  
    0.413       0          213.42        2572.18         3258.99         4021.97  
    0.419       0          191.80        2592.61         3196.35         4159.35  
    0.425       0          180.62        2644.50         2879.87         4050.29  
    0.431       124.72          1670.23        2947.76         3681.85         5094.93  
    0.438       173.93          2469.47        2941.34         3885.18         4901.94  
    