0.025       804.67          1660.94        2793.94         3624.34         5066.14  
    0.031       751.64          1783.95        2985.26         3926.80         5092.59  
    0.038       510.98          1794.24        2910.65         3836.77         4842.49  
    0.044       651.98          1802.52        2783.00         3695.66         4844.00  
    0.050       768.95          1117.96        2553.76         3747.78         4942.61  
    0.056       77.99          1140.33        2510.44         2995.81         4330.22  
    0.062       0          1169.89        2412.48         3126.28         4348.13  
    0.069       0          1277.59        2541.86         3534.48         4813.92  
    0.075       742.60          1759.40        2404.18         3569.52         4845.10  
    0.081       737.43          1920.90        2629.53         3687.58         4816.81  
    0.088       72.77          1372.05        2430.92         3651.52         4635.91  
    0.094       0          1335.73        2193.30         3447.06         4497.14  
    0.100       0          1293.27        2159.34         3397.50         4437.08  
    0.106       0          1261.49        2289.65         3321.08         4296.77  
    0.113       0          125.85        1557.16         2703.05         3989.43  
    0.119       0          1163.03        2472.97         3711.30         4851.83  
    0.125       0          1217.65        2383.14         3504.95         5445.13  
    0.131       0          1407.91        2513.38         3443.56         4750.15  
    0.138       0          1456.26        2679.91         3580.19         4759.82  
    0.144       918.09          2059.86        3214.26         4277.97         5427.02  
    0.150       867.01          1827.87        2940.75         4205.55         5011.79  
    0.156       85.00          179.47        1568.88         2832.48         4192.22  
    0.163       734.20          1545.06        2707.38         3827.91         4752.78  
    0.169       760.64          1706.73        2975.30         3854.85         4839.70  
    0.175       75.45          1366.67        2257.74         3271.04         4393.47  
    0.181       0          1157.22        2228.81         3241.14         4431.46  
    0.188       0          1143.51        2230.05         3293.66         4428.51  
    0.194       0          114.41        1554.17         2990.99         4334.19  
    0.200       0          0        1495.88         2705.88         3872.73  
    0.206       728.16          2016.59        2255.19         3773.14         4787.53  
    0.213       749.06          1971.20        2817.47         3907.23         4700.90  
    0.219       378.99          1767.69        2615.58         3795.90         4686.46  
    0.225       877.35          1959.29        2343.45         3769.89         4655.02  
    0.231       93.72          989.97        2191.33         3365.21         4302.12  
    0.238       0          1145.75        2201.06         3495.47         4454.42  
    0.244       0          1096.48        2241.60         3377.76         4399.30  
    0.250       671.70          1696.42        2819.21         4118.35         5389.08  
    0.256       776.69          1902.83        3010.31         4500.20         5023.27  
    0.263       78.01          1007.49        2282.12         3172.41         4592.46  
    0.269       0          1210.71        2352.86         3347.60         4417.08  
    0.275       539.33          1629.62        2898.62         3940.77         5390.23  
    0.281       59.93          1504.37        2429.20         3106.98         4407.49  
    0.288       0          148.57        1838.84         2627.41         3897.66  
    0.294       552.46          1639.50        2659.45         3595.90         4701.18  
    0.300       61.38          1343.47        2406.06         3400.25         4588.25  
    0.306       0          1167.95        2259.85         3394.68         4613.42  
    0.312       741.46          1948.59        2983.23         3825.18         4887.41  
    0.319       793.55          1846.84        2888.71         4230.10         5441.73  
    0.325       79.02          1003.81        2007.75         3346.91         4509.38  
    0.331       0          505.53        1828.07         3298.87         4427.77  
    0.338       533.95          1717.49        2636.32         3852.57         5001.00  
    0.344       584.82          1861.76        2681.14         3860.83         4843.46  
    0.350       668.46          1873.51        2887.64         3868.07         4980.31  
    0.356       764.50          1856.12        2896.55         3875.06         5449.82  
    0.363       949.58          1937.61        3043.60         3997.88         5121.19  
    0.369       900.50          1468.84        2755.29         3982.33         4960.33  
    0.375       502.29          1725.79        2865.60         3906.62         5071.61  
    0.381       643.24          1822.25        3029.51         3664.93         4945.69  
    0.388       734.01          1908.20        2783.12         3774.99         5109.39  
    0.394       661.97          1770.58        2779.75         3810.53         4976.99  
    0.400       715.14          1866.45        2887.45         3942.55         5011.60  
    0.406       743.70          2044.03        2797.56         4028.78         5451.73  
    0.413       74.61          1529.30        2741.78         3501.65         4262.36  
    0.419       0          1312.88        2828.06         3167.01         4276.02  
    0.425       534.27          1428.79        2848.21         3863.80         4977.16  
    0.431       352.90          1649.56        2860.54         3967.77         5132.47  
    0.438       562.82          1914.43        3038.32         3949.51         5076.42  
    0.444       688.63          1826.06        2806.07         3861.83         4998.53  
    0.450       559.47          1698.51        2689.95         3898.69         4980.20  
    0.456       534.77          1715.48        2974.27         3819.80         4957.32  
    0.463       770.28          1827.42        3321.27         4298.17         4712.39  
    0.469       786.99          1943.44        2968.25         3785.22         4875.75  
    0.475       78.59          864.62        1999.80         3375.45         4653.06  
    0.481       570.36          1736.15        2871.45         3837.18         4822.53  
    0.488       607.59          1748.67        2957.80         3952.60         4939.65  
    0.494       476.43          1713.00        2898.54         3802.15         4959.14  
    0.500       921.72          1598.96        2545.09         3735.57         4920.04  
    0.506       1041.41          1806.23        2622.46         3791.78         4952.02  
    0.513       104.90          1786.19        2361.91         3457.91         3982.36  
    0.519       447.97          1789.80        2923.66         3896.69         4901.93  
    0.525       555.88          1825.41        2956.73         3980.26         4928.00  
    0.531       56.23          1263.96        2236.25         3359.29         4328.56  
    0.537       0          1310.38        2287.24         3171.46         4238.12  
    0.544       486.83          1412.36        2802.54         3838.71         4915.79  
    0.550       54.09          1024.08        2171.22         3335.54         4307.91  
    0.556       0          1370.68        2063.75         3264.48         4279.89  
    0.562       0          815.36        1871.27         3165.13         4389.19  
    0.569       0          816.48        2010.90         3131.68         4390.25  
    0.575       0          1020.10        1970.13         3096.72         4329.05  
    0.581       0          104.19        1659.79         2934.61         3987.05  
    0.588       0          1242.73        2167.95         3327.88         4384.35  
    0.594       0          1273.89        2233.73         3374.88         4533.72  
    0.600       0          1127.82        2220.30         3544.44         4472.33  
    0.606       0          846.35        2165.33         3321.52         4453.29  
    0.613       662.16          1657.48        3017.47         3582.39         4684.59  
    0.619       73.57          1423.57        2406.35         3527.03         4700.67  
    0.625       0          1009.16        2216.89         3321.28         4200.87  
    0.631       662.72          1780.71        2789.24         3977.69         5364.55  
    0.638       751.68          1688.89        2793.17         3854.39         4987.11  
    0.644       885.25          1450.66        2779.11         3872.46         4921.05  
    0.650       89.99          142.64        1740.44         2855.70         4123.92  
    0.656       528.45          1536.65        2712.62         3823.19         4984.40  
    0.663       840.45          1575.90        2885.32         3856.19         5096.61  
    0.669       86.86          1291.21        2369.43         3257.65         4416.65  
    0.675       868.81          1850.32        2862.92         4043.22         5384.10  
    0.681       987.82          2034.20        2911.19         4080.79         5228.19  
    0.688       838.07          1941.58        3093.58         4257.69         5469.80  
    0.694       82.12          1116.29        2087.25         3308.56         4488.71  
    0.700       673.47          1821.86        2782.97         3936.68         5387.63  
    0.706       594.93          1700.49        2798.15         3794.41         4961.08  
    0.713       57.79          167.72        1592.39         2995.70         4089.92  
    0.719       0          1104.15        2501.15         3278.07         4256.54  
    0.725       0          1193.35        2442.07         3427.90         4343.19  
    0.731       0          1453.52        2393.06         3531.23         4514.03  
    0.738       0          1436.64        2398.43         3827.26         4678.61  
    0.744       0          1079.93        2285.16         3372.82         4420.27  
    0.750       659.85          1885.64        2987.96         4285.66         5388.98  
    0.756       73.32          842.63        2073.17         3367.36         4440.50  
    0.763       638.53          1796.92        2909.93         3910.92         4830.87  
    0.769       755.63          1946.77        2941.03         3873.64         4813.71  
    0.775       776.42          1975.65        2755.62         3808.33         4790.18  
    0.781       858.81          2171.74        2583.09         3795.70         4751.14  
    0.788       876.92          2029.75        3262.82         4276.44         5424.70  
    0.794       871.98          2003.71        3235.66         4222.93         5500.00  
    0.800       932.38          1861.20        3127.41         4261.68         5500.00  
    0.806       93.92          184.55        1453.19         2795.37         3585.46  
    0.812       609.29          1484.27        2522.28         3607.26         4687.01  
    0.819       752.70          1855.07        2905.62         3869.71         5433.30  
    0.825       76.11          1464.71        2358.01         3523.19         4230.82  
    0.831       0          1268.08        2356.06         3576.83         4336.58  
    0.838       0          1058.76        2412.45         3743.38         4926.47  
    0.844       803.74          2077.92        2361.81         3762.06         4961.02  
    0.850       89.30          1409.86        2385.15         3435.36         4571.01  
    0.856       589.41          1630.78        2799.69         3704.47         4928.13  
    0.863       709.44          1805.17        2804.77         3867.18         4988.17  
    0.869       642.04          1766.02        2739.65         3889.93         5007.02  
    0.875       559.85          1765.11        2828.16         3831.72         5030.00  
    0.881       55.16          1571.54        2612.73         3739.13         5047.91  
    0.888       0          1362.10        2399.12         3269.05         4361.20  
    0.894       0          1007.60        2150.45         3301.39         4382.19  
    0.900       646.34          2043.60        2544.01         3573.28         4885.03  
    0.906       71.82          1214.37        2409.48         3503.21         4585.28  
    0.913       0          1163.68        2122.52         3298.95         4293.34  
    0.919       386.21          1863.60        3034.31         4152.93         5376.53  
    0.925       42.91          674.35        2170.85         3239.46         4449.18  
    0.931       133.94          551.75        2391.59         3533.46         4809.43  
    0.938       14.88          55.38        760.31         2459.45         3761.75  
    0.944       0          0        603.27         2287.29         3540.06  
    0.950       457.60          807.84        2589.43         3545.19         4876.44  
    0.956       497.21          914.10        2654.49         3646.21         4941.38  
    0.963       493.53          980.79        2446.26         3599.16         4852.57  
    0.969       475.62          1067.80        2529.76         3652.91         4749.79  
    0.975       466.73          1147.25        2494.35         3709.51         4744.75  
    0.981       451.90          1260.01        2418.18         3729.29         4799.48  
    0.988       440.60          1399.17        2355.09         3737.50         4823.45  
    0.994       417.79          1518.18        2248.28         3737.27         4951.58  
    1.000       401.03          1703.39        2217.97         3733.82         4784.39  
    1.006       383.25          1792.13        2224.25         3689.01         4662.02  
    1.012       370.75          2016.91        2224.30         3691.38         4723.76  
    1.019       358.89          2084.17        2405.22         3712.05         4728.53  
    1.025       352.44          2105.99        2563.49         3696.08         4711.22  
    1.031       336.34          2091.95        2709.58         3703.72         4651.00  
    1.038       329.03          2048.35        2794.83         3687.93         4707.81  
    1.044       322.52          2045.87        2873.24         3753.69         4659.37  
    1.050       310.65          2134.86        3112.35         3784.09         4541.92  
    1.056       303.36          2154.30        3231.62         3784.78         4624.79  
    1.062       304.37          2100.18        3357.86         3847.53         5413.54  
    1.069       305.04          2005.95        3266.44         3831.65         4581.20  
    1.075       304.33          2064.86        3304.30         3838.31         4630.89  
    1.081       295.57          2091.65        3328.98         3836.66         4898.37  
    1.088       283.71          1944.32        3356.76         3857.60         4807.54  
    1.094       276.42          1725.12        3389.22         3864.47         4830.20  
    1.100       275.78          1857.14        3398.41         3875.94         5108.45  
    1.106       260.99          1949.49        3346.61         3796.61         4741.55  
    1.113       253.74          1862.98        3360.88         3753.39         5006.48  
    1.119       242.25          1755.47        3518.73         3626.38         5145.49  
    1.125       257.18          1817.95        3487.78         3772.95         5081.48  
    1.131       255.19          1856.63        3285.00         3793.41         5052.10  
    1.137       231.72          1773.11        3113.50         3786.03         5053.11  
    1.144       205.36          1773.13        3243.46         3922.18         5455.35  
    1.150       20.27          177.42        1867.32         3160.47         3852.35  
    1.156       153.25          1628.82        2471.41         3646.85         4871.44  
    1.163       175.95          1770.40        2824.06         3783.50         4933.53  
    1.169       17.66          176.60        1753.19         2861.63         3861.69  
    1.175       0          0        1716.41         2738.04         3746.99  
    1.181       0          0        1606.62         2816.64         3826.80  
    1.188       0          0        1675.79         2860.35         3947.64  
    1.194       0          896.59        1990.93         3168.29         4433.99  
    1.200       0          99.62        1644.53         3151.23         4553.07  
    1.206       0          1290.42        2551.88         3715.18         4459.29  
    1.213       0          1255.75        2346.33         3404.13         4259.67  
    1.219       0          1457.57        2377.63         3327.57         4207.61  
    1.225       0          1305.68        2085.38         3284.18         4436.44  
    1.231       0          128.61        1429.42         2334.04         3473.36  
    1.238       0          1203.94        2565.50         3312.06         4662.47  
    1.244       0          1211.04        2585.73         3592.60         4702.23  
    1.250       0          119.70        1511.08         2729.83         3909.23  
    1.256       712.37          1534.75        2731.69         3900.67         4796.24  
    1.263       79.15          1302.85        2499.35         3429.00         4514.96  
    1.269       0          125.81        1758.89         2901.47         4041.19  
    1.275       515.35          1640.50        2867.10         3804.21         4849.97  
    1.281       551.76          1749.34        2843.94         3876.91         5032.66  
    1.288       589.52          1799.18        2908.33         3866.90         4997.22  
    1.294       686.28          1850.79        3103.29         4095.84         4747.67  
    1.300       69.65          1443.47        2551.75         3384.54         4316.13  
    1.306       0          1496.64        2573.98         3296.85         4515.14  
    1.312       621.42          1660.21        2935.07         3974.35         4836.79  
    1.319       633.34          1666.47        2878.71         3895.53         5022.18  
    1.325       62.70          625.14        2109.18         3328.15         4664.74  
    1.331       630.39          1605.40        2647.22         3622.61         4724.43  
    1.338       728.11          1700.49        2696.12         3848.87         4867.79  
    1.344       664.34          1846.76        2825.21         3785.61         4940.33  
    1.350       618.32          2165.66        2689.99         3751.69         5134.01  
    1.356       61.40          1030.71        2396.50         3707.81         5049.48  
    1.363       0          1178.59        2366.19         3757.35         4312.10  
    1.369       579.54          1709.10        2881.77         4007.31         5373.15  
    1.375       64.39          176.46        1553.88         2846.04         3971.35  
    1.381       0          1242.69        2385.64         3562.61         4792.66  
    1.388       0          1408.64        2341.27         3591.46         4896.14  
    1.394       0          1453.95        2315.41         3704.33         4934.15  
    1.400       0          145.86        1605.40         2547.42         4021.88  
    1.406       0          0        1387.00         2449.83         3937.47  
    1.413       331.26          1441.89        2671.81         3630.57         4815.14  
    1.419       36.81          1285.96        2397.30         3233.91         4653.78  
    1.425       0          1387.31        2517.05         3588.00         4449.36  
    1.431       99.75          1514.46        2667.70         3828.73         5040.84  
    1.438       718.86          1835.75        2662.32         3794.24         5017.01  
    1.444       961.07          1137.57        2382.47         3693.81         4956.35  
    1.450       98.05          1210.04        2220.74         3506.17         4745.03  
    1.456       0          1009.64        1972.09         3419.25         4608.17  
    1.463       619.81          1487.59        2909.54         4057.04         4799.93  
    1.469       668.44          1651.79        3068.89         4244.79         4909.76  
    1.475       66.62          961.06        2170.43         3437.61         4585.09  
    1.481       0          1386.93        2378.26         3651.02         4815.38  
    1.488       0          1725.56        2450.20         3642.10         4865.09  
    1.494       682.63          2036.72        3193.12         4523.53         5436.73  
    1.500       621.64          2004.90        3359.77         4608.17         5500.00  
    1.506       504.12          1879.38        3389.12         4324.01         5500.00  
    1.513       530.24          1637.28        2750.36         3878.46         5046.51  
    1.519       715.57          1737.96        2885.57         3926.63         4934.52  
    1.525       634.59          1780.06        2863.93         3866.70         4960.58  
    1.531       376.63          1729.33        2790.26         3756.68         4873.60  
    1.538       34.92          172.33        1558.94         2739.38         3742.67  
    1.544       0          1036.98        2494.54         3493.68         4594.35  
    1.550       365.58          1517.51        2850.21         3826.90         4884.62  
    1.556       40.62          155.81        1624.84         2915.35         3981.84  
    1.562       97.06          1469.75        2712.18         3695.52         4775.59  
    1.569       411.68          1866.98        3150.11         4187.02         5437.52  
    1.575       44.54          1060.10        2247.91         3424.27         4584.40  
    1.581       0          1434.66        2260.81         3294.87         4582.76  
    1.588       0          1520.74        2479.53         3387.60         4570.12  
    1.594       526.68          1923.83        2823.33         3785.17         4890.26  
    1.600       535.23          1965.02        3002.18         3511.01         4912.63  
    1.606       563.46          1914.08        2945.66         3693.75         5207.68  
    1.613       811.70          1821.83        2785.68         3698.64         5091.20  
    1.619       776.54          2242.26        2691.19         3409.28         4814.31  
    1.625       76.96          1166.17        2476.37         3404.98         4631.47  
    1.631       0          1007.70        2350.07         3290.16         4562.91  
    1.638       0          994.46        2037.74         2992.58         4412.46  
    1.644       0          606.77        1871.33         3100.52         4227.85  
    1.650       0          56.38        1638.56         3059.17         3773.63  
    1.656       462.30          1387.96        2694.68         3622.95         4805.87  
    1.663       731.53          1594.99        2805.49         3702.94         4931.87  
    1.669       75.57          1278.69        2387.11         3336.38         4593.46  
    1.675       0          1196.24        2386.96         3425.27         4439.07  
    1.681       0          119.11        1532.89         2764.72         3789.91  
    1.688       0          0        1030.94         2502.39         3958.29  
    1.694       0          856.99        1992.11         3026.75         4097.38  
    1.700       0          1406.47        1880.41         3243.53         4312.99  
    1.706       0          1295.65        2301.98         3270.34         4328.85  
    1.713       0          1150.67        2405.08         3284.61         4276.10  
    1.719       0          1347.36        2420.79         4124.75         4286.34  
    1.725       0          137.08        1638.01         2715.35         4015.02  
    1.731       410.40          1404.10        2622.62         3773.07         4812.37  
    1.738       596.26          1984.56        3345.86         3550.37         5038.05  
    1.744       653.66          1864.92        3005.98         3829.53         5009.16  
    1.750       616.54          1637.92        2878.23         3889.24         5293.85  
    1.756       61.19          1279.76        2900.23         3788.31         4128.58  
    1.763       0          124.25        1449.37         3074.22         3848.01  
    1.769       487.85          1528.46        2601.95         3697.24         5006.12  
    1.775       54.21          1211.08        2445.15         3463.41         4822.59  
    1.781       671.58          1674.16        2987.76         3662.93         4844.39  
    1.788       860.16          1770.82        2850.83         3658.46         4880.81  
    1.794       929.20          1794.16        2604.72         3731.28         4840.72  
    1.800       755.43          1773.79        2553.27         3720.48         4891.50  
    1.806       730.56          1766.27        2715.83         3719.24         4831.05  
    1.812       844.72          1762.48        2717.67         3836.54         4798.04  
    1.819       803.48          1845.75        2801.23         3858.98         4901.63  
    1.825       602.14          1712.32        2885.13         3939.87         4863.35  
    1.831       640.58          1742.23        2773.12         3874.77         4786.05  
    1.838       64.73          1308.33        2573.62         3805.43         4967.19  
    1.844       0          125.96        1535.31         2683.97         4003.20  
    1.850       0          652.10        1885.20         3029.55         4285.03  
    1.856       0          974.11        2123.81         3234.51         4321.02  
    1.863       480.38          1970.48        2997.48         4117.20         5382.02  
    1.869       53.38          1351.52        2270.22         3323.15         4483.79  
    