0.025       93.92          1426.20        2392.46         3842.46         4516.88  
    0.031       416.55          1064.40        2536.51         3841.86         4624.41  
    0.038       477.53          858.97        2643.88         3827.62         4258.06  
    0.044       429.83          844.85        2624.42         3802.58         3997.81  
    0.050       437.39          851.29        2614.43         3803.81         3978.05  
    0.056       442.06          843.27        2646.10         3796.38         3974.31  
    0.062       437.23          855.48        2629.64         3781.47         4010.39  
    0.069       443.25          852.90        2591.83         3790.85         4056.74  
    0.075       452.42          837.87        2597.26         3799.91         4069.74  
    0.081       457.59          830.02        2601.22         3776.33         4022.68  
    0.088       457.90          829.61        2626.90         3773.39         4037.71  
    0.094       459.30          835.21        2660.36         3778.78         4083.27  
    0.100       463.45          833.33        2654.26         3756.26         4073.53  
    0.106       466.50          829.21        2561.67         3721.26         4067.31  
    0.113       470.62          818.49        2534.52         3712.82         4076.38  
    0.119       479.10          788.00        2557.63         3725.22         4068.44  
    0.125       482.69          760.63        2556.73         3720.75         4009.34  
    0.131       473.00          766.79        2532.67         3727.05         3969.72  
    0.138       480.36          754.92        2525.92         3722.56         4005.39  
    0.144       485.41          735.50        2549.45         3680.76         4041.82  
    0.150       475.58          765.82        2536.45         3655.42         4051.21  
    0.156       463.40          802.51        2504.78         3650.31         4055.84  
    0.163       466.36          863.61        2473.70         3658.75         4075.67  
    0.169       470.73          925.83        2452.83         3676.48         4094.64  
    0.175       463.98          1009.37        2449.30         3667.50         4129.85  
    0.181       458.50          1052.49        2436.22         3654.13         4103.67  
    0.188       467.71          1078.67        2432.72         3660.41         4071.31  
    0.194       471.90          1134.46        2435.60         3671.79         4017.85  
    0.200       478.79          1173.22        2422.31         3654.15         3990.18  
    0.206       497.22          1217.71        2390.46         3624.82         4003.18  
    0.213       482.63          1301.80        2355.73         3620.46         4013.93  
    0.219       430.77          1386.91        2363.79         3650.27         4013.47  
    0.225       404.72          1502.76        2375.44         3681.80         4024.54  
    0.231       398.45          1648.24        2377.57         3692.35         4079.43  
    0.238       392.22          1814.00        2383.57         3693.53         4183.76  
    0.244       380.37          1980.00        2395.07         3681.84         4187.76  
    0.250       373.03          2070.19        2406.83         3682.65         4179.42  
    0.256       367.00          2119.71        2422.88         3691.91         4312.02  
    0.263       358.27          2162.41        2438.06         3729.53         4397.67  
    0.269       349.16          2187.57        2454.50         3701.18         4420.24  
    0.275       339.57          2205.07        2492.43         3703.27         4435.13  
    0.281       324.51          2246.09        2505.49         3777.78         4458.54  
    0.288       312.78          2289.15        2506.64         3809.74         4482.77  
    0.294       305.94          2337.43        2520.55         3845.15         4407.72  
    0.300       299.03          2415.97        2517.77         3834.53         4380.73  
    0.306       293.81          2436.04        2479.76         3800.46         4407.66  
    0.312       287.48          2432.15        2596.06         3821.05         4307.10  
    0.319       286.52          2452.05        2670.73         3927.76         4208.10  
    0.325       295.64          2459.39        2651.00         3939.09         4370.58  
    0.331       308.70          2479.58        2560.72         3961.31         4528.44  
    0.338       307.97          2458.41        2510.70         3997.18         4713.48  
    0.344       284.84          2464.64        2506.45         3991.83         4808.95  
    