0.025       0          1305.45        1809.26         2752.61         3302.93  
    0.031       0          523.96        1566.78         2561.05         3120.94  
    0.038       252.46          820.22        2026.54         3222.07         4496.17  
    0.044       430.85          1299.65        2398.73         3769.01         5139.14  
    0.050       452.29          1183.08        2408.19         3672.88         4445.93  
    0.056       481.79          1135.59        2449.83         3587.12         4055.75  
    0.062       510.42          1122.22        2479.08         3642.53         4070.12  
    0.069       525.70          1118.45        2567.39         3732.73         4209.96  
    0.075       524.02          1127.03        2572.75         3799.60         4492.18  
    0.081       514.35          1120.91        2488.66         3801.88         4783.58  
    0.088       505.49          1112.16        2445.02         3746.61         4869.29  
    0.094       497.14          1107.27        2424.95         3708.83         4821.27  
    0.100       490.97          1109.93        2424.78         3772.30         5093.05  
    0.106       489.21          1112.20        2432.48         3763.09         5279.57  
    0.113       490.44          1109.30        2428.46         3535.61         5166.20  
    0.119       497.34          1113.62        2435.06         3419.66         5062.74  
    0.125       506.92          1112.73        2459.83         3485.14         4953.36  
    0.131       514.76          1093.54        2482.95         3493.28         4729.21  
    0.138       524.35          1082.81        2490.41         3506.10         4453.72  
    0.144       532.28          1090.43        2492.17         3556.74         4334.34  
    0.150       533.05          1080.31        2496.70         3599.30         4260.59  
    0.156       531.81          1062.18        2514.67         3629.43         4242.67  
    0.163       532.84          1053.64        2523.61         3586.22         4467.62  
    0.169       534.29          1050.48        2515.64         3542.69         4550.26  
    0.175       534.80          1057.72        2504.68         3555.53         4600.43  
    0.181       535.38          1079.77        2495.12         3590.02         4600.72  
    0.188       535.94          1116.53        2486.85         3633.07         4703.15  
    0.194       535.24          1160.60        2476.87         3640.38         4861.29  
    0.200       530.94          1185.86        2467.90         3620.89         4849.28  
    0.206       525.22          1189.79        2468.95         3619.64         4763.84  
    0.213       524.22          1199.73        2469.34         3611.43         4709.81  
    0.219       527.92          1222.56        2461.20         3581.98         4699.40  
    0.225       527.53          1270.05        2443.72         3556.84         4674.57  
    0.231       523.26          1325.89        2429.52         3546.59         4668.28  
    0.238       524.87          1365.27        2432.73         3546.92         4753.59  
    0.244       530.36          1422.70        2445.18         3540.33         4823.67  
    0.250       528.90          1540.32        2475.72         3542.31         4741.68  
    0.256       519.78          1622.21        2520.87         3559.85         4884.56  
    0.263       506.20          1691.36        2611.26         3577.17         4969.56  
    0.269       492.58          1751.53        2748.53         3634.80         5272.79  
    0.275       477.65          1792.15        2778.21         3672.82         4874.38  
    0.281       459.94          1809.22        2696.77         3661.97         4223.14  
    0.288       446.55          1839.40        2656.07         3618.49         4041.72  
    0.294       437.24          1924.58        2699.54         3613.07         4279.22  
    0.300       427.33          1999.84        2726.79         3630.84         4580.63  
    0.306       419.46          2049.96        2743.72         3631.84         4552.29  
    0.312       413.77          2065.10        2738.49         3562.02         4157.26  
    0.319       408.54          2064.38        2747.81         3603.86         3875.63  
    0.325       403.24          2062.84        2762.32         3681.06         3935.21  
    0.331       398.24          2064.46        2800.55         3665.43         4153.75  
    0.338       391.74          2069.26        2800.80         3621.86         4140.14  
    0.344       383.95          2074.85        2764.48         3644.87         3909.92  
    0.350       377.90          2082.94        2779.43         3685.03         4335.78  
    0.356       373.47          2085.52        2782.80         3691.74         4757.46  
    0.363       367.89          2078.46        2732.88         3703.24         4182.83  
    0.369       362.25          2101.19        2713.27         3647.98         3825.85  
    0.375       366.39          2215.56        2750.96         3551.05         3859.60  
    0.381       148.71          1136.67        2486.79         3408.43         3839.99  
    0.388       217.80          1532.71        2876.05         3542.66         3827.64  
    0.394       364.90          2320.19        2868.73         3629.81         3840.23  
    0.400       357.98          2255.91        2525.15         3546.68         3876.20  
    0.406       141.62          1100.07        2443.22         3409.30         3895.11  
    0.413       0          340.37        2485.46         3402.68         3889.92  
    0.419       0          318.21        2518.84         3297.37         3897.64  
    0.425       0          312.84        2465.57         3086.88         3904.29  
    0.431       0          293.29        2430.18         3044.19         3902.06  
    0.438       0          237.88        2310.66         2940.65         3882.73  
    0.444       142.23          1259.71        2496.05         3427.09         4845.96  
    0.450       278.93          1824.51        2656.32         3797.16         5157.75  
    0.456       328.94          1783.37        2692.91         3707.47         5117.42  
    0.463       281.99          1971.59        2816.97         3741.43         5397.34  
    0.469       222.49          2044.90        2922.53         3866.73         5500.00  
    0.475       199.70          2034.38        2925.61         3879.37         5500.00  
    0.481       184.35          1915.79        2757.55         3772.31         5199.02  
    0.488       152.96          1848.01        2812.00         3791.13         5298.20  
    