0.025       536.16          810.99        2380.42         4959.36         5500.00  
    0.031       475.04          828.01        2380.54         4400.59         4935.53  
    0.038       479.26          852.58        2382.30         4278.34         4857.67  
    0.044       458.55          875.94        2383.28         4116.41         4827.75  
    0.050       441.21          885.41        2414.82         3947.87         4772.99  
    0.056       434.95          902.99        2409.95         3786.38         4744.32  
    0.062       423.11          907.35        2380.68         3743.50         4709.79  
    0.069       421.42          917.71        2386.25         3752.84         4681.13  
    0.075       425.66          938.61        2377.27         3802.15         4666.01  
    0.081       423.12          911.20        2356.01         3757.48         4638.95  
    0.088       434.57          1028.07        2351.28         3708.93         4629.22  
    0.094       447.59          1176.97        2303.10         3710.31         4633.85  
    0.100       447.82          1252.52        2345.18         3700.70         4630.27  
    0.106       447.37          1324.96        2359.98         3731.22         4586.76  
    0.113       450.95          1327.08        2364.25         3757.80         4591.18  
    0.119       458.65          1310.27        2390.98         3768.39         4610.08  
    0.125       461.17          1330.82        2398.98         3702.55         4625.60  
    0.131       463.23          1336.57        2417.29         3703.12         4639.45  
    0.138       468.96          1333.83        2420.76         3759.18         4601.29  
    0.144       470.77          1313.97        2424.84         3794.92         4633.79  
    0.150       463.14          1308.82        2440.74         3747.80         4625.86  
    0.156       456.56          1335.95        2466.88         3711.89         4624.41  
    0.163       450.65          1364.82        2449.37         3707.77         4716.57  
    0.169       449.54          1394.13        2435.06         3686.10         4774.79  
    0.175       451.41          1401.21        2439.49         3723.53         4725.15  
    0.181       453.79          1412.38        2453.98         3722.58         4683.90  
    0.188       453.78          1419.51        2456.18         3692.11         4626.58  
    0.194       454.18          1403.81        2437.36         3656.98         4609.32  
    0.200       460.81          1412.86        2416.36         3664.22         4550.64  
    0.206       467.17          1448.40        2390.12         3654.31         4578.45  
    0.213       472.66          1475.36        2328.14         3631.37         4688.05  
    0.219       480.35          1471.52        2322.37         3621.95         4656.95  
    0.225       476.37          1467.10        2340.94         3612.49         4621.04  
    0.231       459.96          1464.28        2350.52         3617.23         4612.26  
    0.238       463.26          1414.33        2351.28         3627.78         4610.16  
    0.244       474.53          1322.30        2350.16         3640.32         4616.10  
    0.250       463.51          1299.22        2351.42         3672.23         4611.19  
    0.256       448.82          1327.26        2345.38         3660.68         4614.10  
    0.263       429.98          1341.66        2346.01         3655.32         4618.60  
    0.269       424.50          1412.11        2342.96         3712.23         4626.10  
    0.275       429.64          1528.85        2348.58         3829.35         4637.31  
    0.281       426.91          1647.89        2373.25         3877.17         4619.88  
    0.288       426.81          1777.70        2386.34         3793.42         4626.96  
    0.294       417.45          1894.86        2388.92         3722.99         4656.36  
    0.300       394.24          1995.12        2423.97         3703.67         4663.76  
    0.306       372.82          2037.71        2440.62         3683.10         4661.04  
    0.312       349.34          2083.06        2489.25         3674.78         4629.78  
    0.319       319.28          2126.74        2582.88         3648.94         4610.87  
    0.325       308.40          2160.11        2646.01         3634.51         4590.85  
    0.331       298.37          2203.25        2728.54         3624.94         4598.08  
    0.338       293.72          2222.76        2868.77         3620.97         4638.61  
    0.344       290.50          2233.48        2950.63         3630.67         4646.30  
    0.350       284.79          2256.17        3027.16         3790.65         4619.29  
    0.356       287.37          2271.64        3054.68         3928.11         4622.64  
    0.363       289.16          2302.31        3076.50         3954.93         4664.66  
    0.369       290.87          2321.04        3069.50         3891.33         4708.54  
    0.375       291.82          2358.32        3086.34         3923.44         4617.79  
    0.381       288.82          2331.52        3027.91         3797.17         4589.25  
    0.388       282.54          2345.64        3020.36         3826.10         4536.84  
    0.394       267.74          2340.53        3059.76         4110.51         4556.98  
    0.400       268.84          2357.01        3075.20         4145.58         4558.74  
    0.406       281.89          2379.49        3083.79         4121.12         4582.13  
    0.413       276.67          2378.20        3166.60         4001.12         4573.86  
    0.419       259.45          2241.10        2990.48         3846.03         4584.34  
    0.425       219.93          2208.25        3022.65         3965.39         4513.13  
    0.431       215.06          2231.60        2993.96         3837.60         4522.28  
    