0.025       0          781.91        1808.72         3238.80         4562.77  
    0.031       0          710.27        1665.84         3193.53         4549.24  
    0.038       262.35          919.35        2378.02         3315.48         5212.59  
    0.044       426.21          1168.95        2687.11         3384.64         5500.00  
    0.050       469.59          1225.43        2715.36         3416.01         5500.00  
    0.056       488.07          1150.04        2687.80         3456.12         5094.80  
    0.062       469.04          1213.34        2488.64         3564.41         4934.66  
    0.069       464.99          1339.69        2479.11         3626.47         4928.62  
    0.075       476.55          1457.06        2721.37         3743.07         4829.42  
    0.081       474.47          1538.58        2895.31         3564.22         4540.47  
    0.088       465.28          1513.04        2667.85         3468.62         4470.71  
    0.094       474.88          1497.37        2727.41         3388.45         4509.84  
    0.100       508.03          1534.83        2877.34         3353.05         4550.10  
    0.106       507.56          1597.30        2924.63         3350.40         4610.57  
    0.113       488.66          1565.59        2992.92         3356.94         4662.75  
    0.119       488.21          1518.76        3130.00         3324.94         4677.36  
    0.125       499.08          1551.65        3171.25         3290.42         4543.29  
    0.131       151.06          844.31        2172.30         3212.33         4191.44  
    0.138       376.13          1387.42        2819.40         3571.94         4417.86  
    0.144       507.22          1638.95        2832.98         3543.47         4571.51  
    0.150       485.65          1530.79        2656.50         3490.18         4562.20  
    0.156       483.87          1510.16        2728.16         3556.84         4550.99  
    0.163       474.53          1517.34        2806.33         3665.59         4571.44  
    0.169       474.06          1549.01        2770.31         3640.71         4601.39  
    0.175       490.73          1599.22        2849.89         3550.12         4517.51  
    0.181       511.43          1692.20        3218.83         3566.22         4374.95  
    0.188       491.74          1684.91        3287.14         3439.65         4383.63  
    0.194       480.81          1768.30        2993.69         3425.24         4510.81  
    0.200       487.73          1713.45        2793.74         3635.63         4666.44  
    0.206       474.78          1539.80        2647.02         3738.29         4707.00  
    0.213       458.54          1504.68        2517.94         3723.17         4669.97  
    0.219       455.58          1694.06        2502.55         3619.09         4738.49  
    0.225       440.76          1932.77        2481.45         3566.82         4830.32  
    0.231       433.76          1994.40        2444.83         3612.88         4924.34  
    0.238       411.89          2126.94        2430.90         3636.60         4860.35  
    0.244       393.55          2091.11        2628.08         3638.15         4713.99  
    0.250       398.17          2094.75        2778.21         3631.66         4819.50  
    0.256       396.45          2076.18        2831.34         3657.16         4950.21  
    0.263       387.33          2101.66        2877.42         3670.87         4915.37  
    0.269       387.94          2133.23        2859.72         3668.94         4898.34  
    0.275       381.76          2155.64        2862.89         3674.13         4944.44  
    0.281       372.25          2202.69        2909.73         3672.47         4884.53  
    0.288       376.04          2227.54        2931.96         3671.89         4858.73  
    0.294       378.83          2198.59        2920.98         3668.90         4810.81  
    0.300       372.96          2179.03        2902.50         3658.40         4775.36  
    0.306       366.82          2216.76        2929.20         3679.82         4706.84  
    0.312       367.68          2221.25        2941.56         3701.43         4817.22  
    0.319       366.11          2198.78        2924.96         3696.17         4832.80  
    0.325       362.80          2217.14        2964.56         3710.75         4920.18  
    0.331       361.81          2281.91        2983.54         3705.93         5339.47  
    0.338       361.40          2317.82        2994.59         3735.10         5500.00  
    0.344       364.65          2243.81        2975.06         3740.69         5343.97  
    0.350       366.32          2277.48        3017.44         3750.37         5432.98  
    0.356       361.36          2359.45        3065.73         3753.42         5500.00  
    0.363       349.62          2364.15        3054.31         3751.95         5071.09  
    0.369       340.43          2349.15        3043.55         3758.58         4427.95  
    0.375       327.81          2393.52        3051.22         3810.65         4063.32  
    0.381       311.40          2433.05        3071.35         3814.54         4160.47  
    0.388       300.22          2459.86        3099.06         3811.13         4161.27  
    0.394       297.71          2470.34        3068.68         3814.15         4324.01  
    0.400       302.66          2412.90        2974.70         3717.69         4020.78  
    0.406       309.02          2396.31        2948.09         3682.06         3875.71  
    0.413       312.46          2420.71        3029.59         3836.17         3915.85  
    0.419       315.93          2426.79        3104.25         3704.37         4000.71  
    0.425       303.52          2415.00        2928.67         3657.31         4146.48  
    0.431       310.20          2211.57        2829.71         3655.99         4260.13  
    0.438       327.86          2151.61        2816.69         3694.98         4341.57  
    0.444       253.60          2272.60        2765.70         3711.95         4399.87  
    0.450       215.52          2501.04        2725.22         3730.40         4622.85  
    0.456       236.68          2244.68        2760.35         3757.04         4800.77  
    0.463       223.03          2176.38        2808.04         3733.51         4761.98  
    0.469       197.54          2176.23        2869.59         3674.42         4782.73  
    0.475       212.99          2078.14        2941.44         3585.78         5291.43  
    0.481       270.76          1907.22        2954.06         3791.88         5500.00  
    0.488       394.39          1794.39        2886.43         3930.28         5500.00  
    0.494       453.09          1734.02        2812.54         3868.73         5500.00  
    