0.025       0          1233.96        2131.83         3039.60         4559.14  
    0.031       0          1199.22        2129.15         2995.67         4569.28  
    0.038       0          1117.43        2116.57         2834.82         4572.29  
    0.044       419.93          977.11        2302.33         2998.23         5106.94  
    0.050       628.40          897.05        2532.27         3264.63         5350.20  
    0.056       518.34          892.17        2617.22         3312.52         5137.32  
    0.062       441.40          889.10        2633.62         3309.54         5059.98  
    0.069       416.65          858.05        2629.59         3328.83         5081.95  
    0.075       424.35          856.17        2618.71         3371.94         5089.23  
    0.081       429.49          865.20        2637.00         3404.60         5118.23  
    0.088       378.91          839.14        2647.84         3411.24         5175.25  
    0.094       143.15          347.34        1588.86         2964.09         4155.10  
    0.100       234.13          455.89        1873.56         3056.86         4433.30  
    0.106       171.09          333.15        1528.81         2955.83         4146.75  
    0.113       203.42          450.59        1855.89         3089.13         4413.56  
    0.119       148.65          329.28        1548.90         2982.87         4130.75  
    0.125       0          0        746.52         2692.83         3364.59  
    0.131       194.15          470.58        1868.85         3078.44         4454.53  
    0.138       374.79          824.65        2652.25         3353.75         5230.30  
    0.144       434.89          811.27        2641.48         3386.83         5150.27  
    0.150       468.65          692.19        2721.78         3387.96         5060.43  
    0.156       522.22          593.32        2774.96         3334.31         5026.89  
    0.163       531.29          592.28        2783.31         3311.49         4997.56  
    0.169       486.22          652.32        2792.65         3326.68         4992.70  
    0.175       440.89          728.27        2753.83         3343.32         5035.35  
    0.181       417.98          754.66        2727.03         3351.01         5056.11  
    0.188       400.53          651.44        2729.78         3374.02         5107.04  
    0.194       254.58          585.45        2747.26         3404.48         5155.36  
    0.200       65.68          249.57        1520.07         3011.07         4150.07  
    0.206       0          0        619.39         2689.03         3395.19  
    0.213       0          0        614.49         2634.13         3350.69  
    0.219       0          0        602.90         2596.42         3322.94  
    0.225       0          343.77        1748.95         2986.52         4339.63  
    0.231       0          579.49        2586.18         3280.55         5043.40  
    0.238       0          239.89        1411.29         2914.04         4023.15  
    0.244       0          0        558.08         2674.05         3283.58  
    0.250       0          0        555.13         2651.25         3260.57  
    0.256       0          0        556.56         2568.87         3242.27  
    0.263       0          0        570.81         2526.16         3234.85  
    0.269       0          352.76        1683.97         2939.62         4337.66  
    0.275       0          621.91        2472.16         3252.18         5085.12  
    0.281       0          634.56        2470.86         3273.98         5082.09  
    0.288       0          642.46        2492.41         3306.94         5159.83  
    0.294       0          648.46        2496.21         3298.22         5178.56  
    0.300       0          657.75        2485.57         3260.08         5150.96  
    0.306       0          670.07        2491.85         3241.59         5140.55  
    0.312       0          285.05        1456.08         2825.30         4035.91  
    0.319       0          0        717.20         2503.00         3224.27  
    0.325       0          0        771.44         2469.06         3223.65  
    0.331       0          0        842.59         2429.12         3230.08  
    0.338       0          0        884.64         2384.85         3248.97  
    0.344       40.83          500.00        1719.92         2930.58         4331.26  
    0.350       247.60          982.53        2293.95         3348.48         5224.43  
    0.356       368.05          1133.50        2258.04         3342.32         5289.58  
    0.363       358.88          1253.99        2246.15         3342.73         5259.41  
    0.369       352.52          1354.59        2263.16         3366.27         5312.85  
    0.375       347.61          1445.95        2276.25         3385.10         5441.70  
    0.381       348.19          1711.72        2287.04         3394.01         5500.00  
    0.388       342.36          1955.84        2340.22         3398.90         5500.00  
    0.394       331.16          2010.40        2460.22         3412.95         5436.56  
    0.400       325.43          2007.53        2555.49         3431.06         5362.45  
    0.406       324.24          2014.13        2632.78         3448.57         5318.14  
    0.413       325.60          2035.81        2682.24         3461.54         5341.13  
    0.419       329.14          2057.51        2681.00         3451.98         5324.59  
    0.425       331.15          2048.84        2696.69         3438.68         5285.29  
    0.431       331.98          2043.61        2746.83         3437.83         5305.86  
    0.438       332.94          2064.36        2883.84         3454.80         5355.26  
    0.444       332.30          2077.62        2997.99         3468.30         5334.70  
    0.450       331.37          2074.70        2955.96         3466.20         5293.23  
    0.456       331.85          2072.45        2895.07         3465.34         5261.39  
    0.463       332.85          2071.56        2926.74         3488.96         5243.36  
    0.469       334.57          2073.97        2947.85         3528.72         5237.81  
    0.475       333.42          2084.26        2916.11         3536.20         5224.13  
    0.481       331.18          2103.53        2899.47         3585.44         5154.91  
    0.488       330.68          2144.98        2915.83         3673.67         5169.99  
    0.494       332.72          2187.96        2959.50         3719.63         5253.70  
    0.500       322.59          2214.31        3151.61         3781.58         5312.25  
    0.506       132.62          1097.99        2671.14         3651.06         4942.60  
    0.513       0          393.83        2285.82         3585.06         4620.09  
    0.519       0          358.60        2338.13         3584.44         4367.16  
    0.525       0          253.22        2325.63         3343.75         4200.29  
    0.531       0          288.05        2281.96         3104.05         4208.04  
    0.537       0          294.97        2247.29         3029.21         4284.16  
    0.544       0          244.23        2258.14         3204.86         4299.60  
    0.550       0          216.35        2280.81         3338.81         4213.79  
    0.556       0          210.91        2259.78         3294.25         4247.47  
    0.562       0          209.73        2237.84         3337.89         4203.66  
    0.569       0          212.59        2299.50         3459.90         4091.61  
    0.575       0          221.87        2341.58         3452.10         4087.01  
    0.581       0          224.27        2286.24         3390.84         4113.53  
    0.588       28.01          1163.01        2884.69         3766.15         4917.45  
    0.594       20.47          1229.98        2630.79         3677.52         4631.41  
    0.600       0          842.24        2218.10         3375.65         4076.80  
    0.606       0          833.37        2255.68         3320.13         4166.77  
    0.613       0          778.80        2189.57         3294.61         4183.28  
    