0.025       0          625.26        1869.02         2643.07         3730.66  
    0.031       433.26          1647.24        2294.66         3487.81         5197.89  
    0.038       89.21          758.35        1973.00         2946.09         4779.68  
    0.044       450.15          827.29        2223.19         4297.59         4670.07  
    0.050       499.77          840.68        2521.40         4447.69         4615.95  
    0.056       477.87          835.50        2572.08         4345.85         4600.02  
    0.062       463.05          814.58        2365.98         4448.64         4587.02  
    0.069       447.46          847.45        2237.03         4475.33         4526.41  
    0.075       452.90          855.98        2174.29         4061.80         4556.04  
    0.081       477.36          820.95        2128.68         3985.43         4574.04  
    0.088       540.44          757.10        2141.10         4110.40         4545.70  
    0.094       576.03          769.97        2076.32         3861.00         4555.81  
    0.100       571.77          738.69        2059.55         3704.67         4552.61  
    0.106       572.55          722.04        2312.16         3914.17         4556.86  
    0.113       569.75          753.56        2358.87         4102.59         4583.57  
    0.119       569.56          716.11        2328.89         4269.68         4591.64  
    0.125       546.92          766.38        2262.25         4345.18         4608.93  
    0.131       528.63          894.77        2201.08         4272.43         4604.56  
    0.138       522.43          1053.86        2141.26         4204.55         4599.17  
    0.144       510.79          1155.97        2058.76         3982.24         4601.31  
    0.150       511.83          905.20        2123.76         3966.96         4606.59  
    0.156       504.38          759.58        2300.21         4289.85         4596.70  
    0.163       480.52          725.51        2373.55         4509.09         4606.44  
    0.169       470.09          724.80        2465.67         4550.81         4613.49  
    0.175       457.83          726.77        2578.22         4579.89         4599.62  
    0.181       446.26          752.72        2620.09         4579.12         4595.02  
    0.188       439.97          760.39        2595.94         4525.49         4627.15  
    0.194       437.88          754.60        2583.63         4512.14         4635.46  
    0.200       438.32          757.85        2531.75         4560.49         4619.50  
    0.206       439.61          772.71        2448.16         4590.58         4605.04  
    0.213       444.96          786.39        2475.02         4546.56         4606.32  
    0.219       447.01          790.72        2546.19         4534.21         4603.30  
    0.225       442.63          802.83        2555.66         4516.65         4599.12  
    0.231       435.82          811.67        2511.25         4503.25         4628.09  
    0.238       433.02          821.93        2513.65         4484.48         4638.73  
    0.244       429.94          828.17        2593.19         4384.96         4628.51  
    0.250       426.98          822.60        2646.08         4361.55         4628.66  
    0.256       424.82          817.09        2673.30         4366.78         4627.01  
    0.263       424.33          822.06        2674.23         4362.50         4624.88  
    0.269       421.76          823.09        2691.59         4475.82         4625.45  
    0.275       420.75          827.55        2728.64         4231.67         4636.10  
    0.281       419.52          831.05        2806.47         4088.60         4626.13  
    0.288       417.19          827.80        2786.42         4121.71         4620.78  
    0.294       415.49          826.95        2806.31         4100.86         4618.77  
    0.300       413.18          829.09        2767.25         4254.37         4617.33  
    0.306       411.56          829.42        2759.29         4325.23         4616.62  
    0.312       406.40          834.71        2795.07         4366.77         4612.54  
    0.319       405.25          842.51        2755.21         4456.26         4599.80  
    0.325       407.06          845.57        2721.55         4450.72         4609.56  
    0.331       407.58          846.42        2686.86         4492.99         4611.59  
    0.338       408.95          844.30        2641.57         4518.73         4619.36  
    0.344       413.57          839.79        2659.66         4353.84         4636.83  
    0.350       424.62          827.58        2664.11         4162.94         4670.72  
    0.356       430.85          818.85        2638.81         4130.55         4672.59  
    0.363       434.41          821.88        2611.46         4357.86         4679.11  
    0.369       437.84          860.94        2567.24         4336.94         4693.69  
    0.375       446.61          942.53        2542.35         4122.06         4694.22  
    0.381       452.26          1009.25        2542.20         3919.47         4688.12  
    0.388       453.74          1051.29        2525.95         3860.77         4687.14  
    0.394       451.66          1105.45        2503.29         3868.96         4687.41  
    0.400       448.17          1141.59        2477.24         3969.34         4706.59  
    0.406       441.43          1170.94        2476.33         3943.88         4715.20  
    0.413       443.25          1187.02        2493.59         3889.35         4729.17  
    0.419       452.64          1228.16        2504.32         3962.39         4731.83  
    0.425       463.70          1269.52        2492.95         3915.02         4729.82  
    0.431       468.66          1275.92        2460.36         3969.05         4761.67  
    0.438       462.18          1243.78        2451.90         3972.94         4758.86  
    0.444       466.19          1253.90        2468.16         3926.30         4722.73  
    0.450       474.07          1246.21        2489.74         4044.00         4733.25  
    0.456       476.45          1248.93        2495.88         4147.24         4774.57  
    0.463       469.18          1251.72        2493.13         4019.76         4812.55  
    0.469       465.77          1269.83        2468.49         4011.23         4871.45  
    0.475       467.66          1296.24        2444.25         3939.54         4893.57  
    0.481       460.19          1352.58        2430.33         3812.15         4866.20  
    0.488       455.57          1408.51        2430.33         3821.81         4857.24  
    0.494       448.56          1462.94        2433.85         3953.28         4850.35  
    0.500       428.75          1478.22        2442.22         4067.40         4889.73  
    0.506       404.65          1499.43        2416.82         4012.25         4865.80  
    0.513       377.77          1514.73        2389.22         3903.13         4829.26  
    0.519       376.78          1552.57        2373.36         3952.33         4809.02  
    0.525       389.37          1642.22        2373.60         4143.97         4691.17  
    0.531       391.12          1768.99        2380.90         4031.09         4581.98  
    0.537       390.25          1822.51        2391.93         3865.57         4574.30  
    0.544       388.39          1857.05        2372.90         3826.18         4535.59  
    0.550       384.15          1934.94        2357.49         3885.41         4514.81  
    0.556       383.50          1987.59        2356.88         3935.39         4517.44  
    0.562       385.80          2012.63        2373.57         3972.59         4547.52  
    0.569       390.24          2038.90        2421.97         3981.90         4496.52  
    0.575       395.28          2074.41        2487.74         3924.20         4472.03  
    0.581       391.54          2092.17        2556.49         3814.21         4438.04  
    0.588       356.75          2103.90        2666.38         3846.54         4429.44  
    0.594       253.94          2110.86        2817.96         3993.10         4431.28  
    0.600       39.99          360.60        2234.97         3176.73         4255.88  
    0.606       181.63          1754.29        2922.19         4010.69         4432.55  
    0.613       304.78          2124.68        3141.90         4276.59         4328.98  
    0.619       329.96          2136.33        3150.61         4041.27         4319.59  
    0.625       282.19          2142.94        3194.94         4021.22         4331.19  
    0.631       208.35          2149.80        3257.19         4210.79         4393.79  
    0.638       253.39          2163.95        3279.40         4209.39         4679.22  
    0.644       243.58          2179.57        3297.32         4180.50         4825.20  
    0.650       248.76          2192.03        3341.12         4167.05         4899.79  
    0.656       258.30          2196.31        3352.72         4180.38         4904.85  
    0.663       250.88          2201.13        3375.22         4208.12         4860.57  
    0.669       268.26          2211.12        3402.47         4200.75         4719.62  
    0.675       270.38          2219.84        3437.85         4182.93         4697.15  
    0.681       281.90          2235.14        3501.41         4166.59         4867.58  
    0.688       271.49          2257.74        3528.55         4168.33         4883.12  
    0.694       257.74          2237.59        3484.59         4188.03         4989.01  
    0.700       246.35          2230.23        3342.19         4178.42         4878.79  
    0.706       244.92          2224.17        3295.56         4181.84         4913.52  
    0.713       246.26          2210.11        3535.87         4159.11         4453.80  
    0.719       252.59          2200.26        3475.21         4102.41         4436.17  
    0.725       262.99          2219.86        3193.43         4150.10         4752.60  
    0.731       263.61          2244.50        3485.50         4152.68         4321.92  
    0.738       261.37          2267.10        2982.21         4083.37         4392.73  
    0.744       238.47          2165.24        2382.72         4133.28         4523.86  
    0.750       234.26          1877.10        2286.03         4257.28         4760.04  
    0.756       264.94          1782.14        2295.83         4290.47         4910.83  
    0.763       240.73          1700.76        2316.52         4218.83         4801.81  
    0.769       209.91          1713.83        2316.37         4115.86         4643.56  
    0.775       34.98          293.62        1767.01         2634.78         4217.30  
    0.781       0          0        1695.17         2319.87         4212.16  
    0.788       0          0        1696.52         2317.14         4235.12  
    0.794       0          0        1690.67         2337.65         4159.14  
    0.800       0          0        1645.23         2354.97         4199.30  
    0.806       0          0        1634.99         2351.77         4274.42  
    0.812       172.37          1359.06        2228.95         4131.24         4509.08  
    0.819       358.83          1624.80        2356.21         4457.95         4504.98  
    0.825       514.61          1738.21        2331.54         4347.49         4769.42  
    0.831       517.49          1753.80        2223.40         4144.02         4766.84  
    0.838       514.37          1643.10        2165.08         3929.94         4642.14  
    0.844       500.94          1632.74        2250.44         4081.99         4628.06  
    0.850       85.05          1518.76        1744.77         2594.46         4295.47  
    0.856       659.32          1588.03        2094.45         3563.02         4536.54  
    0.863       135.76          1619.59        2104.99         3809.73         4337.85  
    0.869       1003.11          1570.30        2069.74         3708.39         4517.66  
    