0.025       405.95          1023.29        2868.86         2923.93         4250.27  
    0.031       408.51          917.85        2719.39         3152.23         4186.09  
    0.038       421.67          847.04        2596.75         3384.47         4136.67  
    0.044       433.81          884.62        2599.38         3388.72         4157.20  
    0.050       442.07          892.82        2592.58         3367.82         4150.72  
    0.056       452.69          883.94        2625.81         3368.11         4091.16  
    0.062       456.35          862.95        2661.68         3362.39         4088.40  
    0.069       457.10          836.36        2661.70         3344.12         4155.89  
    0.075       460.53          821.57        2666.07         3355.89         4169.04  
    0.081       464.88          818.16        2705.01         3370.33         4141.53  
    0.088       468.39          821.58        2721.97         3357.09         4161.26  
    0.094       470.45          817.44        2697.48         3331.82         4204.41  
    0.100       474.81          794.79        2673.14         3312.50         4186.14  
    0.106       488.54          752.43        2657.29         3295.34         4011.47  
    0.113       486.60          749.08        2637.99         3283.42         3866.50  
    0.119       476.99          777.19        2626.29         3296.16         3957.34  
    0.125       481.66          776.74        2628.83         3318.66         4085.11  
    0.131       490.22          760.24        2639.84         3334.28         4176.04  
    0.138       491.27          753.64        2645.04         3354.16         4217.42  
    0.144       479.63          786.45        2645.47         3375.05         4197.34  
    0.150       471.70          839.03        2651.45         3388.71         4208.45  
    0.156       471.51          889.64        2659.94         3403.88         4229.78  
    0.163       473.72          926.95        2658.75         3412.12         4227.45  
    0.169       477.96          978.50        2655.49         3404.52         4211.97  
    0.175       480.75          1044.64        2665.76         3414.16         4118.22  
    0.181       477.54          1080.97        2673.23         3438.82         3988.26  
    0.188       471.99          1132.86        2670.65         3457.97         3916.78  
    0.194       466.99          1203.62        2644.96         3469.97         3933.60  
    0.200       460.25          1255.02        2620.53         3451.14         4085.61  
    0.206       450.38          1336.90        2630.39         3434.32         4201.83  
    0.213       433.26          1437.77        2624.59         3464.20         4109.51  
    0.219       405.21          1538.68        2580.63         3489.84         3997.08  
    0.225       372.50          1747.60        2539.56         3492.60         4032.92  
    0.231       353.91          2060.56        2531.54         3496.83         4088.51  
    0.238       357.80          2248.08        2582.17         3519.32         4115.89  
    0.244       365.25          2309.10        2662.96         3541.86         4164.08  
    0.250       359.08          2372.16        2770.05         3541.25         4249.96  
    0.256       335.45          2414.67        2922.52         3545.95         4381.13  
    0.263       310.96          2421.22        3051.20         3567.73         4440.89  
    0.269       305.67          2409.77        3146.33         3593.25         4421.95  
    0.275       308.79          2402.81        3214.91         3589.91         4329.22  
    0.281       306.48          2410.16        3256.79         3553.22         4198.75  
    0.288       302.74          2427.60        3344.71         3651.90         4188.84  
    0.294       308.58          2450.07        3434.69         3842.69         4880.40  
    0.300       311.42          2472.82        3456.25         3885.45         5500.00  
    0.306       297.56          2463.33        3472.90         3865.39         5500.00  
    0.312       286.34          2440.91        3498.16         3880.22         5500.00  
    0.319       284.93          2469.09        3506.11         3872.85         5500.00  
    0.325       138.39          1365.35        3005.94         3694.28         4683.08  
    0.331       0          290.17        2510.65         3527.41         3916.76  
    0.338       0          283.49        2472.94         3524.34         3977.00  
    0.344       0          287.69        2451.56         3525.72         4048.84  
    0.350       0          301.56        2435.63         3492.87         4035.96  
    0.356       0          305.94        2449.50         3464.69         3992.15  
    0.363       0          304.03        2461.05         3502.69         3967.98  
    0.369       0          301.38        2440.86         3584.26         3955.96  
    0.375       0          290.74        2440.34         3614.94         3974.24  
    0.381       0          273.71        2473.50         3561.23         3954.98  
    