0.025       486.31          1805.68        2738.65         3538.11         4472.26  
    0.031       488.74          1844.14        2667.20         3456.18         4587.18  
    0.038       137.24          963.49        2460.08         2883.65         4874.15  
    0.044       391.72          699.25        2392.99         4315.05         5351.03  
    0.050       508.39          737.19        2397.01         4487.80         5081.89  
    0.056       508.77          761.78        2411.57         4177.28         4877.41  
    0.062       487.88          803.77        2431.45         3969.33         4853.36  
    0.069       456.23          838.67        2472.80         3798.32         4824.82  
    0.075       439.45          851.91        2457.54         3671.33         4821.73  
    0.081       431.94          847.78        2434.98         3663.05         4797.00  
    0.088       424.36          843.77        2446.87         3702.44         4771.36  
    0.094       424.67          844.80        2459.87         3739.59         4763.08  
    0.100       425.31          827.07        2442.07         3698.93         4728.67  
    0.106       429.27          855.60        2416.26         3668.49         4698.04  
    0.113       437.91          948.35        2377.90         3647.78         4685.04  
    0.119       442.12          1007.04        2381.54         3616.23         4676.62  
    0.125       443.21          1067.30        2394.17         3597.68         4655.35  
    0.131       444.48          1107.80        2406.70         3616.16         4685.22  
    0.138       445.63          1107.45        2422.01         3690.92         4722.58  
    0.144       447.03          1117.66        2419.26         3695.62         4755.69  
    0.150       447.98          1133.71        2429.31         3729.45         4763.13  
    0.156       451.35          1140.72        2447.15         3770.24         4744.84  
    0.163       451.91          1121.25        2457.38         3786.69         4867.71  
    0.169       447.01          1113.50        2474.63         3734.59         4893.59  
    0.175       442.98          1132.95        2500.38         3669.96         4860.84  
    0.181       438.09          1162.15        2481.29         3646.06         4872.21  
    0.188       436.08          1201.37        2453.50         3635.64         4898.48  
    0.194       437.40          1229.98        2460.09         3671.92         4903.31  
    0.200       439.55          1248.38        2475.08         3682.14         4876.55  
    0.206       439.64          1264.20        2475.01         3672.05         4823.93  
    0.213       438.78          1265.49        2463.45         3649.12         4786.15  
    0.219       441.38          1300.59        2465.89         3669.32         4715.22  
    0.225       442.66          1363.25        2477.46         3672.13         4704.30  
    0.231       443.07          1411.68        2441.47         3637.87         4771.19  
    0.238       446.00          1420.12        2388.62         3609.01         4766.50  
    0.244       445.69          1409.65        2370.12         3583.05         4727.97  
    0.250       439.82          1396.02        2368.32         3595.12         4680.69  
    0.256       439.16          1361.12        2364.31         3617.57         4654.45  
    0.263       446.56          1302.46        2361.15         3633.09         4658.12  
    0.269       443.92          1294.23        2362.17         3668.56         4653.19  
    0.275       436.90          1330.19        2367.38         3675.30         4651.97  
    0.281       433.18          1368.58        2392.32         3660.44         4646.92  
    0.288       424.76          1444.43        2378.93         3712.91         4642.65  
    0.294       412.35          1540.57        2370.84         3818.04         4644.19  
    0.300       403.08          1659.32        2398.08         3835.77         4628.05  
    0.306       399.37          1793.96        2414.38         3772.14         4630.98  
    0.312       391.44          1921.11        2421.18         3698.76         4663.31  
    0.319       375.82          2014.06        2470.00         3686.65         4693.20  
    0.325       358.23          2056.35        2537.17         3694.24         4706.34  
    0.331       340.22          2087.96        2600.42         3684.44         4666.74  
    0.338       323.33          2124.76        2663.67         3658.51         4634.49  
    0.344       311.23          2160.18        2704.37         3641.79         4616.55  
    0.350       300.96          2199.41        2761.08         3643.11         4632.72  
    0.356       293.09          2223.26        2847.57         3643.36         4672.42  
    0.363       288.49          2234.94        2915.80         3653.61         4675.02  
    0.369       285.57          2254.36        2957.45         3812.39         4644.23  
    0.375       285.11          2274.18        2994.56         3965.84         4640.61  
    0.381       285.29          2299.16        3043.71         4001.97         4669.19  
    0.388       286.42          2320.62        3055.20         3918.85         4707.29  
    0.394       287.50          2353.44        3082.20         3888.84         4645.72  
    0.400       285.31          2345.09        3039.81         3788.15         4597.44  
    0.406       279.12          2358.26        3032.54         3783.59         4555.32  
    0.413       265.89          2364.21        3075.25         4045.09         4552.78  
    0.419       262.60          2367.80        3114.73         4150.71         4549.89  
    0.425       275.22          2395.05        3237.47         4193.84         4503.58  
    0.431       78.47          872.03        2682.65         3766.13         4552.42  
    0.438       0          260.45        2383.49         3307.64         4340.04  
    0.444       0          226.34        2270.39         3152.61         4257.48  
    0.450       157.24          1687.63        2991.10         3867.19         5152.86  
    0.456       250.72          2307.65        2876.46         3772.29         5283.53  
    0.463       282.24          2280.47        2928.89         3503.45         4970.09  
    0.469       292.58          2268.27        3214.80         3992.76         5326.47  
    0.475       82.32          848.43        2575.10         3395.50         4512.35  
    