0.025       533.98          874.83        2680.85         3908.11         5500.00  
    0.031       181.99          686.21        2284.59         3095.30         4382.79  
    0.038       0          519.94        1113.04         2653.73         3806.75  
    0.044       0          572.95        1975.53         2721.92         3815.35  
    0.050       0          610.39        2665.88         3059.38         3813.68  
    0.056       0          609.20        2652.55         3297.68         3804.78  
    0.062       0          625.95        2634.40         3100.26         3781.79  
    0.069       0          577.77        2613.03         2994.09         3761.87  
    0.075       0          563.45        2619.87         2921.13         3718.97  
    0.081       0          554.56        2640.39         2776.58         3656.85  
    0.088       0          535.32        2579.13         2751.81         3626.06  
    0.094       0          533.15        2008.60         2781.01         3654.23  
    0.100       333.48          614.39        2445.48         3374.62         4876.70  
    0.106       172.42          561.98        2521.34         3104.61         4244.66  
    0.113       0          499.04        2607.29         2942.51         3481.48  
    0.119       0          167.51        1266.79         2797.34         3392.45  
    0.125       338.64          392.89        1870.82         3134.93         4776.42  
    0.131       517.24          623.07        2558.16         3332.78         5500.00  
    0.138       520.74          678.23        2536.66         3320.09         5500.00  
    0.144       560.92          755.70        2517.86         3290.48         5500.00  
    0.150       508.21          859.42        2497.16         3289.79         4970.91  
    0.156       471.09          942.02        2471.92         3325.95         4400.18  
    0.163       481.69          1018.22        2407.35         3316.32         4187.74  
    0.169       165.98          356.44        1523.82         2673.56         3606.85  
    0.175       0          0        1105.22         2312.62         3332.88  
    0.181       179.86          781.74        1854.94         2938.44         4074.56  
    0.188       214.13          1252.12        2221.40         3307.47         4423.45  
    0.194       233.65          1332.25        2214.52         3348.45         4346.27  
    0.200       88.42          462.14        1738.01         2636.16         3705.39  
    0.206       0          0        1570.37         2328.21         3406.55  
    0.213       0          0        1781.02         2403.23         3427.32  
    0.219       186.60          1306.71        2286.85         3095.76         3990.50  
    0.225       277.57          1999.14        2521.71         3444.55         4315.44  
    0.231       252.03          2008.22        2552.78         3455.10         4363.33  
    0.238       279.55          2003.78        2620.95         3470.52         4366.09  
    0.244       286.95          2006.05        2692.13         3513.09         4490.64  
    0.250       295.92          2014.87        2724.16         3557.60         4730.99  
    0.256       322.49          2025.53        2754.47         3569.37         4944.23  
    0.263       338.18          2040.98        2811.82         3558.57         5332.43  
    0.269       344.41          2041.78        2812.73         3548.07         5500.00  
    0.275       348.08          2073.18        2812.82         3563.01         5403.41  
    0.281       350.67          2086.74        2826.70         3591.29         5450.06  
    0.288       353.74          2065.80        2845.13         3613.99         5500.00  
    0.294       352.88          2081.64        2867.05         3613.96         5500.00  
    0.300       351.38          2113.98        2909.83         3612.43         5500.00  
    0.306       348.48          2147.80        2925.39         3617.50         5500.00  
    0.312       336.55          2152.63        2928.52         3625.46         5500.00  
    0.319       305.62          2151.30        2958.31         3646.37         5423.85  
    0.325       290.47          2157.88        2969.20         3669.44         5460.63  
    0.331       304.87          2164.64        2952.45         3680.69         5473.44  
    0.338       314.93          2181.41        2952.20         3686.81         5423.07  
    0.344       309.70          2205.70        2986.32         3695.70         5139.49  
    0.350       299.70          2215.00        3078.45         3713.63         5041.78  
    0.356       290.74          2224.77        3287.68         3761.27         5350.72  
    0.363       254.66          2229.09        3497.95         4063.09         5500.00  
    0.369       80.93          921.20        2676.10         3833.14         4649.00  
    0.375       0          254.17        2223.43         3689.75         4141.40  
    0.381       168.10          1549.78        3254.46         3873.56         5025.05  
    0.388       247.56          2225.46        3584.60         3904.68         5500.00  
    0.394       237.81          2242.79        3434.43         3863.08         5500.00  
    0.400       80.01          918.12        2639.98         3699.93         4459.26  
    0.406       0          225.44        2241.60         3588.94         3988.87  
    0.413       143.18          1552.30        3182.16         3745.97         4996.91  
    0.419       217.20          2221.84        3139.49         3820.13         4738.20  
    0.425       219.63          2235.96        2783.67         3827.22         4369.71  
    0.431       224.72          2164.67        2663.67         3826.64         4418.81  
    