0.025       0          1001.93        2164.72         2925.60         3896.00  
    0.031       0          1020.96        2163.71         2826.38         3849.58  
    0.038       0          1011.69        2153.20         2850.17         3873.61  
    0.044       0          937.21        2156.15         2892.73         3941.79  
    0.050       0          897.77        2170.68         2858.65         3881.93  
    0.056       0          866.22        2138.73         2878.73         3800.18  
    0.062       0          890.53        2117.46         2837.69         3789.89  
    0.069       0          904.07        2126.65         2808.79         3797.41  
    0.075       0          686.57        1821.36         2652.22         4087.00  
    0.081       0          466.71        1200.57         2465.77         4370.73  
    0.088       0          418.50        879.01         2542.42         4449.60  
    0.094       0          414.92        840.32         2631.52         4565.85  
    0.100       201.46          574.55        1694.69         3649.71         4731.93  
    0.106       380.61          745.24        2506.02         4538.95         4823.52  
    0.113       369.81          770.57        2511.57         4462.48         4679.44  
    0.119       363.13          785.54        2519.68         4266.65         4586.81  
    0.125       359.24          797.44        2530.56         4118.92         4594.83  
    0.131       355.37          799.16        2506.70         4233.03         4590.84  
    0.138       351.80          794.54        2458.05         4236.52         4627.14  
    0.144       349.80          791.63        2435.10         4104.56         4657.76  
    0.150       347.69          790.26        2425.86         4050.11         4673.92  
    0.156       345.01          789.41        2425.08         4047.12         4710.59  
    0.163       343.95          794.98        2442.54         4066.27         4709.23  
    0.169       344.71          800.18        2532.53         4058.82         4653.28  
    0.175       346.76          805.33        2585.25         4008.98         4664.29  
    0.181       350.85          821.48        2556.92         3983.78         4675.84  
    0.188       356.30          832.99        2528.12         3981.41         4648.15  
    0.194       362.08          828.45        2513.57         3992.99         4672.09  
    0.200       365.90          819.30        2513.54         4035.72         4702.19  
    0.206       367.19          821.16        2488.52         4047.65         4675.42  
    0.213       368.28          826.31        2457.21         4035.26         4642.01  
    0.219       369.00          822.10        2454.79         4027.32         4631.99  
    0.225       368.83          818.89        2473.18         4015.25         4636.88  
    0.231       368.41          825.81        2494.73         4016.44         4682.28  
    0.238       368.45          843.78        2501.56         4069.80         4725.57  
    0.244       370.17          865.75        2482.85         4132.65         4759.51  
    0.250       372.33          885.66        2457.32         4119.13         4792.58  
    0.256       373.74          902.35        2469.76         4043.96         4765.85  
    0.263       373.93          911.90        2517.38         4009.51         4704.54  
    0.269       372.72          931.91        2465.54         4044.62         4689.67  
    0.275       370.76          976.30        2381.80         4057.59         4674.10  
    0.281       368.09          1012.70        2353.10         4069.30         4687.32  
    0.288       365.39          1043.75        2320.27         4120.14         4753.43  
    0.294       361.32          1112.61        2295.05         4136.98         4752.40  
    0.300       354.56          1241.53        2283.07         4102.64         4707.24  
    0.306       346.54          1399.22        2287.69         4053.74         4705.61  
    0.312       338.57          1547.13        2300.95         4028.21         4732.44  
    0.319       332.08          1669.35        2311.52         4015.19         4728.37  
    0.325       327.70          1793.03        2307.95         3980.23         4720.91  
    0.331       324.02          1938.38        2318.01         3952.37         4745.70  
    0.338       320.02          2104.55        2349.03         3959.85         4702.90  
    0.344       318.45          2259.21        2411.76         3928.93         4705.40  
    0.350       320.67          2321.73        2552.17         3902.76         4779.05  
    0.356       324.17          2339.09        2739.23         3916.94         4785.43  
    0.363       329.14          2377.95        2749.23         3931.97         4765.39  
    0.369       335.97          2393.68        2752.79         3994.82         4767.83  
    0.375       340.32          2385.58        2906.28         3991.46         4831.57  
    0.381       336.22          2380.99        2935.25         3916.75         4911.83  
    0.388       336.40          2383.75        2912.47         3900.15         4831.76  
    0.394       163.48          1323.59        2670.68         3912.72         4336.68  
    0.400       166.97          1423.09        3116.58         3929.41         4766.59  
    0.406       301.84          2396.07        3354.74         3953.08         5110.24  
    0.413       278.47          2385.24        2920.49         3965.08         4805.98  
    0.419       275.14          2444.73        2903.48         3955.30         4854.15  
    0.425       132.88          1333.93        2765.76         3875.09         4781.49  
    0.431       0          265.27        2608.59         3818.91         4675.12  
    0.438       139.04          1421.40        2629.94         3883.53         4661.27  
    0.444       269.07          2526.68        2647.91         3911.18         4667.34  
    0.450       272.23          2409.55        2675.52         3865.16         4669.51  
    0.456       277.27          2138.75        2719.15         3856.65         4742.17  
    0.463       284.04          2075.40        2741.27         4046.73         4839.51  
    0.469       292.99          2033.83        2729.24         4136.95         4877.06  
    0.475       296.20          1955.75        2731.02         4025.82         4843.47  
    0.481       292.02          1900.66        2783.32         3980.55         4788.87  
    0.488       293.61          1785.69        2813.42         3934.05         4740.13  
    0.494       304.53          1848.80        2846.97         3946.92         4643.18  
    0.500       315.80          1900.61        2829.63         4085.81         4592.29  
    0.506       321.32          1921.86        2773.97         4173.80         5072.60  
    0.513       315.76          1926.17        2746.77         4103.89         5189.30  
    0.519       321.43          1761.58        2790.57         4043.70         4866.84  
    0.525       319.84          1750.89        2887.06         4061.63         4751.77  
    