0.025       519.48          926.26        2704.74         3451.53         5500.00  
    0.031       464.48          925.76        2770.66         3507.30         5500.00  
    0.038       445.80          900.59        2655.58         3500.77         5500.00  
    0.044       454.47          822.88        2686.67         3385.62         4789.37  
    0.050       473.79          812.00        2802.29         3541.37         4411.59  
    0.056       483.40          785.65        2685.40         3484.18         4408.30  
    0.062       488.69          789.48        2667.80         3486.38         4475.54  
    0.069       490.71          796.78        2780.16         3494.71         4481.40  
    0.075       491.15          790.96        2841.90         3493.41         4498.27  
    0.081       490.16          773.54        2889.78         3327.80         4538.02  
    0.088       488.87          745.25        2942.90         3149.68         4570.89  
    0.094       486.08          719.35        2778.02         3383.10         4601.89  
    0.100       483.01          725.84        2673.60         3443.95         4628.05  
    0.106       481.58          768.44        2831.09         3389.43         4653.29  
    0.113       480.04          795.06        2906.98         3302.04         4626.50  
    0.119       478.56          812.03        3003.26         3165.25         4557.16  
    0.125       478.85          823.34        2963.65         3174.88         4576.63  
    0.131       480.91          829.92        2927.74         3317.48         4580.67  
    0.138       481.28          834.93        2826.73         3339.65         4565.53  
    0.144       482.46          839.54        2806.54         3325.63         4511.23  
    0.150       483.88          845.56        2769.79         3329.02         4463.97  
    0.156       485.60          852.46        2841.70         3375.73         4437.16  
    0.163       487.35          856.57        2960.28         3403.39         4390.54  
    0.169       487.35          854.35        2969.68         3378.74         4484.31  
    0.175       489.68          859.48        2866.24         3150.03         4423.49  
    0.181       489.34          856.96        2742.90         3119.42         4399.01  
    0.188       493.84          857.27        2617.25         3040.07         4477.28  
    0.194       494.45          853.45        2453.21         2974.11         4507.55  
    0.200       489.49          847.83        2387.75         2962.35         4517.96  
    0.206       490.67          847.00        2383.03         3104.66         4496.73  
    0.213       494.48          848.87        2256.00         3314.34         4533.12  
    0.219       495.19          858.03        2144.28         3396.13         4957.60  
    0.225       492.83          874.42        2130.45         3411.84         5278.27  
    0.231       492.64          910.93        2160.58         3390.48         5294.97  
    0.238       489.90          969.81        2166.61         3357.93         5304.85  
    0.244       482.30          992.61        2112.49         3234.33         5209.23  
    0.250       474.49          995.46        2082.93         3240.80         5215.71  
    0.256       472.35          1057.59        2099.64         3268.97         5178.65  
    0.263       472.05          1121.43        2216.97         3206.92         5166.86  
    0.269       471.01          1139.52        2370.33         3086.17         5170.23  
    0.275       466.77          1153.48        2349.34         2976.95         5178.13  
    0.281       462.78          1228.69        2315.72         2920.98         5184.67  
    0.288       459.75          1261.18        2208.50         3065.10         5187.66  
    0.294       458.05          1281.18        2247.24         3226.40         5167.80  
    0.300       455.84          1358.63        2401.44         3281.34         5147.05  
    0.306       450.95          1409.57        2456.73         3353.95         5143.00  
    0.312       445.26          1436.56        2473.02         3443.03         5132.25  
    0.319       440.23          1534.99        2424.77         3584.07         5265.58  
    0.325       434.96          1639.83        2398.11         3707.72         5478.37  
    0.331       420.53          1719.60        2306.47         3668.37         5500.00  
    0.338       398.86          1776.14        2431.52         3651.40         5500.00  
    0.344       371.53          1820.88        2495.17         3681.04         5500.00  
    0.350       351.33          1882.31        2578.50         3720.76         5500.00  
    0.356       331.85          1976.01        2754.75         3767.91         5500.00  
    0.363       313.10          2008.73        2763.60         3779.86         4194.93  
    0.369       300.70          1978.17        2815.64         3781.64         4170.54  
    0.375       291.83          1961.80        2832.98         3772.83         4153.99  
    0.381       283.90          1965.93        2874.97         3755.89         4108.35  
    0.388       277.87          2041.26        2846.30         3721.59         4116.32  
    0.394       272.87          2044.60        2917.31         3778.88         4116.77  
    0.400       263.99          2156.56        2950.82         3794.18         4110.49  
    0.406       253.19          2191.28        2993.80         3828.15         4185.36  
    0.413       246.38          2114.13        2957.10         3851.67         3900.05  
    0.419       256.40          2209.62        2818.86         3703.84         3859.32  
    0.425       262.33          2316.68        2792.20         3636.41         3841.07  
    0.431       253.18          2379.73        2833.73         3570.07         3885.26  
    0.438       236.77          2393.33        2949.06         3716.22         3927.76  
    0.444       223.57          2358.15        2915.23         3705.04         3910.59  
    0.450       222.53          2332.74        2960.97         3828.17         3848.57  
    0.456       226.95          2314.33        2970.84         3810.90         3976.05  
    0.463       219.85          2209.25        2802.14         3640.40         3895.32  
    0.469       209.68          2168.32        2970.84         3864.02         4101.15  
    0.475       20.54          402.91        2320.02         3052.51         3888.34  
    0.481       0          214.06        2255.41         2742.00         3855.45  
    0.488       204.02          1951.60        2345.58         3612.50         4408.41  
    