0.025       449.58          1187.16        2685.36         3390.95         5500.00  
    0.031       472.43          1171.57        2743.93         3423.65         5500.00  
    0.038       486.76          1085.62        2747.11         3482.00         5500.00  
    0.044       460.93          1177.07        2506.36         3578.90         5326.78  
    0.050       460.17          1353.17        2540.60         3575.40         4978.09  
    0.056       470.99          1498.47        2947.52         3967.99         4655.34  
    0.062       461.30          1549.80        3047.80         3447.99         4436.34  
    0.069       455.24          1527.08        2912.43         3274.15         4469.06  
    0.075       467.10          1509.94        2818.89         3318.25         4491.86  
    0.081       508.15          1527.61        2835.17         3355.23         4515.17  
    0.088       502.75          1553.55        2926.54         3358.44         4571.44  
    0.094       482.71          1537.19        3031.93         3345.19         4622.49  
    0.100       485.71          1522.26        3016.47         3334.63         4604.64  
    0.106       499.88          1554.86        2950.79         3332.89         4516.00  
    0.113       524.27          1605.67        2933.42         3329.51         4462.52  
    0.119       529.27          1610.80        2749.07         3359.93         4540.58  
    0.125       499.34          1596.62        2720.81         3380.97         4598.45  
    0.131       481.66          1564.47        2710.60         3411.14         4590.35  
    0.138       480.73          1554.61        2796.87         3441.01         4563.93  
    0.144       471.53          1564.48        3067.91         3436.58         4518.25  
    0.150       476.06          1563.37        2950.41         3433.97         4493.08  
    0.156       511.00          1612.33        2626.87         3423.12         4393.78  
    0.163       118.41          820.11        1913.81         3401.44         4308.70  
    0.169       389.69          1355.13        2642.82         3400.27         4326.91  
    0.175       114.72          1013.61        2092.51         3416.42         4392.94  
    0.181       0          990.00        1803.45         3396.71         4233.85  
    0.188       0          234.80        1316.06         2599.12         3846.27  
    0.194       0          0        1183.93         2411.15         3699.98  
    0.200       0          796.08        2104.05         3274.37         4413.00  
    0.206       0          913.22        2410.09         3486.95         4427.58  
    0.213       0          791.53        2431.62         3515.84         4247.86  
    0.219       0          515.26        2423.40         3554.44         4118.92  
    0.225       0          392.70        2401.02         3549.25         4082.21  
    0.231       300.74          1881.78        3236.06         3572.48         4724.25  
    0.238       383.37          2271.14        3117.89         3662.26         4994.31  
    0.244       376.54          2277.52        3022.73         3694.63         4992.29  
    0.250       377.04          2308.21        2981.63         3691.67         4986.69  
    0.256       370.90          2305.73        2959.26         3685.04         4979.56  
    0.263       363.16          2315.35        2986.60         3688.13         4976.69  
    0.269       364.57          2322.95        2993.75         3698.15         4954.29  
    0.275       364.35          2310.15        2971.79         3695.97         4876.29  
    0.281       360.02          2302.59        2951.69         3682.60         4843.95  
    0.288       356.88          2328.96        2959.44         3693.29         4804.63  
    0.294       357.48          2344.66        2964.36         3691.05         4901.29  
    0.300       356.64          2355.94        2962.29         3678.17         5044.42  
    0.306       354.72          2373.62        2997.06         3650.10         5098.82  
    0.312       354.78          2412.10        3011.48         3664.62         5230.51  
    0.319       353.42          2417.57        3018.43         3710.74         5062.69  
    0.325       356.56          2396.29        3017.21         3734.93         4876.86  
    0.331       356.52          2409.10        3050.50         3744.51         4860.93  
    0.338       351.96          2427.39        3072.74         3738.93         5006.54  
    0.344       343.46          2430.18        3064.49         3744.14         4592.79  
    0.350       335.12          2421.65        3053.42         3743.49         4244.94  
    0.356       324.14          2440.39        3051.83         3757.56         4152.40  
    0.363       310.33          2451.47        3053.11         3745.89         4116.45  
    0.369       301.01          2449.71        3067.99         3750.09         4074.50  
    0.375       300.09          2459.62        3044.57         3758.57         4666.44  
    0.381       305.05          2451.17        2999.27         3748.92         5350.72  
    0.388       312.36          2449.21        2986.90         3757.30         5500.00  
    0.394       313.32          2436.15        3014.52         3780.22         5500.00  
    0.400       71.21          796.55        2551.43         3207.42         4211.09  
    0.406       229.10          1948.59        2886.71         3623.76         5120.55  
    0.413       67.45          791.54        2878.75         3076.45         4203.87  
    0.419       254.96          2042.66        2900.31         3583.78         5118.43  
    0.425       245.08          2550.60        3046.27         3809.04         5500.00  
    0.431       50.05          745.17        2692.49         3228.80         4170.91  
    0.438       180.95          2073.41        2809.74         3655.73         5108.73  
    0.444       213.91          2504.93        3189.83         3806.73         5500.00  
    0.450       194.73          2365.35        3144.39         3800.84         5500.00  
    0.456       208.72          2152.89        3122.39         3667.70         5500.00  
    