0.025       501.90          2032.74        3162.05         4253.18         4713.13  
    0.031       82.97          699.60        2341.23         3422.23         4343.36  
    0.038       0          464.09        2156.80         3157.44         4278.05  
    0.044       367.31          627.03        2907.02         3473.62         5165.99  
    0.050       426.52          747.15        3058.52         3506.75         5473.80  
    0.056       407.95          770.12        2972.83         3467.07         5067.82  
    0.062       409.96          696.94        2905.70         3492.51         5119.97  
    0.069       408.62          709.37        2898.05         3509.53         5111.95  
    0.075       408.76          784.76        2886.71         3658.18         5188.42  
    0.081       428.15          833.59        2865.46         3780.03         5451.23  
    0.088       440.15          855.87        2876.58         3837.09         5265.84  
    0.094       442.27          853.55        2829.98         3857.61         5019.91  
    0.100       482.94          776.64        2906.28         3762.79         4934.36  
    0.106       536.78          650.58        3020.62         3609.31         4857.55  
    0.113       472.75          720.31        2965.12         3674.50         4899.19  
    0.119       421.95          781.00        2919.84         3711.10         5026.14  
    0.125       405.34          808.89        2895.33         3686.03         5090.53  
    0.131       402.80          827.10        2989.55         3559.10         5095.18  
    0.138       402.33          831.41        3068.46         3397.62         5148.61  
    0.144       402.35          849.47        3093.74         3380.50         5443.68  
    0.150       403.56          873.15        3131.74         3428.64         5500.00  
    0.156       66.75          486.51        1257.41         3238.38         3827.80  
    0.163       0          407.53        822.90         3106.13         3370.67  
    0.169       342.20          726.63        2647.86         3293.17         5143.88  
    0.175       67.77          477.90        1195.22         2989.55         3732.11  
    0.181       0          422.41        920.56         2912.87         3390.05  
    0.188       0          427.40        940.12         2828.02         3385.48  
    0.194       0          434.48        885.41         2688.59         3346.81  
    0.200       0          442.13        1062.84         2575.16         3297.33  
    0.206       0          438.22        1415.09         2459.25         3280.85  
    0.213       0          426.04        1939.50         2245.08         3244.25  
    0.219       343.03          1115.02        2033.74         3005.19         4846.82  
    0.225       403.25          1349.27        2018.52         3156.08         4892.66  
    0.231       397.82          1499.59        2011.73         3149.91         4834.66  
    0.238       396.13          1690.59        1973.19         3110.32         4697.94  
    0.244       394.69          1520.04        2006.00         3056.25         4581.10  
    0.250       65.20          244.62        661.28         2213.27         3288.18  
    0.256       0          0        391.23         2040.42         3061.79  
    0.263       321.35          1120.33        1786.65         2913.85         4316.06  
    0.269       379.65          1657.39        2097.18         3109.63         4711.43  
    0.275       373.33          1765.56        2151.48         2984.69         4649.41  
    0.281       367.62          2098.64        2166.58         2950.45         4863.82  
    0.288       366.65          2151.05        2267.64         2933.67         5194.78  
    0.294       364.55          2150.72        2344.30         2913.30         5055.60  
    0.300       363.44          2143.62        2730.38         2866.07         5420.13  
    0.306       360.46          2136.55        2843.19         3293.99         5500.00  
    0.312       354.74          2138.05        2823.50         3178.51         4850.85  
    0.319       350.36          2159.71        2841.62         3790.00         5371.44  
    0.325       346.29          2164.38        2886.94         4009.83         5500.00  
    0.331       339.55          2170.73        2907.43         3972.51         5500.00  
    0.338       333.69          2186.30        2927.25         3912.33         5500.00  
    0.344       325.50          2199.38        2950.82         3934.75         5500.00  
    0.350       324.44          2235.26        2953.32         4022.79         5500.00  
    0.356       327.27          2211.27        2950.68         4045.34         5500.00  
    0.363       328.46          2202.58        2935.97         4012.07         5500.00  
    0.369       324.93          2189.27        2922.96         3986.74         5500.00  
    0.375       310.40          2191.97        2907.15         4010.93         5500.00  
    0.381       50.86          632.56        2319.70         3080.39         4320.77  
    0.388       0          344.86        2187.96         2939.12         4235.31  
    0.394       0          351.03        2194.11         2974.12         4297.04  
    0.400       0          352.73        2194.99         2929.01         4244.85  
    0.406       282.75          1856.19        2780.14         3935.02         5290.60  
    0.413       329.51          2179.64        3055.34         4172.70         5500.00  
    0.419       320.83          2131.06        3302.35         4294.18         4750.39  
    