0.025       484.56          999.65        2912.09         3453.12         4078.96  
    0.031       476.80          939.81        2887.80         3427.20         4058.44  
    0.038       472.56          878.27        2838.78         3397.03         4045.36  
    0.044       467.33          833.13        2822.06         3390.76         4034.99  
    0.050       471.42          784.00        2813.86         3379.00         4075.78  
    0.056       457.87          776.44        2803.33         3324.33         4141.25  
    0.062       439.56          787.85        2795.89         3299.48         4211.06  
    0.069       429.25          795.39        2758.70         3310.24         4240.56  
    0.075       426.40          799.23        2747.08         3371.53         4189.47  
    0.081       422.82          799.10        2771.18         3383.70         4117.42  
    0.088       427.31          786.87        2764.81         3283.98         4133.31  
    0.094       432.82          770.86        2722.78         3194.78         4208.26  
    0.100       432.54          770.80        2710.64         3218.77         4203.46  
    0.106       431.88          768.75        2705.48         3244.59         4189.80  
    0.113       434.58          771.93        2704.07         3217.98         4277.67  
    0.119       438.48          781.20        2694.44         3202.49         4289.52  
    0.125       441.71          781.60        2695.67         3235.14         4207.19  
    0.131       445.78          787.36        2699.39         3265.43         4114.53  
    0.138       449.03          799.23        2700.53         3273.85         4102.45  
    0.144       450.02          818.99        2696.83         3264.51         4063.63  
    0.150       456.17          851.29        2687.82         3291.49         3952.82  
    0.156       454.02          889.80        2681.99         3331.06         3939.78  
    0.163       449.10          919.82        2666.93         3336.27         4078.96  
    0.169       446.59          942.87        2651.39         3362.50         4159.78  
    0.175       447.19          987.75        2627.36         3394.74         4143.21  
    0.181       441.29          1075.19        2609.59         3431.27         4036.08  
    0.188       435.92          1142.93        2614.41         3480.29         3893.01  
    0.194       433.26          1240.51        2624.31         3531.97         3736.14  
    0.200       423.42          1383.58        2606.32         3515.36         3846.45  
    0.206       409.51          1546.60        2556.15         3445.62         4039.71  
    0.213       404.86          1842.37        2514.70         3347.27         4264.39  
    0.219       408.57          2119.91        2544.41         3361.51         4379.28  
    0.225       410.95          2237.63        2627.65         3487.76         4436.75  
    0.231       406.73          2300.99        2709.79         3540.27         4453.08  
    0.238       389.63          2331.54        2800.11         3542.15         4449.59  
    0.244       365.22          2351.61        2897.22         3577.01         4345.17  
    0.250       363.47          2378.12        2964.26         3577.61         4251.50  
    0.256       359.54          2378.75        3031.24         3624.19         4298.92  
    0.263       336.82          2377.61        3102.11         3672.38         4394.05  
    0.269       309.78          2374.45        3141.26         3654.81         4410.13  
    0.275       301.72          2387.96        3231.51         3640.50         4242.51  
    0.281       305.56          2417.02        3248.54         3507.47         3887.31  
    0.288       296.96          2385.96        3312.87         3497.18         3843.66  
    0.294       301.39          2342.05        3446.77         3808.77         3925.07  
    0.300       83.13          865.93        2717.06         3568.62         3962.40  
    0.306       213.09          1597.57        2409.08         3619.67         4078.51  
    0.312       290.25          2181.69        2814.81         3739.89         4230.03  
    0.319       294.81          2227.24        2878.08         3809.20         4833.65  
    0.325       287.15          2282.37        2468.48         3767.69         4853.85  
    0.331       77.39          841.47        2167.42         3554.70         4373.96  
    0.338       207.33          1629.50        2963.82         3861.76         4463.81  
    0.344       250.03          2105.92        2828.57         4040.03         5242.03  
    0.350       214.02          2041.69        2634.64         4102.40         5237.54  
    0.356       218.97          2084.28        2931.58         3867.99         4680.04  
    0.363       227.43          2017.13        2980.35         3457.57         4494.82  
    0.369       224.61          1754.87        2707.64         3558.74         4618.11  
    0.375       218.90          1621.98        2508.61         3704.63         4783.95  
    