0.025       0          0        1511.38         2586.41         3666.98  
    0.031       0          0        1562.07         2692.76         3736.62  
    0.038       0          0        1597.83         2806.80         3776.55  
    0.044       415.38          1085.33        2363.79         3414.88         4498.16  
    0.050       241.19          1203.64        2291.56         3583.33         4933.74  
    0.056       0          1186.03        2133.29         3500.06         4773.51  
    0.062       0          1295.83        2149.51         3525.37         4607.34  
    0.069       0          1449.63        1899.45         3373.51         4194.32  
    0.075       388.96          1598.11        2469.10         3713.56         4843.85  
    0.081       225.85          1190.42        2407.06         3417.05         4690.88  
    0.088       0          907.63        2048.03         3126.60         4304.91  
    0.094       446.06          1456.50        2608.43         3632.40         4772.50  
    0.100       674.63          1834.89        3159.41         3791.52         4967.80  
    0.106       594.40          1834.15        3194.52         3572.51         4920.10  
    0.113       605.78          1797.64        2997.47         3990.59         5166.92  
    0.119       654.61          1799.67        2957.84         4232.19         5430.60  
    0.125       646.04          1861.44        2964.07         4068.74         5186.52  
    0.131       232.88          1291.29        2481.79         3744.23         4955.56  
    0.138       481.74          1527.45        2559.11         3607.27         4767.51  
    0.144       279.72          1355.36        2482.29         3436.29         4690.11  
    0.150       584.32          1122.52        2495.13         3587.95         4856.54  
    0.156       708.87          1464.83        2552.76         3790.52         5025.08  
    0.163       737.39          1912.32        2541.37         3783.02         4996.84  
    0.169       726.69          1932.29        3054.73         3550.57         4865.53  
    0.175       245.69          1429.98        2661.84         3379.33         4626.56  
    0.181       0          1199.10        2362.24         3413.86         4545.14  
    0.188       0          1219.42        2408.22         3307.63         4521.07  
    0.194       0          1234.24        2364.83         3275.77         4389.16  
    0.200       0          1211.74        2347.86         3330.86         4418.43  
    0.206       0          1176.80        2354.36         3366.54         4472.42  
    0.213       0          1144.91        2135.30         3347.60         4373.07  
    0.219       377.57          1446.58        2561.41         3803.57         4663.10  
    0.225       418.82          1532.01        2771.08         3954.92         4877.81  
    0.231       115.89          542.15        2028.22         3199.08         4177.72  
    0.238       0          0        1711.48         3040.54         3738.48  
    0.244       0          716.49        2081.57         3198.51         4161.24  
    0.250       0          1187.13        2177.06         3242.40         4473.26  
    0.256       203.95          1473.94        2681.04         3628.68         4798.91  
    0.263       431.31          1678.05        2973.64         4057.74         5304.87  
    0.269       181.68          1331.47        2558.54         3597.91         4789.69  
    0.275       0          1024.22        2278.58         3291.45         4424.05  
    0.281       0          922.15        2202.44         3398.55         4318.03  
    0.288       0          327.77        1853.54         3150.36         4032.50  
    0.294       0          0        1728.97         2915.65         3925.94  
    0.300       196.96          1258.01        2468.35         3694.91         4772.24  
    0.306       319.42          2101.92        3104.19         3871.51         4932.62  
    0.312       119.07          1071.78        2588.23         3635.30         4825.53  
    0.319       0          159.93        1132.83         2834.70         4079.03  
    0.325       0          388.58        1735.92         3118.29         4483.83  
    0.331       0          225.63        1334.93         2863.79         4052.51  
    0.338       0          0        691.35         2461.65         3508.59  
    0.344       0          488.87        1788.72         3144.75         3799.31  
    0.350       0          797.22        2440.29         3525.32         4124.78  
    0.356       0          298.08        1409.17         2880.71         3762.64  
    0.363       0          0        819.43         2555.92         3505.76  
    0.369       0          0        832.17         2579.87         3509.98  
    0.375       0          0        810.20         2598.91         3526.00  
    0.381       0          452.27        1877.65         3191.28         3811.77  
    0.388       0          262.61        1336.91         2967.03         3694.41  
    0.394       301.86          404.66        1868.78         3236.33         4033.00  
    0.400       436.62          844.26        2552.28         3613.80         4545.60  
    0.406       406.18          1005.10        2536.66         3590.70         4779.46  
    0.413       397.02          1034.63        2531.60         3552.19         4818.31  
    0.419       385.59          1053.23        2530.54         3565.92         4825.77  
    0.425       377.68          1099.37        2560.05         3591.87         4756.25  
    0.431       363.21          1145.85        2565.95         3603.96         4748.44  
    0.438       349.19          1162.95        2501.16         3603.87         4811.85  
    0.444       345.31          1169.12        2467.27         3646.02         4846.99  
    0.450       345.17          1193.21        2505.68         3683.90         4902.34  
    0.456       340.33          1258.59        2515.42         3699.46         4877.51  
    0.463       332.10          1324.88        2512.00         3686.16         4844.19  
    0.469       326.89          1403.01        2560.30         3644.73         4873.78  
    0.475       326.46          1483.60        2772.30         3626.43         4828.60  
    0.481       323.00          1571.83        2855.33         3640.14         4817.74  
    0.488       318.68          1664.78        2828.59         3637.26         4790.66  
    0.494       316.45          1714.80        2936.73         3690.49         4887.92  
    0.500       303.24          1678.85        2852.75         3628.58         4962.71  
    0.506       304.16          1926.03        2675.39         3532.84         4919.91  
    0.513       295.78          2079.98        2488.71         3503.52         4889.65  
    0.519       269.00          2068.42        2463.91         3695.98         4991.05  
    0.525       217.68          1887.92        2498.83         3871.01         5054.12  
    0.531       126.63          2018.22        2445.28         3875.28         5145.67  
    0.537       127.67          2184.82        2643.10         3924.63         5389.01  
    0.544       137.32          2040.66        2726.03         3889.01         5108.36  
    0.550       47.51          714.94        1956.96         3047.08         4196.77  
    0.556       0          894.84        2216.73         3350.05         4291.37  
    0.562       0          1349.96        2495.04         3467.28         4421.24  
    0.569       0          1245.71        2458.74         3468.99         4592.00  
    0.575       0          443.36        1655.88         2887.55         4042.07  
    0.581       0          0        1253.76         2515.13         3698.59  
    0.588       0          0        1569.86         2649.48         3879.26  
    0.594       472.23          1078.13        2325.85         3469.10         4795.87  
    0.600       749.49          1745.26        2708.56         3882.79         5138.91  
    0.606       581.66          1709.11        2687.29         3848.29         5003.86  
    0.613       506.54          1646.35        2674.15         3878.45         5030.70  
    0.619       503.00          1670.16        2639.02         3921.90         4974.94  
    0.625       181.13          1306.51        2306.29         3554.45         4559.26  
    0.631       0          1161.18        2171.46         3330.03         4368.62  
    0.638       454.73          1616.58        2829.26         3660.79         4782.60  
    0.644       815.29          1841.06        3008.83         3849.95         5022.55  
    0.650       781.58          1766.94        2997.33         3880.43         5038.24  
    0.656       606.59          1729.46        2943.50         3758.39         4994.38  
    0.663       196.62          1280.72        2440.60         3695.29         5113.73  
    0.669       460.85          1541.09        2797.55         4006.88         5389.85  
    0.675       497.21          1780.87        2954.10         4003.11         5210.49  
    0.681       255.83          1733.52        2754.85         3897.43         4958.45  
    0.688       305.16          1591.28        2681.99         3741.91         4828.68  
    0.694       135.89          1295.41        2501.39         3523.53         4777.84  
    0.700       496.32          1717.59        2519.05         3606.87         4913.69  
    0.706       692.35          1532.29        2572.94         3699.15         4978.31  
    0.713       234.67          1147.92        2498.92         3541.40         4808.95  
    0.719       0          1196.12        2470.45         3260.35         4545.46  
    0.725       0          1299.07        2432.07         3076.51         4348.41  
    0.731       259.21          1538.47        2809.81         3586.52         4610.26  
    0.738       510.89          1743.01        2842.46         3827.32         4886.76  
    0.744       645.79          1834.78        2826.39         3836.25         4813.93  
    0.750       884.64          1688.06        2826.49         3641.87         4801.67  
    0.756       947.60          1782.27        2497.94         3556.16         4844.00  
    0.763       337.42          696.22        1689.85         2723.18         4123.21  
    0.769       0          0        1575.93         2544.78         3762.33  
    0.775       0          1122.49        2239.25         2929.16         4143.54  
    0.781       343.57          1850.68        2813.41         3782.97         4598.08  
    0.788       199.49          1543.23        2665.91         3684.26         4480.30  
    0.794       0          1280.76        2310.92         3264.42         4319.24  
    0.800       0          1262.68        2282.56         3253.69         4367.21  
    0.806       0          1303.26        2438.50         3430.58         4559.25  
    0.812       594.98          1441.09        3041.83         3431.94         4653.26  
    0.819       793.84          1519.17        3081.19         3603.07         4860.63  
    0.825       656.08          1702.40        2943.59         3770.55         4989.89  
    0.831       443.17          1788.69        3057.36         4080.41         5314.51  
    0.838       123.90          1402.99        2301.10         3641.06         4826.63  
    0.844       0          1129.02        1927.99         3124.17         4357.91  
    0.850       373.56          1501.30        2580.68         3692.41         5063.88  
    0.856       216.91          1626.92        2414.04         3499.91         4679.45  
    0.863       0          1390.93        2117.41         3155.33         4299.42  
    0.869       0          1475.64        2284.67         3205.44         4450.85  
    0.875       0          1473.74        2366.51         3350.57         4522.12  
    0.881       0          1252.50        2288.94         3423.57         4630.10  
    0.888       446.80          1623.29        2514.64         3685.99         4759.23  
    0.894       524.26          1796.96        2739.89         3745.58         4824.57  
    0.900       679.40          1931.84        3179.97         3619.15         4839.18  
    0.906       797.12          2035.23        3423.73         3536.44         4774.99  
    0.913       285.63          1416.84        2503.03         3346.16         4552.10  
    0.919       448.12          1635.82        2711.74         3899.38         5112.26  
    0.925       624.69          1857.64        2967.73         4113.24         5182.62  
    