0.025       0          459.02        1571.56         2970.83         5413.82  
    0.031       0          456.25        1070.52         3026.88         5239.95  
    0.038       0          466.39        962.97         2941.29         5102.52  
    0.044       380.04          925.42        2469.81         2893.20         5236.56  
    0.050       464.26          1127.00        2267.73         3197.40         5322.99  
    0.056       466.24          1366.18        1996.05         3407.72         5469.83  
    0.062       473.47          1385.11        1768.39         3281.55         5500.00  
    0.069       478.82          1318.55        1832.80         3237.06         5500.00  
    0.075       487.02          1187.49        1954.84         3208.31         5500.00  
    0.081       497.74          1079.37        1960.83         3198.84         5500.00  
    0.088       499.73          1022.21        2064.19         3210.90         5387.48  
    0.094       488.67          994.68        2188.50         3188.59         5222.82  
    0.100       475.89          979.21        2237.86         3179.55         5194.47  
    0.106       466.17          971.12        2355.55         3193.34         5256.24  
    0.113       457.69          971.02        2624.79         3196.57         5345.49  
    0.119       457.69          984.03        2857.96         3152.59         5343.76  
    0.125       454.84          998.73        2947.59         3154.27         5454.34  
    0.131       454.52          1013.38        2762.66         3222.72         5496.34  
    0.138       463.22          1028.68        2726.39         3295.88         5263.46  
    0.144       474.43          1051.73        2718.94         3332.54         5238.91  
    0.150       479.64          1124.18        2723.06         3308.67         5088.91  
    0.156       452.42          1199.93        2732.40         3263.64         5054.62  
    0.163       418.87          1246.01        2640.76         3243.10         5083.72  
    0.169       395.26          1301.03        2578.38         3268.21         5068.84  
    0.175       378.74          1393.74        2595.41         3304.50         5048.72  
    0.181       355.03          1456.36        2640.18         3313.93         5122.39  
    0.188       358.00          1551.68        2627.67         3322.56         5084.36  
    0.194       356.11          1684.62        2594.15         3317.01         5091.25  
    0.200       352.44          1938.87        2563.13         3324.79         5157.32  
    0.206       345.28          2129.36        2590.15         3317.31         5068.06  
    0.213       337.53          2201.14        2627.81         3307.09         5048.61  
    0.219       332.19          2237.17        2656.65         3292.85         5024.11  
    0.225       327.85          2270.81        2710.33         3280.16         4973.46  
    0.231       322.47          2312.43        2790.67         3279.47         4892.61  
    0.238       318.54          2399.11        2911.34         3286.61         4856.92  
    0.244       315.22          2410.66        3021.98         3281.64         4871.93  
    0.250       311.01          2400.81        3072.58         3378.20         4823.60  
    0.256       307.05          2361.25        3032.31         3356.74         4875.84  
    0.263       301.82          2401.38        3130.61         3406.75         4803.92  
    0.269       295.67          2376.26        3133.04         3450.28         4886.26  
    0.275       289.04          2323.58        3070.35         3341.17         4915.31  
    0.281       281.58          2292.75        3040.15         3320.04         4924.15  
    0.288       281.55          2322.69        3073.13         3289.05         4998.73  
    0.294       282.52          2374.74        3129.27         3370.20         4940.41  
    0.300       275.21          2316.47        3114.13         3555.57         5074.62  
    0.306       272.34          2343.65        3139.02         4300.81         5428.58  
    0.312       275.05          2442.93        3166.37         4525.88         5500.00  
    0.319       271.79          2466.80        3178.80         4526.64         5197.36  
    0.325       263.39          2441.45        3172.17         4427.90         5432.52  
    0.331       266.07          2355.50        3153.74         4273.63         4833.41  
    0.338       265.78          2287.16        3177.29         3977.53         4727.14  
    0.344       265.15          2225.47        3179.75         3606.16         4705.70  
    0.350       264.36          2176.26        3146.67         3616.14         4940.96  
    0.356       253.43          2194.81        3103.90         3429.09         5081.93  
    0.363       269.06          2232.74        3140.87         3368.51         4835.09  
    0.369       287.50          2237.62        3131.91         4425.56         4702.11  
    0.375       286.93          2202.48        3098.34         3987.67         5095.47  
    0.381       281.43          2195.08        3108.39         3556.23         5085.51  
    0.388       267.50          2199.46        3064.67         3943.68         5420.31  
    0.394       280.75          2211.78        3046.64         4417.35         5500.00  
    0.400       267.07          2270.47        3056.93         4454.54         4879.56  
    0.406       269.51          2280.00        3098.90         3796.47         4623.86  
    0.413       267.69          2230.80        3088.58         3395.24         4742.00  
    0.419       226.25          2167.35        3094.02         3360.22         4772.30  
    0.425       202.97          2143.96        3074.50         3298.49         4749.46  
    