0.025       0          471.60        1006.33         2488.59         2665.85  
    0.031       237.85          647.00        1879.11         3431.15         3639.42  
    0.038       416.88          760.84        2569.68         3918.85         4503.60  
    0.044       420.85          750.02        2618.73         3826.77         4810.79  
    0.050       429.95          749.20        2657.45         3863.67         5002.20  
    0.056       429.48          735.22        2636.11         3743.62         4718.37  
    0.062       424.07          717.55        2594.55         3564.19         4444.37  
    0.069       427.07          718.90        2586.35         3515.52         4446.93  
    0.075       432.02          724.62        2641.00         3620.61         4576.08  
    0.081       432.04          718.84        2683.39         3682.92         4661.13  
    0.088       430.02          715.55        2693.57         3651.08         4647.25  
    0.094       431.72          720.53        2714.72         3638.27         4664.98  
    0.100       433.21          724.71        2711.68         3634.29         4615.11  
    0.106       431.85          725.70        2668.97         3602.78         4520.49  
    0.113       429.94          727.31        2640.65         3578.57         4506.27  
    0.119       430.26          731.13        2652.93         3590.88         4591.45  
    0.125       433.99          731.85        2675.05         3620.80         4665.49  
    0.131       434.72          731.86        2684.84         3659.08         4648.85  
    0.138       433.30          731.21        2678.27         3659.89         4583.80  
    0.144       434.84          725.12        2675.56         3707.71         4546.88  
    0.150       434.41          722.88        2660.32         3756.65         4531.74  
    0.156       433.21          731.95        2624.75         3774.14         4522.23  
    0.163       436.80          746.93        2598.61         3727.91         4532.32  
    0.169       440.47          761.94        2589.33         3613.34         4554.95  
    0.175       447.45          792.08        2584.85         3514.87         4567.44  
    0.181       451.17          845.86        2585.11         3445.78         4568.14  
    0.188       447.84          924.68        2578.00         3348.03         4575.28  
    0.194       443.61          1012.53        2571.58         3220.32         4590.28  
    0.200       442.27          1091.07        2562.37         3063.57         4609.67  
    0.206       445.84          1124.78        2539.66         2953.66         4632.05  
    0.213       450.98          1146.33        2501.49         3106.47         4615.05  
    0.219       452.64          1229.23        2476.09         3373.43         4553.11  
    0.225       453.31          1304.66        2463.14         3435.39         4514.59  
    0.231       453.65          1379.95        2435.58         3435.04         4509.15  
    0.238       451.38          1471.66        2404.46         3525.57         4500.91  
    0.244       450.40          1576.37        2395.13         3595.31         4494.80  
    0.250       449.99          1734.93        2421.79         3632.79         4499.96  
    0.256       443.38          1895.11        2456.91         3663.78         4469.16  
    0.263       416.13          2051.52        2475.09         3656.46         4483.17  
    0.269       369.58          2163.74        2482.95         3653.76         4482.41  
    0.275       342.41          2201.70        2486.08         3651.95         4424.48  
    0.281       337.65          2214.97        2490.26         3630.25         4395.74  
    0.288       335.03          2216.20        2455.70         3612.06         4385.14  
    0.294       327.81          2225.74        2428.82         3630.65         4372.92  
    0.300       320.11          2249.20        2459.43         3658.54         4338.29  
    0.306       324.29          2259.94        2514.12         3657.43         4311.10  
    0.312       334.22          2272.30        2577.49         3651.52         4303.91  
    0.319       329.24          2298.17        2625.41         3707.66         4311.72  
    0.325       319.21          2316.16        2560.71         3790.40         4323.76  
    0.331       319.64          2301.16        2534.17         3803.50         4311.66  
    0.338       301.37          2281.28        2561.53         3730.94         4310.23  
    0.344       252.12          2291.88        2519.55         3665.52         4341.25  
    0.350       225.39          2324.97        2454.10         3784.55         4369.62  
    0.356       240.52          2338.66        2387.99         4114.80         4345.05  
    0.363       263.56          2319.88        2361.23         4297.05         4325.68  
    0.369       119.27          1157.99        2362.02         4003.25         4346.12  
    0.375       0          264.03        2372.33         3571.87         4343.43  
    0.381       0          268.58        2386.14         3482.52         4331.00  
    0.388       0          269.83        2398.97         3520.58         4320.98  
    0.394       0          271.77        2411.39         3345.85         4326.38  
    0.400       0          276.76        2415.29         3133.09         4328.13  
    0.406       0          273.66        2429.04         3062.84         4290.53  
    0.413       0          277.25        2409.82         3171.96         4302.77  
    