0.025       0          0        1096.55         2460.86         3239.00  
    0.031       267.49          609.79        2134.63         3038.66         3818.55  
    0.038       462.58          996.40        2902.28         3447.97         4133.27  
    0.044       457.47          900.07        2871.45         3414.55         4047.86  
    0.050       453.80          842.78        2830.45         3390.75         4035.16  
    0.056       444.50          799.64        2820.36         3388.34         4052.95  
    0.062       435.70          775.21        2817.45         3361.32         4085.50  
    0.069       427.97          773.11        2813.24         3302.14         4158.70  
    0.075       423.20          774.81        2792.01         3279.10         4212.18  
    0.081       423.57          771.76        2761.11         3299.50         4212.75  
    0.088       426.75          764.91        2778.25         3341.56         4140.71  
    0.094       427.79          759.14        2798.79         3291.51         4053.49  
    0.100       432.12          752.13        2753.93         3154.92         4115.40  
    0.106       435.77          750.79        2714.23         3108.59         4181.21  
    0.113       435.83          752.23        2704.57         3136.46         4127.07  
    0.119       436.71          752.05        2700.80         3142.13         4173.97  
    0.125       439.36          757.83        2684.42         3125.98         4254.48  
    0.131       442.15          763.11        2671.17         3129.66         4207.40  
    0.138       444.88          766.56        2678.49         3169.87         4004.88  
    0.144       449.79          775.42        2680.84         3203.36         3903.74  
    0.150       455.22          789.69        2675.31         3211.26         3913.25  
    0.156       461.83          818.07        2655.66         3199.27         3840.35  
    0.163       468.41          876.09        2630.46         3240.43         3692.91  
    0.169       468.91          930.49        2605.03         3290.67         3689.56  
    0.175       468.44          975.34        2583.26         3336.01         3793.49  
    0.181       468.60          1019.53        2565.05         3412.72         3781.73  
    0.188       464.80          1077.96        2534.86         3495.73         3630.65  
    0.194       458.91          1124.74        2520.62         3431.23         3567.86  
    0.200       461.06          1170.51        2524.16         3267.33         3590.93  
    0.206       462.54          1277.37        2535.49         3236.77         3595.31  
    0.213       455.92          1411.82        2537.53         3372.51         3606.68  
    0.219       445.19          1586.94        2517.50         3563.52         3662.61  
    0.225       451.83          1924.00        2505.06         3446.39         3999.25  
    0.231       452.46          2165.16        2547.20         3449.92         4238.03  
    0.238       440.20          2248.88        2630.99         3581.51         4264.47  
    0.244       431.68          2305.63        2725.70         3575.92         4243.43  
    0.250       422.57          2331.42        2823.81         3573.84         4177.37  
    0.256       412.42          2349.52        2899.05         3575.84         4080.44  
    0.263       404.49          2369.49        2964.59         3586.90         4134.41  
    0.269       395.66          2378.53        3055.59         3646.61         4255.09  
    0.275       359.35          2378.73        3118.85         3680.91         4297.62  
    0.281       326.76          2379.06        3178.70         3658.17         4164.76  
    0.288       322.65          2366.46        3184.91         3586.46         3914.34  
    0.294       322.49          2341.43        3137.39         3553.37         3829.71  
    0.300       311.31          2299.41        3245.70         3562.98         3876.32  
    0.306       317.18          2300.59        3341.89         3523.56         3905.04  
    0.312       316.48          2324.32        3107.97         3556.89         3961.11  
    0.319       302.07          2241.25        2965.48         3681.78         4069.68  
    0.325       297.36          2176.71        2990.69         3783.75         4090.20  
    0.331       298.42          2167.23        2952.52         3810.59         4301.06  
    