0.025       708.02          801.61        2758.39         4441.66         4771.15  
    0.031       292.20          330.82        1675.19         3527.70         4559.51  
    0.038       214.57          569.86        2070.69         3778.65         4603.55  
    0.044       346.90          871.09        2943.17         4545.89         4795.65  
    0.050       338.16          798.23        3021.38         4617.64         5225.74  
    0.056       140.78          553.58        1788.78         3749.01         5003.65  
    0.062       0          405.81        898.61         3094.22         4658.69  
    0.069       0          429.75        884.16         2943.26         4679.90  
    0.075       0          440.17        897.16         2871.65         4694.40  
    0.081       0          444.99        916.75         2874.85         4682.40  
    0.088       264.71          731.78        2075.22         3906.20         5158.79  
    0.094       450.12          935.10        2889.14         4611.83         5500.00  
    0.100       445.91          931.32        2874.13         4589.12         5500.00  
    0.106       441.18          923.45        2820.42         4573.67         5500.00  
    0.113       438.96          919.42        2807.87         4590.64         5160.11  
    0.119       441.63          928.72        2814.60         4435.64         5261.16  
    0.125       448.31          959.60        2754.50         4090.42         5500.00  
    0.131       451.59          996.76        2659.22         3662.68         5112.43  
    0.138       449.21          1009.03        2588.26         3493.05         4819.09  
    0.144       444.75          1012.37        2562.87         3586.55         4880.01  
    0.150       442.38          1031.27        2578.22         3689.74         4992.03  
    0.156       440.56          1023.24        2636.51         3792.59         4966.95  
    0.163       437.25          998.69        2647.86         3818.21         4880.58  
    0.169       434.74          1000.40        2623.43         3722.62         4837.44  
    0.175       436.11          1042.93        2707.77         3596.58         4887.81  
    0.181       432.89          1020.72        2816.44         3735.56         5129.16  
    0.188       428.22          977.77        2812.35         3902.62         5110.77  
    0.194       428.09          1001.42        2760.51         3912.71         4962.17  
    0.200       429.97          1034.70        2786.75         3966.78         4937.66  
    0.206       431.74          1064.76        2817.61         3883.04         4902.29  
    0.213       432.28          1096.25        2748.54         3782.35         4897.71  
    0.219       433.44          1109.08        2674.22         3781.44         4890.69  
    0.225       432.19          1100.05        2664.92         3663.22         4751.07  
    0.231       426.36          1078.86        2695.00         3533.98         4657.61  
    0.238       423.31          1108.69        2799.51         3523.60         4724.53  
    0.244       421.12          1169.51        2889.20         3591.19         4818.61  
    0.250       418.49          1222.52        3004.49         3322.22         4941.42  
    0.256       417.63          1304.67        3077.22         3878.03         5091.14  
    0.263       414.54          1372.46        3090.30         4637.08         5355.95  
    0.269       409.31          1417.70        2954.65         3906.82         5291.70  
    0.275       403.58          1487.85        2691.38         3301.53         5124.62  
    0.281       394.79          1568.72        2535.73         3315.93         5108.24  
    0.288       383.38          1880.03        2343.27         3307.76         5144.72  
    0.294       369.67          2145.15        2325.33         3290.36         5166.23  
    0.300       355.40          2153.74        2470.46         3275.09         5116.68  
    0.306       341.19          2132.11        2641.59         3235.02         5072.98  
    0.312       328.26          2140.74        2746.85         3220.04         5101.38  
    0.319       318.17          2181.79        2762.94         3227.15         5102.02  
    0.325       311.54          2213.96        2962.29         3242.64         5054.17  
    0.331       307.75          2206.86        3068.57         3374.47         4992.08  
    0.338       303.58          2194.03        2977.30         3354.60         4955.88  
    0.344       299.60          2191.10        2889.78         3287.97         5015.33  
    0.350       296.98          2195.37        2922.75         3290.96         5045.54  
    0.356       295.28          2211.32        3068.00         3260.71         5034.69  
    0.363       293.74          2222.12        3136.53         3331.13         5084.82  
    0.369       293.69          2221.38        3145.22         3288.81         5142.68  
    0.375       295.05          2230.04        3114.71         3382.40         5203.29  
    0.381       294.70          2244.04        3101.47         3873.97         5390.52  
    0.388       293.11          2245.60        3140.18         3932.39         5285.98  
    0.394       120.70          1097.69        2623.55         3402.43         4827.19  
    0.400       0          294.11        2248.16         3120.01         4628.69  
    0.406       0          294.58        2242.42         3137.08         4632.48  
    0.413       0          293.36        2244.63         3136.53         4612.39  
    0.419       0          293.99        2262.89         3117.61         4624.94  
    0.425       0          295.81        2286.98         3108.76         4622.58  
    0.431       0          295.65        2303.55         3103.81         4598.03  
    0.438       0          295.75        2300.00         3113.25         4604.34  
    0.444       0          296.48        2289.05         3130.98         4613.81  
    0.450       0          297.07        2312.45         3149.77         4598.98  
    0.456       0          296.73        2381.81         3145.36         4563.45  
    0.463       0          297.32        2427.17         3170.58         4536.55  
    0.469       0          297.31        2503.15         3211.17         4502.48  
    0.475       0          297.48        2594.54         3141.79         4491.29  
    0.481       0          305.17        2643.85         3015.22         4510.51  
    0.488       0          307.96        2626.70         2989.96         4491.92  
    0.494       0          293.63        2740.39         2954.98         4418.65  
    0.500       0          271.60        2820.31         3092.80         4421.36  
    0.506       0          248.28        2703.36         3224.44         4483.39  
    0.513       0          236.94        2656.67         3165.53         4560.01  
    0.519       0          232.58        2646.97         3142.06         4582.93  
    0.525       0          224.04        2591.51         3071.05         4515.39  
    0.531       0          201.84        2635.60         2909.21         4445.05  
    0.537       0          183.73        2794.39         2976.28         4389.31  
    0.544       0          254.25        2844.77         2972.30         4469.04  
    0.550       187.02          1226.92        2881.68         3433.60         4612.96  
    0.556       320.20          1799.25        2900.03         3856.11         4743.61  
    0.562       132.66          914.33        2639.94         3315.70         4500.13  
    0.569       194.84          1334.97        2729.11         3721.40         5000.25  
    0.575       348.89          1834.17        2898.39         4280.01         5300.61  
    