0.025       0          1078.28        2088.31         3661.47         4477.56  
    0.031       0          856.20        2162.92         3806.94         4698.78  
    0.038       353.10          1847.46        2293.38         3921.43         4652.47  
    0.044       62.92          307.21        748.34         2896.73         4075.28  
    0.050       367.17          631.80        2322.30         3739.78         4003.42  
    0.056       429.29          745.87        2653.93         3745.37         3998.48  
    0.062       426.31          734.31        2645.05         3598.49         3951.07  
    0.069       416.19          731.15        2695.97         3691.79         3952.82  
    0.075       390.78          748.53        2744.85         3735.15         3982.57  
    0.081       399.29          745.09        2742.29         3691.70         3951.57  
    0.088       414.82          709.16        2619.11         3684.79         3922.28  
    0.094       393.13          719.30        2612.46         3688.69         3924.30  
    0.100       400.76          686.55        2625.81         3646.56         3949.53  
    0.106       389.43          685.47        2617.84         3725.93         3969.74  
    0.113       388.53          692.62        2679.31         3753.00         3950.76  
    0.119       415.79          633.45        2752.42         3722.51         3963.39  
    0.125       403.71          671.70        2664.57         3808.36         3995.49  
    0.131       388.32          677.17        2611.57         3852.03         4013.56  
    0.138       377.42          637.17        2594.83         3858.12         4017.19  
    0.144       384.19          643.63        2595.06         3861.21         4001.30  
    0.150       401.33          634.23        2604.98         3842.62         3989.58  
    0.156       405.57          611.07        2620.15         3838.01         4043.22  
    0.163       391.64          645.37        2621.14         3836.31         4170.86  
    0.169       402.68          625.02        2635.23         3848.99         4181.16  
    0.175       395.21          636.18        2680.73         3888.52         4095.94  
    0.181       380.04          681.32        2678.85         3888.51         4101.62  
    0.188       390.46          675.08        2615.88         3856.74         4069.62  
    0.194       410.56          632.86        2607.62         3851.21         4040.41  
    0.200       397.69          669.99        2702.71         3874.20         4220.84  
    0.206       387.02          693.67        2762.20         3878.95         4480.97  
    0.213       383.40          707.26        2713.59         3871.38         4551.23  
    0.219       374.57          740.27        2682.35         3881.26         4539.04  
    0.225       374.10          753.98        2660.56         3886.67         4229.78  
    0.231       383.06          771.01        2603.59         3877.95         4377.61  
    0.238       387.66          785.81        2564.03         3884.81         4552.35  
    0.244       385.90          793.49        2536.77         3890.33         4467.69  
    0.250       389.85          809.03        2516.26         3870.32         4060.72  
    0.256       396.01          911.59        2495.06         3841.82         4151.76  
    0.263       394.93          971.68        2472.72         3851.32         4726.12  
    0.269       390.80          1066.67        2452.91         3886.70         5112.43  
    0.275       379.05          1187.98        2435.74         3923.14         4479.10  
    0.281       367.30          1237.87        2428.79         3927.85         4440.21  
    0.288       353.79          1293.52        2440.83         3903.75         4420.63  
    0.294       345.44          1428.82        2403.47         3638.48         4138.16  
    0.300       347.15          1532.92        2394.23         3634.57         4268.72  
    0.306       350.38          1642.89        2403.08         3608.87         5318.62  
    0.312       53.07          551.57        1881.88         2607.77         3961.05  
    0.319       0          353.41        1988.13         2429.01         3862.61  
    0.325       0          350.32        2182.19         2441.44         3923.99  
    0.331       288.20          1943.81        2426.71         3673.44         5262.44  
    0.338       51.36          613.98        2256.98         2683.50         4174.99  
    0.344       275.33          1959.49        2439.89         3769.40         5263.88  
    0.350       309.36          2247.94        2487.72         4043.93         5500.00  
    0.356       296.20          2308.63        2507.99         3998.79         5500.00  
    0.363       285.20          2322.39        2550.26         3928.70         4905.17  
    0.369       281.49          2337.22        2599.03         4022.40         5394.00  
    0.375       270.66          2357.67        2620.38         4272.40         5500.00  
    0.381       226.48          2409.74        2693.87         4306.01         4672.32  
    0.388       189.88          2390.63        2642.06         4082.87         4880.02  
    0.394       200.02          2384.65        2695.61         3854.61         4894.46  
    0.400       200.60          2363.65        2976.70         3802.09         5125.52  
    0.406       186.01          2355.18        3041.74         3783.97         4868.17  
    