0.025       0          505.01        1947.37         3254.02         4275.94  
    0.031       320.03          897.59        2491.12         3737.82         5042.85  
    0.038       519.48          1038.48        2680.73         4034.46         5500.00  
    0.044       522.78          977.31        2542.98         3960.87         4966.08  
    0.050       515.45          971.18        2461.78         3901.82         4620.46  
    0.056       515.76          972.53        2295.05         3853.93         4623.31  
    0.062       574.73          962.12        2145.09         3811.30         4728.40  
    0.069       692.20          933.99        2091.40         3843.86         4852.29  
    0.075       769.12          938.62        2108.50         3879.04         4757.01  
    0.081       825.71          916.79        2154.33         3856.37         4683.60  
    0.088       835.60          892.61        2191.88         3854.96         4882.78  
    0.094       308.90          888.44        2198.55         2923.48         4299.04  
    0.100       509.42          1049.01        2262.80         3326.78         4895.69  
    0.106       771.00          1205.93        2327.54         3896.58         5345.95  
    0.113       765.06          1231.64        2340.94         3920.00         5172.64  
    0.119       782.16          1249.54        2342.83         3926.80         5359.60  
    0.125       799.34          1286.82        2345.15         3886.66         5500.00  
    0.131       788.75          1296.40        2419.10         3879.09         5500.00  
    0.138       739.62          1303.96        2519.80         3904.41         5500.00  
    0.144       664.13          1369.72        2594.33         3949.07         5500.00  
    0.150       600.89          1429.23        2641.02         3980.77         5041.91  
    0.156       573.26          1534.85        2739.62         3925.30         4674.56  
    0.163       560.33          1641.14        2794.89         4333.95         5170.74  
    0.169       538.43          1633.63        2641.61         4228.47         5069.07  
    0.175       513.29          1606.16        2582.56         3906.71         4786.44  
    0.181       495.78          1549.50        2631.92         3858.05         4685.22  
    0.188       482.22          1491.29        2688.75         3926.20         4526.17  
    0.194       469.29          1463.10        2716.09         3947.21         4557.09  
    0.200       461.47          1445.08        2734.32         3967.04         4712.71  
    0.206       456.50          1461.77        2629.60         3992.64         4817.05  
    0.213       451.14          1498.71        2593.65         4050.60         4794.23  
    0.219       446.26          1522.20        2620.37         4125.11         4701.27  
    0.225       443.29          1528.24        2532.93         4098.49         4501.66  
    0.231       440.16          1294.57        2481.64         4033.95         4393.21  
    0.238       163.86          431.42        1207.34         3125.35         4145.76  
    0.244       0          288.78        1743.13         3418.53         4175.61  
    0.250       0          455.82        2354.95         3909.81         4287.99  
    0.256       0          448.81        2256.36         3931.75         4357.95  
    0.263       0          166.73        1118.30         2991.34         4183.47  
    0.269       0          0        437.49         2680.86         4044.03  
    0.275       0          0        435.71         2824.86         4010.16  
    0.281       0          270.58        1757.75         3565.58         4184.70  
    0.288       0          427.96        2513.10         3999.49         4298.51  
    0.294       0          158.96        1196.13         3211.58         4095.27  
    0.300       0          0        419.56         2849.30         3977.84  
    0.306       0          0        411.24         3096.31         3985.66  
    0.312       105.03          250.05        2195.34         3701.10         4180.74  
    0.319       62.61          149.05        1460.97         3203.95         4098.68  
    0.325       0          0        378.06         2851.69         3983.35  
    0.331       115.76          211.77        2205.82         3599.01         4223.71  
    0.338       223.52          482.55        3111.47         4030.84         4487.21  
    0.344       237.47          619.91        2895.50         4097.04         4840.82  
    0.350       228.25          690.92        2818.30         4063.10         5017.34  
    0.356       225.05          753.93        2857.50         4022.20         5145.38  
    0.363       227.45          763.68        2883.86         4044.89         5254.09  
    0.369       230.53          771.41        2819.59         4007.95         5152.44  
    0.375       86.39          441.25        2354.63         3932.03         5065.09  
    0.381       0          244.87        2019.84         3715.07         4475.54  
    0.388       0          238.78        2002.61         3432.48         4285.77  
    0.394       140.76          1070.16        2413.27         3573.60         4521.65  
    0.400       226.13          1090.26        2423.85         3730.38         4629.44  
    0.406       219.59          779.79        2422.75         3896.87         4571.51  
    0.413       80.36          401.90        2283.79         3309.73         4328.83  
    0.419       0          158.00        1947.66         3013.06         4141.36  
    0.425       0          129.39        1705.08         3005.91         4126.08  
    0.431       0          129.80        1856.81         2912.10         4108.21  
    