0.025       637.78          1082.73        2680.32         3410.81         4245.04  
    0.031       602.30          1089.85        2681.97         3418.90         4139.55  
    0.038       561.96          1088.12        2729.77         3438.68         4128.76  
    0.044       526.66          1073.21        2813.14         3364.94         4081.01  
    0.050       520.32          1065.81        2800.83         3254.34         4052.70  
    0.056       515.14          1033.86        2702.98         3113.60         4125.87  
    0.062       496.83          1005.82        2668.33         3131.67         4147.42  
    0.069       478.02          999.14        2645.48         3171.13         4035.54  
    0.075       457.87          1004.39        2626.19         3293.82         4054.21  
    0.081       446.71          995.15        2674.15         3316.06         4116.02  
    0.088       442.86          981.92        2688.93         3292.73         4105.30  
    0.094       444.41          968.84        2670.17         3238.81         4028.15  
    0.100       438.70          965.31        2678.21         3168.89         3901.42  
    0.106       429.44          922.69        2727.58         3156.90         3868.84  
    0.113       426.96          862.01        2716.21         3222.25         3872.29  
    0.119       422.98          834.06        2695.53         3250.30         3839.53  
    0.125       421.03          811.64        2682.19         3209.66         3872.68  
    0.131       412.54          795.00        2732.98         3191.13         3898.22  
    0.138       406.11          788.21        2883.51         3153.44         3941.02  
    0.144       402.28          787.35        2950.42         3334.95         3910.04  
    0.150       396.99          771.49        2988.39         3620.76         3798.80  
    0.156       393.78          738.93        3026.74         3475.89         4261.16  
    0.163       391.63          722.65        3071.64         3454.08         5318.03  
    0.169       387.09          716.29        2939.94         3506.03         5500.00  
    0.175       377.56          716.35        2902.83         3624.03         4263.15  
    0.181       367.33          703.34        2753.42         3347.76         3925.51  
    0.188       361.38          705.54        2755.42         3356.37         4054.36  
    0.194       346.32          694.60        2743.50         3271.05         4176.25  
    0.200       327.88          671.71        2748.09         3288.42         4250.97  
    0.206       340.02          658.29        2833.84         3435.91         4499.36  
    0.213       346.01          651.59        2802.54         3611.55         4808.81  
    0.219       357.75          607.70        2777.68         3667.00         4934.59  
    0.225       333.93          395.78        2774.57         3689.17         4985.04  
    0.231       52.16          380.03        2809.55         3338.62         4370.40  
    0.238       0          382.99        2587.94         3267.03         3909.97  
    0.244       0          388.43        2428.72         3073.56         3946.77  
    0.250       0          390.58        2378.95         3135.70         4046.59  
    0.256       0          355.37        2168.14         3224.88         4283.26  
    