0.025       542.51          970.22        2640.24         3263.27         4318.52  
    0.031       521.09          958.95        2649.58         3255.18         4314.22  
    0.038       531.94          993.17        2639.86         3288.33         4309.02  
    0.044       543.41          1067.60        2618.79         3347.68         4180.64  
    0.050       555.30          1063.96        2644.50         3333.98         4006.64  
    0.056       556.31          1025.56        2647.87         3349.39         4036.11  
    0.062       545.69          1015.52        2651.98         3354.65         4080.81  
    0.069       526.20          1015.92        2647.14         3330.25         4127.93  
    0.075       512.93          1013.71        2649.87         3315.35         4098.17  
    0.081       518.75          989.02        2671.60         3313.43         3948.59  
    0.088       520.20          959.32        2679.52         3267.87         3899.74  
    0.094       523.64          905.50        2645.97         3250.66         3935.74  
    0.100       537.54          837.94        2614.04         3255.95         3994.54  
    0.106       545.45          805.37        2610.19         3272.14         4010.11  
    0.113       513.38          854.02        2644.40         3302.67         3996.47  
    0.119       488.85          880.25        2660.87         3343.31         4070.76  
    0.125       477.25          878.40        2662.00         3340.66         4149.35  
    0.131       465.13          876.74        2663.08         3328.65         4212.13  
    0.138       455.08          876.90        2653.17         3323.00         4221.75  
    0.144       448.25          882.64        2650.17         3338.65         4102.30  
    0.150       446.16          864.64        2636.77         3365.41         4083.75  
    0.156       448.34          771.11        2621.88         3377.41         4100.61  
    0.163       451.75          709.20        2615.57         3342.75         4136.25  
    0.169       457.10          600.90        2633.95         3264.29         4042.41  
    0.175       469.32          511.22        2695.17         3344.30         4084.00  
    0.181       76.45          80.68        889.25         2782.80         3489.99  
    0.188       0          0        588.73         2647.97         3355.01  
    0.194       355.28          443.46        2304.52         3301.73         3936.74  
    0.200       469.63          510.18        2645.94         3457.85         4023.02  
    0.206       465.31          523.43        2649.19         3475.91         3951.64  
    0.213       404.15          530.56        2680.92         3476.34         3998.02  
    0.219       413.84          502.88        2677.67         3477.48         3971.10  
    0.225       449.76          528.57        2649.10         3503.80         3865.77  
    0.231       401.41          632.34        2613.37         3572.11         3844.69  
    0.238       401.52          641.32        2626.31         3573.86         4019.18  
    0.244       414.76          648.11        2642.34         3563.15         4094.72  
    0.250       390.39          709.87        2645.43         3553.17         4119.32  
    0.256       397.03          657.56        2808.56         3706.06         4222.99  
    0.263       392.88          664.94        2734.77         3546.79         4416.84  
    0.269       385.16          699.47        2790.20         3360.27         4399.17  
    0.275       391.02          647.20        2836.60         3478.28         4390.46  
    0.281       379.58          616.54        2731.71         3584.26         4513.67  
    0.288       392.88          548.55        2734.75         3553.17         4534.50  
    0.294       64.19          86.92        806.88         2863.45         3606.08  
    0.300       0          0        417.30         2684.92         3426.23  
    0.306       0          0        418.05         2556.50         3533.76  
    