0.025       600.93          1035.22        2248.27         3448.02         5500.00  
    0.031       580.79          982.32        2256.70         3357.86         5500.00  
    0.038       571.85          972.53        2318.25         3223.90         5500.00  
    0.044       574.21          1039.27        2331.24         3206.57         5500.00  
    0.050       536.74          997.43        2535.05         3407.65         5500.00  
    0.056       527.47          950.16        2741.22         3542.05         5486.64  
    0.062       543.45          954.77        2797.95         3545.91         5312.21  
    0.069       551.98          953.57        2802.33         3537.93         5230.73  
    0.075       557.20          942.32        2810.83         3540.35         5240.68  
    0.081       550.13          936.82        2819.60         3533.79         5221.85  
    0.088       542.24          932.55        2805.21         3526.78         5200.10  
    0.094       542.00          876.81        2807.88         3524.34         5179.07  
    0.100       537.66          833.37        2805.32         3519.91         5188.62  
    0.106       515.30          841.27        2802.26         3519.84         5195.56  
    0.113       518.76          872.17        2780.56         3507.23         5174.54  
    0.119       537.05          848.75        2770.21         3494.84         5142.68  
    0.125       549.83          788.57        2759.12         3500.57         5118.22  
    0.131       542.46          765.29        2761.93         3506.33         5110.21  
    0.138       478.31          754.30        2780.50         3487.69         5135.73  
    0.144       400.02          765.75        2764.65         3452.45         5120.67  
    0.150       338.02          777.56        2751.12         3438.43         5040.74  
    0.156       341.82          792.62        2761.83         3429.74         4977.05  
    0.163       370.31          811.52        2758.00         3426.91         4936.79  
    0.169       374.20          801.36        2751.62         3450.42         4921.60  
    0.175       368.81          792.88        2731.05         3500.14         4928.97  
    0.181       367.93          773.89        2710.82         3529.09         4938.86  
    0.188       430.47          621.43        2705.51         3521.55         4980.73  
    0.194       415.04          487.52        2693.53         3508.28         5040.32  
    0.200       347.82          451.53        2693.33         3506.46         5036.89  
    0.206       133.76          181.10        1350.80         3040.65         4141.28  
    0.213       163.69          230.03        1856.26         3211.78         4455.34  
    0.219       112.26          157.75        1376.86         3085.88         4184.41  
    0.225       0          0        376.92         2729.62         3581.39  
    0.231       0          0        379.73         2693.58         3605.68  
    0.238       0          0        386.69         2671.93         3639.09  
    0.244       0          0        383.15         2647.06         3652.06  
    0.250       0          0        381.51         2660.06         3657.01  
    0.256       0          0        400.02         2664.56         3670.34  
    0.263       0          0        380.57         2713.09         3709.96  
    0.269       190.15          212.67        1858.65         3356.81         4460.77  
    0.275       130.40          145.85        1399.03         3154.77         4263.24  
    0.281       0          0        372.36         2638.01         3784.70  
    0.288       0          0        387.03         2522.16         3789.82  
    0.294       0          0        406.00         2502.96         3825.32  
    0.300       200.01          522.45        1665.15         3286.19         4606.19  
    0.306       337.21          851.19        2557.13         3855.67         5255.75  
    0.312       137.19          559.48        2341.78         3161.22         4607.45  
    0.319       0          394.89        2441.92         2679.78         4081.42  
    0.325       0          166.66        1398.28         2692.34         3977.31  
    0.331       0          0        643.23         2682.00         3942.68  
    0.338       225.14          343.78        1867.61         3486.35         4435.36  
    0.344       345.69          829.44        2673.58         4056.05         4914.44  
    0.350       329.32          996.65        2682.39         4070.72         5304.73  
    0.356       366.27          1001.96        2656.83         4051.76         5181.85  
    0.363       157.99          409.88        1383.04         3128.41         4382.30  
    0.369       272.23          610.86        1834.58         3394.49         4651.13  
    0.375       468.69          1283.09        2751.62         4031.72         5129.74  
    0.381       491.28          1487.98        2727.79         4099.62         5135.67  
    0.388       500.22          1437.02        2692.27         4052.11         5061.01  
    0.394       349.56          1289.72        2698.30         3916.97         5015.70  
    0.400       368.09          1240.68        2739.27         3862.04         5004.31  
    0.406       461.91          1292.08        2713.67         3915.36         5103.97  
    0.413       475.29          1372.42        2701.03         3975.45         5369.13  
    0.419       486.39          1416.32        2752.44         4065.11         5500.00  
    0.425       492.53          1424.87        2805.82         4165.18         5500.00  
    0.431       490.58          1474.66        2822.47         4150.90         5500.00  
    0.438       489.35          1477.21        2784.30         4046.75         5500.00  
    0.444       491.38          1425.73        2751.64         3920.88         5410.84  
    0.450       492.04          1424.55        2730.35         3841.08         5355.07  
    0.456       490.31          1465.75        2723.18         3885.66         5442.54  
    0.463       485.07          1484.23        2831.86         4106.25         5500.00  
    0.469       480.62          1438.94        2835.35         4116.18         5500.00  
    0.475       483.54          1400.66        2691.39         3897.58         5500.00  
    0.481       518.37          1411.17        2619.35         3900.45         5500.00  
    0.488       564.50          1435.70        2687.34         3938.73         5500.00  
    