0.025       492.17          825.94        3014.01         3584.36         5500.00  
    0.031       484.67          828.28        3076.12         3590.86         5500.00  
    0.038       473.40          831.51        3086.71         3604.24         5500.00  
    0.044       474.34          840.12        3077.36         3425.33         5500.00  
    0.050       477.53          844.02        3054.66         3503.90         5500.00  
    0.056       463.35          830.87        3108.62         3406.57         5429.13  
    0.062       454.72          833.08        3108.39         3399.87         5480.90  
    0.069       607.08          895.83        2756.31         3400.92         5500.00  
    0.075       566.78          1347.88        2622.02         3586.25         5223.49  
    0.081       115.62          775.64        1812.76         2920.72         4328.35  
    0.088       0          660.61        1723.29         2723.27         4120.60  
    0.094       0          635.30        1807.18         2642.14         4131.15  
    0.100       445.97          1347.58        2310.35         3749.23         4826.47  
    0.106       555.20          1510.92        2404.44         3910.56         4897.70  
    0.113       558.98          1534.79        2446.18         3744.34         4880.54  
    0.119       571.41          1534.75        2469.01         3820.44         4887.03  
    0.125       583.67          1580.52        2510.79         3924.33         5370.06  
    0.131       124.42          810.70        1896.00         2881.83         4295.41  
    0.138       0          613.43        1828.70         2666.30         4046.63  
    0.144       0          623.82        1819.73         2677.69         4159.52  
    0.150       492.92          1470.91        2413.96         4040.16         4480.38  
    0.156       621.40          1626.54        2536.44         4352.15         4452.66  
    0.163       605.08          1507.85        2505.57         3849.94         4586.13  
    0.169       595.12          1477.86        2469.06         3721.68         4662.71  
    0.175       591.54          1523.45        2491.78         3824.05         4593.46  
    0.181       588.53          1545.87        2469.59         3931.93         4619.52  
    0.188       577.77          1524.48        2417.55         4033.37         4774.08  
    0.194       567.12          1531.01        2405.00         4076.87         4419.09  
    0.200       557.76          1543.78        2412.56         3709.34         4442.73  
    0.206       549.86          1513.51        2392.80         3608.98         4548.68  
    0.213       551.55          1555.53        2405.63         3791.25         4521.32  
    0.219       554.27          1554.77        2356.92         3835.60         4430.48  
    0.225       569.87          1720.38        2262.07         3880.12         4342.93  
    0.231       121.82          873.00        2058.27         3231.32         4148.33  
    0.238       0          675.41        2054.18         3171.64         4052.54  
    0.244       0          145.81        1051.20         2441.66         3827.73  
    0.250       0          683.83        1963.78         2660.80         4031.28  
    0.256       0          883.11        2462.28         2883.10         4099.39  
    0.263       0          188.29        1220.47         2615.57         4067.81  
    0.269       556.98          760.08        2179.94         3703.87         5194.25  
    0.275       150.07          616.52        1683.77         2896.50         4332.37  
    0.281       0          478.75        1613.74         2665.72         4028.72  
    0.288       354.21          1275.80        2064.13         3189.80         4604.56  
    0.294       461.63          1559.03        1904.19         3259.52         4701.18  
    0.300       470.53          1423.07        1797.39         3187.76         4647.50  
    0.306       439.82          1261.44        1966.43         3396.21         4719.33  
    0.312       400.46          1157.35        2017.17         3448.69         4863.64  
    0.319       369.61          1153.40        2148.28         3428.20         4822.27  
    0.325       363.84          1151.56        2327.83         3488.80         4822.21  
    0.331       355.52          1163.45        2461.86         3591.95         4873.30  
    0.338       347.73          1288.37        2598.05         3268.22         4864.76  
    0.344       73.49          553.53        1708.94         3116.25         4924.44  
    0.350       0          396.20        1584.53         3135.17         4499.45  
    0.356       308.47          411.78        2634.23         3383.28         5174.20  
    0.363       83.11          87.53        958.06         3100.57         3555.73  
    0.369       0          0        416.28         2679.45         3106.12  
    0.375       0          0        428.59         2229.06         3126.70  
    0.381       0          0        407.67         2546.91         3072.10  
    0.388       153.47          301.79        2206.83         3059.60         4714.07  
    0.394       41.35          81.31        880.95         2723.33         3605.86  
    0.400       0          0        402.60         2665.73         3122.70  
    0.406       212.35          330.53        2261.37         2996.80         4660.29  
    0.413       355.17          498.82        2845.58         3092.71         5080.72  
    0.419       353.90          508.59        2897.22         3112.56         5027.71  
    0.425       306.54          558.27        2733.22         3280.16         4990.30  
    0.431       251.06          562.30        2786.16         3355.51         5143.48  
    0.438       277.88          561.65        2945.89         3345.97         5196.90  
    0.444       61.20          119.33        1004.30         2960.13         3513.26  
    0.450       0          355.09        914.74         2919.98         3892.66  
    0.456       0          95.67        554.85         2933.41         3462.75  
    0.463       188.46          530.16        2414.10         3078.87         4516.40  
    0.469       50.78          142.84        1069.67         2919.13         3494.60  
    0.475       0          421.21        2036.84         3122.65         4529.80  
    0.481       0          605.46        2436.80         3125.24         4717.62  
    0.488       0          132.55        1045.27         2756.62         3520.41  
    0.494       148.43          1087.76        2315.19         3205.10         4670.77  
    0.500       39.99          784.67        2214.96         3165.62         4389.93  
    