0.025       0          990.53        2032.09         2987.19         3843.17  
    0.031       0          1012.46        1977.19         3045.64         3821.43  
    0.038       0          752.82        1882.02         3038.97         3822.31  
    0.044       249.41          592.61        2115.44         3738.58         5257.02  
    0.050       489.08          812.21        2358.78         3819.57         5120.46  
    0.056       540.33          880.61        2794.68         3842.32         4987.80  
    0.062       581.91          888.40        3002.12         3870.66         4954.92  
    0.069       616.59          891.23        2827.34         3849.64         4886.12  
    0.075       635.07          890.55        2834.87         3811.88         4856.10  
    0.081       645.40          912.64        3031.90         3783.10         4877.36  
    0.088       659.90          926.93        3350.33         3852.07         5133.94  
    0.094       678.53          1017.74        3567.23         3925.13         5453.16  
    0.100       98.72          743.56        1647.13         3669.27         4222.66  
    0.106       0          706.67        1662.32         3651.07         4209.01  
    0.113       626.67          1658.19        2128.50         3630.41         4882.30  
    0.119       758.71          1847.42        1999.65         3667.29         5426.19  
    0.125       790.84          1290.30        2382.72         3770.37         4954.30  
    0.131       115.27          877.70        2359.46         3842.98         4342.72  
    0.138       0          828.64        2220.96         3820.03         4628.70  
    0.144       700.35          1247.35        2465.33         3727.48         4827.38  
    0.150       818.27          1205.26        2373.64         3650.69         4874.66  
    0.156       118.55          882.92        2239.45         3619.07         4841.60  
    0.163       0          818.20        2218.68         3527.89         4812.23  
    0.169       0          814.27        2193.42         3589.62         4299.32  
    0.175       695.74          981.56        2302.43         3690.97         4725.90  
    0.181       808.31          1132.28        2304.31         3846.40         4812.36  
    0.188       799.70          1162.23        2265.67         3943.19         4902.03  
    0.194       769.83          1219.10        2337.26         3971.05         4910.35  
    0.200       765.50          1277.52        1828.29         3911.79         4898.77  
    0.206       740.43          1312.27        1730.82         3852.72         4850.33  
    0.213       697.23          1534.18        2028.47         3841.65         4727.59  
    0.219       100.07          827.10        1696.35         3853.42         4212.33  
    0.225       0          768.39        1729.31         3891.89         3953.52  
    0.231       0          789.21        1766.27         3861.70         4012.32  
    0.238       0          779.08        1901.90         3830.02         4571.50  
    0.244       0          112.60        936.74         2289.65         3967.96  
    0.250       0          631.52        1764.90         3587.30         4512.43  
    0.256       0          675.79        1795.86         3834.83         4504.30  
    0.263       458.99          719.70        2833.87         3836.02         4518.64  
    0.269       432.23          771.60        3269.72         3868.88         4553.60  
    0.275       377.83          762.53        3239.71         3890.87         4561.55  
    0.281       358.10          794.53        3016.47         3896.53         4694.46  
    0.288       347.80          817.59        2770.01         3890.14         4629.99  
    0.294       339.15          790.46        2683.45         3894.80         4598.43  
    0.300       328.72          827.15        2741.00         3923.78         4577.73  
    0.306       321.34          876.40        2732.63         3934.39         4577.81  
    0.312       329.53          848.35        2685.33         3915.33         4545.50  
    0.319       330.04          895.66        2648.73         3939.22         4566.32  
    0.325       322.01          1044.26        2714.90         4124.54         5365.36  
    0.331       46.47          437.07        1389.59         3027.58         4361.62  
    0.338       0          337.48        1265.93         2944.57         4154.57  
    0.344       0          345.18        1254.14         3021.14         4160.89  
    0.350       0          337.10        1304.03         2970.27         4174.31  
    0.356       0          327.22        1350.07         2910.34         4136.41  
    0.363       0          341.28        1397.43         2987.92         4098.73  
    0.369       0          338.57        1391.71         3033.62         4074.03  
    0.375       0          334.26        1330.95         2943.92         4100.00  
    0.381       0          341.66        1326.25         2868.41         4152.26  
    