0.025       543.04          1586.64        3215.30         3853.26         5500.00  
    0.031       552.75          1199.65        3139.54         4008.14         5211.34  
    0.038       560.06          882.51        2980.09         4076.61         5006.10  
    0.044       556.88          856.35        3022.45         3906.53         4973.85  
    0.050       536.21          1103.82        3270.56         3913.30         4961.01  
    0.056       495.13          908.99        3286.66         3974.45         4944.59  
    0.062       442.79          861.67        3153.97         4071.75         4921.57  
    0.069       441.45          915.75        3026.21         4109.73         4900.16  
    0.075       454.63          909.53        2945.23         4069.39         4876.60  
    0.081       476.70          895.15        2882.59         4040.47         4878.41  
    0.088       519.40          954.77        2663.66         4015.31         4903.74  
    0.094       563.57          931.35        2246.06         3988.15         4927.06  
    0.100       582.98          1030.74        2023.06         3999.05         4867.85  
    0.106       573.72          1181.79        2002.48         3992.89         4872.95  
    0.113       561.85          1301.76        1989.02         3992.65         4956.44  
    0.119       544.20          1336.33        1973.58         4010.58         4973.67  
    0.125       524.94          1306.09        2069.76         4024.58         4910.03  
    0.131       518.00          1309.74        2259.78         4005.88         4877.88  
    0.138       521.28          1387.68        2363.50         3981.07         4905.77  
    0.144       530.47          1459.64        2399.22         3973.76         4838.78  
    0.150       545.95          1507.29        2471.66         3925.98         4765.69  
    0.156       567.56          1558.40        2523.22         3940.53         4761.06  
    0.163       586.22          1585.66        2576.10         3978.72         4837.06  
    0.169       606.36          1615.50        2585.31         3957.18         4964.11  
    0.175       635.25          1629.43        2529.78         3932.47         4926.34  
    0.181       654.48          1625.63        2472.13         3953.66         4835.12  
    0.188       677.06          1625.05        2401.87         3977.04         4843.25  
    0.194       683.48          1571.83        2450.57         3994.03         4900.89  
    0.200       663.53          1559.90        2486.78         3992.80         4975.90  
    0.206       616.93          1579.30        2517.38         3978.48         4898.93  
    0.213       569.75          1602.42        2569.83         3975.15         4840.31  
    0.219       537.39          1653.51        2652.07         3964.58         4832.13  
    0.225       513.36          1651.82        2748.92         3947.16         4787.71  
    0.231       495.90          1592.43        2716.24         3966.98         4795.26  
    0.238       482.73          1539.34        2667.18         3966.44         4804.05  
    0.244       468.33          1477.77        2601.28         3943.18         4788.91  
    0.250       452.52          1436.20        2506.78         3938.12         4855.32  
    0.256       440.86          1446.18        2422.81         3892.31         4813.32  
    0.263       438.75          1399.59        2353.36         3912.45         4835.28  
    0.269       442.94          1360.48        2272.39         3969.95         4888.18  
    0.275       473.85          1406.34        2187.17         3936.15         4870.94  
    0.281       519.80          1343.68        2096.40         3924.79         4983.47  
    0.288       560.45          1158.92        2031.61         3886.26         4986.65  
    0.294       182.89          796.44        1857.52         3839.66         4937.26  
    0.300       0          642.57        1697.05         3833.13         4958.37  
    0.306       0          202.99        947.02         2558.89         4191.10  
    0.312       0          0        610.98         2080.23         3817.45  
    0.319       252.99          436.42        1988.76         3309.17         4648.38  
    0.325       362.82          638.18        2797.46         3877.97         5037.08  
    0.331       358.75          638.47        2885.38         3908.24         5047.54  
    0.338       371.62          636.10        2775.97         3941.92         5054.60  
    0.344       415.89          573.66        2614.74         3911.26         5050.75  
    0.350       392.67          578.64        2614.40         3904.79         5013.33  
    0.356       342.62          651.96        2865.77         3949.55         4988.49  
    0.363       326.34          710.35        3020.71         3948.08         5005.01  
    0.369       325.76          728.02        3043.77         3908.73         5018.38  
    0.375       337.07          729.80        3095.59         3816.70         4995.42  
    0.381       109.37          498.55        1497.56         3679.71         4332.95  
    0.388       0          415.89        1081.76         3639.15         4146.18  
    0.394       0          412.05        1000.93         3683.31         3993.27  
    0.400       0          353.15        928.58         3424.82         3976.16  
    0.406       0          311.30        1233.19         3284.32         3976.07  
    0.413       198.58          984.19        2681.64         3635.07         5007.39  
    0.419       288.45          1310.57        3354.08         3777.89         5353.42  
    