0.025       684.40          1625.10        2453.71         3298.18         5500.00  
    0.031       630.49          1699.01        2633.62         3523.66         5500.00  
    0.038       696.49          1384.71        2861.34         3513.41         5500.00  
    0.044       705.03          1293.19        2913.50         3537.13         5500.00  
    0.050       615.11          1563.11        2862.93         3546.60         5500.00  
    0.056       591.38          1690.74        3133.64         3426.87         4881.78  
    0.062       581.24          1690.52        2711.77         3444.62         4589.02  
    0.069       570.06          1695.14        2631.49         3445.26         4545.16  
    0.075       597.11          1589.12        2500.74         3491.69         4540.39  
    0.081       584.26          1598.65        2750.88         3474.66         4641.84  
    0.088       593.16          1684.06        2964.98         3426.70         4724.37  
    0.094       605.68          1665.55        2887.56         3616.62         4816.57  
    0.100       580.12          1539.56        2780.50         3620.97         4743.78  
    0.106       568.90          1548.80        2843.31         3588.87         4756.70  
    0.113       559.23          1643.28        3006.53         3804.36         4755.57  
    0.119       554.68          1600.08        2811.37         3931.46         5440.73  
    0.125       545.44          1571.40        2857.78         3847.50         5035.04  
    0.131       523.58          1597.88        2887.88         3618.16         4710.32  
    0.138       505.86          1618.45        2983.18         3555.33         4732.43  
    0.144       496.96          1657.90        2992.10         3619.87         4621.42  
    0.150       486.40          1642.65        2763.85         3942.15         4406.88  
    0.156       476.41          1533.63        2537.06         3834.86         4523.24  
    0.163       478.96          1599.33        2573.95         3775.66         4592.72  
    0.169       477.51          1602.24        2544.53         3768.02         4583.80  
    0.175       483.96          1614.82        2798.15         3620.20         4417.69  
    0.181       481.92          1624.33        3007.79         3532.20         4561.11  
    0.188       485.19          1489.72        2556.36         3584.48         4670.38  
    0.194       503.33          1335.77        2380.30         3616.42         4666.17  
    0.200       527.39          1253.24        2511.14         3597.61         4662.70  
    0.206       515.76          1183.65        2602.77         3573.03         4646.17  
    0.213       501.90          1138.57        2632.70         3509.09         4482.30  
    0.219       476.92          1144.98        2647.49         3531.80         4529.66  
    0.225       468.07          1124.09        2469.71         3543.47         4635.18  
    0.231       438.88          1151.01        2428.45         3551.88         4536.32  
    0.238       424.94          1072.97        2463.20         3573.56         4540.41  
    0.244       439.84          983.98        2365.56         3571.54         4491.66  
    0.250       432.51          733.44        1972.44         3501.88         4425.17  
    0.256       424.33          594.54        2373.07         3537.82         4342.17  
    0.263       354.46          672.38        2764.22         3573.25         5042.39  
    0.269       326.50          713.14        2829.03         3559.92         5468.44  
    0.275       314.22          741.79        2875.53         3555.36         5500.00  
    0.281       312.99          748.10        2968.32         3559.31         5500.00  
    0.288       314.03          724.89        2844.07         3591.64         5360.18  
    0.294       342.78          639.57        2701.14         3592.97         5487.91  
    0.300       27.48          50.33        741.72         2924.36         3846.15  
    0.306       0          0        721.69         2850.19         3689.17  
    0.312       0          687.30        1369.38         2930.75         3801.84  
    0.319       0          850.05        1350.88         2896.76         3984.35  
    0.325       0          852.10        998.23         2783.85         3894.93  
    0.331       0          669.92        1319.75         2880.57         3917.35  
    0.338       460.34          1310.59        2732.22         3864.83         5374.25  
    0.344       39.81          585.81        1426.82         3035.35         4294.71  
    0.350       0          573.93        1246.30         3092.81         4339.63  
    0.356       507.80          1152.05        2852.78         3675.16         5408.67  
    0.363       506.54          1183.52        2876.12         3800.82         5500.00  
    0.369       40.01          440.97        1274.49         2953.62         4285.04  
    0.375       0          657.89        1140.16         2888.22         4238.84  
    0.381       475.89          1354.99        2718.42         3571.30         5400.03  
    