0.025       0          483.72        1664.72         2654.55         3656.83  
    0.031       0          478.43        1130.56         2661.98         3607.78  
    0.038       329.89          645.85        2085.69         3246.98         4883.66  
    0.044       492.25          780.38        2645.40         3529.85         5500.00  
    0.050       490.80          817.03        2645.06         3552.49         5500.00  
    0.056       485.06          820.10        2656.53         3555.32         5500.00  
    0.062       484.57          823.73        2647.35         3550.61         5500.00  
    0.069       485.76          813.74        2623.13         3550.74         5500.00  
    0.075       476.19          818.57        2611.45         3548.18         5275.40  
    0.081       471.56          834.40        2614.61         3559.44         5393.44  
    0.088       467.48          839.43        2620.51         3546.23         5500.00  
    0.094       463.25          827.87        2627.19         3501.48         5500.00  
    0.100       462.07          809.87        2636.95         3460.14         5256.79  
    0.106       461.65          799.57        2649.97         3484.55         5141.29  
    0.113       463.55          775.96        2658.06         3537.23         5293.47  
    0.119       467.51          709.93        2667.90         3539.30         5456.78  
    0.125       469.21          592.18        2667.43         3524.06         5500.00  
    0.131       464.29          625.55        2658.63         3505.60         5156.42  
    0.138       456.36          676.33        2644.16         3489.70         4978.52  
    0.144       448.96          689.77        2635.74         3525.91         4960.10  
    0.150       437.56          743.96        2651.97         3534.05         4952.12  
    0.156       433.96          731.63        2678.25         3538.96         4961.61  
    0.163       439.45          565.70        2676.17         3545.11         4962.91  
    0.169       436.26          569.94        2664.84         3522.51         4986.91  
    0.175       424.01          592.46        2659.96         3526.29         4984.15  
    0.181       414.47          522.83        2667.42         3550.63         4938.78  
    0.188       412.61          536.88        2686.34         3579.71         4899.26  
    0.194       398.96          580.11        2715.89         3580.55         4957.11  
    0.200       380.18          611.98        2741.36         3551.80         5030.11  
    0.206       366.37          624.66        2746.32         3569.26         5047.87  
    0.213       347.97          639.77        2743.35         3602.57         5064.15  
    0.219       363.26          646.62        2755.49         3602.82         5117.78  
    0.225       374.95          685.33        2759.71         3595.76         5151.45  
    0.231       350.85          687.68        2770.58         3604.46         5169.51  
    0.238       337.36          636.09        2776.91         3618.07         5177.67  
    0.244       326.72          641.49        2768.53         3622.56         5133.64  
    0.250       322.68          676.56        2784.86         3650.48         5072.87  
    0.256       346.04          691.96        2813.96         3659.32         4993.37  
    0.263       384.27          690.42        2814.57         3642.05         4967.80  
    0.269       401.63          660.89        2802.10         3631.74         4997.05  
    0.275       423.18          593.22        2759.88         3649.88         5005.89  
    0.281       390.40          597.16        2777.05         3697.30         5025.50  
    0.288       370.76          657.92        2779.55         3708.13         4994.27  
    0.294       370.93          655.89        2695.53         3637.97         5008.67  
    0.300       342.10          929.88        2697.48         3607.83         5074.75  
    0.306       345.58          983.64        2705.43         3657.56         5040.44  
    0.312       350.80          872.86        2680.79         3678.89         5023.54  
    0.319       369.99          845.51        2701.29         3692.55         5001.67  
    0.325       381.35          1140.68        2705.10         3698.76         4931.97  
    0.331       370.53          1479.89        2703.76         3744.27         4960.96  
    0.338       372.33          1553.72        2745.81         3812.37         5060.22  
    0.344       390.34          1482.39        2761.89         3810.43         5052.38  
    0.350       370.00          1539.60        2755.72         3766.89         5016.04  
    0.356       356.50          1508.96        2683.06         3727.69         5148.07  
    