0.025       743.41          1736.74        3333.26         4808.18         5500.00  
    0.031       63.55          855.71        2293.54         3827.57         4883.98  
    0.038       0          774.72        2078.46         3455.72         4657.92  
    0.044       0          776.68        1967.88         3383.63         4646.59  
    0.050       0          850.80        2082.73         3444.41         4671.37  
    0.056       0          841.45        2239.63         3562.70         4724.03  
    0.062       0          813.48        2148.09         3645.45         4737.58  
    0.069       0          773.05        1996.80         3551.00         4730.87  
    0.075       0          653.56        2325.07         3532.51         4669.93  
    0.081       0          54.94        560.05         2591.60         4553.81  
    0.088       315.09          663.73        2470.90         4353.12         5418.23  
    0.094       371.47          727.96        2771.81         4626.08         4837.61  
    0.100       412.46          756.04        2784.96         4134.91         4779.32  
    0.106       35.57          463.20        948.14         2998.83         4497.61  
    0.113       0          441.26        787.04         3062.32         4450.85  
    0.119       0          445.86        793.86         3071.81         4615.59  
    0.125       0          449.88        799.36         3106.79         4628.34  
    0.131       0          451.91        805.99         3046.87         4662.47  
    0.138       0          436.55        808.11         2955.70         4647.82  
    0.144       391.44          760.81        2719.78         4488.05         5427.01  
    0.150       439.05          813.18        2531.61         3882.11         4753.96  
    0.156       458.05          862.61        2309.37         3844.90         4656.32  
    0.163       476.06          900.34        2256.12         3926.96         4805.42  
    0.169       487.01          885.88        2370.00         4128.20         5286.38  
    0.175       476.00          835.87        2512.38         4118.93         4947.97  
    0.181       459.02          814.24        2770.73         3986.52         4862.49  
    0.188       456.14          816.68        2929.91         4008.03         4873.82  
    0.194       454.50          820.36        2873.60         3998.70         4859.83  
    0.200       456.89          825.61        2824.03         3986.34         4890.69  
    0.206       455.29          830.81        2811.56         4008.92         4978.97  
    0.213       438.11          834.19        2813.39         4029.10         4904.47  
    0.219       417.03          840.28        2843.28         4046.48         4829.44  
    0.225       411.28          840.12        2921.87         4055.48         4805.42  
    0.231       410.54          833.21        2912.00         3915.38         4802.85  
    0.238       407.55          824.17        2946.32         3867.50         4869.95  
    0.244       402.16          828.22        3275.58         3851.66         4963.95  
    0.250       388.81          822.43        3182.98         3815.15         4951.60  
    0.256       389.94          785.83        3121.68         3821.91         4837.52  
    0.263       394.11          752.63        3148.18         3813.69         4814.85  
    0.269       385.33          751.72        3154.98         3798.09         4886.32  
    0.275       378.71          745.76        3134.08         3791.06         4908.07  
    0.281       369.32          742.41        3238.62         3753.02         4839.49  
    0.288       360.47          741.66        3257.50         3748.89         4844.06  
    0.294       356.50          738.92        3328.62         3744.88         4807.95  
    0.300       353.88          728.07        3391.45         3721.89         4812.49  
    0.306       352.42          718.12        3421.26         3683.39         4859.74  
    0.312       348.91          709.53        3527.23         3652.72         4911.92  
    0.319       343.23          699.68        3436.53         3710.44         4914.09  
    0.325       340.43          695.71        3298.25         3839.14         4893.53  
    0.331       339.87          686.60        3164.37         3877.42         4881.89  
    0.338       339.07          675.58        3200.96         3771.39         4865.74  
    0.344       333.29          669.48        3248.66         3713.29         4821.11  
    0.350       329.00          666.90        3384.23         3706.66         4855.81  
    0.356       326.04          653.95        3409.99         3788.64         4902.49  
    0.363       319.53          668.17        3258.94         4418.28         4889.82  
    0.369       311.98          672.02        3026.26         4658.34         4866.25  
    0.375       306.45          670.06        3059.55         4605.22         4789.66  
    0.381       309.52          672.04        3227.85         4469.89         4771.07  
    0.388       307.28          669.96        3173.22         4476.11         4765.95  
    0.394       308.54          653.69        3318.19         4661.60         5437.22  
    0.400       309.60          669.07        3195.89         4650.93         5500.00  
    0.406       313.46          680.26        3102.32         4632.82         5500.00  
    0.413       316.88          661.61        3029.73         4484.78         4751.63  
    0.419       323.54          640.10        2895.92         4217.80         4745.05  
    0.425       334.28          637.42        2758.75         4213.25         4786.78  
    0.431       333.00          633.13        2760.82         4253.41         4893.99  
    0.438       335.18          605.67        2921.28         4573.91         4687.47  
    0.444       346.71          534.87        2707.48         4132.87         4887.30  
    0.450       384.78          403.81        2681.37         4013.41         4932.60  
    0.456       389.27          394.26        2543.78         3930.67         4964.29  
    0.463       33.29          33.72        580.22         2652.31         3943.05  
    0.469       0          0        391.13         2605.64         3874.60  
    0.475       322.50          364.08        2475.03         3861.03         4771.94  
    0.481       30.15          34.03        608.10         2543.58         3967.27  
    0.488       0          0        380.21         2202.56         3863.59  
    0.494       0          0        364.64         2417.23         3838.27  
    0.500       297.49          564.70        2618.29         4113.20         4544.23  
    0.506       322.15          520.51        2890.01         4053.59         4685.41  
    0.513       27.51          345.25        2675.24         3878.01         4730.22  
    0.519       115.66          463.38        2673.86         4053.22         5108.33  
    0.525       10.81          624.09        1866.65         3050.88         4527.97  
    0.531       130.58          782.95        2624.99         3976.59         4770.41  
    0.537       12.21          68.09        936.39         2554.75         4040.74  
    0.544       0          0        647.31         2378.48         3857.51  
    0.550       0          0        807.52         2389.27         3906.18  
    0.556       0          0        834.68         2399.36         3979.60  
    0.562       0          0        773.68         2423.47         4046.07  
    0.569       0          0        850.68         2397.63         4125.16  
    