0.025       598.18          1626.80        3027.08         3759.33         4698.47  
    0.031       1.22          1435.57        2117.10         3305.84         4726.91  
    0.038       349.02          1226.63        2348.27         3535.31         4907.90  
    0.044       957.07          1716.60        2910.57         3985.67         4849.50  
    0.050       1.96          3.51        5.94         1658.47         3123.85  
    0.056       0          0        1537.27         2926.19         4009.12  
    0.062       0          1260.70        2237.73         3632.69         4768.97  
    0.069       0          1096.53        2207.41         3483.80         4677.89  
    0.075       719.56          2210.00        2233.83         3741.39         4818.13  
    0.081       1.47          1594.26        2508.37         3428.45         4289.12  
    0.088       0          3.25        1776.66         2974.86         4089.73  
    0.094       426.43          1633.06        2729.27         3839.74         5006.11  
    0.100       979.32          2126.82        2705.56         3838.63         5069.73  
    0.106       2.00          4.34        1263.78         2583.80         3860.28  
    0.113       0          1219.11        2118.01         3337.86         4385.07  
    0.119       0          1178.57        2256.14         3143.91         4225.85  
    0.125       0          1338.67        2217.73         3543.24         5160.84  
    0.131       0          1392.95        2317.39         3420.15         4647.55  
    0.138       0          1344.19        2633.90         3381.08         4638.73  
    0.144       0          1165.57        2580.74         3391.16         4707.07  
    0.150       0          994.02        2400.52         3433.00         4746.85  
    0.156       0          1098.52        2186.57         3556.84         4667.12  
    0.163       0          1062.42        2142.08         3388.50         4407.08  
    0.169       0          1300.17        2106.12         3366.17         4850.69  
    0.175       0          2.65        1427.01         2873.26         3318.60  
    0.181       0          978.16        2180.66         3293.36         4415.84  
    0.188       667.56          1754.78        2945.50         4017.76         5497.79  
    0.194       1.37          875.88        2194.49         3397.07         4123.61  
    0.200       0          1004.22        2255.72         3344.06         4348.80  
    0.206       0          1187.05        2122.44         3392.49         4330.36  
    0.213       0          1359.18        2225.76         3417.68         4541.92  
    0.219       0          1244.64        2274.58         3550.90         4507.36  
    0.225       0          1290.05        2176.44         3431.94         4249.18  
    0.231       0          1378.35        2159.26         3421.64         4209.42  
    0.238       0          1101.13        2132.37         3519.01         4556.54  
    0.244       666.08          1943.39        3057.26         3737.83         5274.55  
    0.250       746.54          2020.05        3202.64         3835.48         5499.54  
    0.256       1.52          1251.80        2507.86         3362.64         4390.63  
    0.263       0          1207.78        2793.73         3532.26         4480.05  
    0.269       0          1257.72        2804.02         3539.23         4454.23  
    0.275       0          1333.07        2773.19         3437.27         4427.83  
    0.281       0          1475.44        2135.96         3317.69         4422.88  
    0.288       0          1554.17        2124.80         3115.31         4361.09  
    0.294       0          1179.14        2346.27         3286.58         4313.58  
    0.300       0          924.03        2468.11         3594.54         4615.53  
    0.306       735.91          1743.37        2764.89         3709.55         4866.57  
    0.312       1.50          3.56        1620.34         2714.19         3961.81  
    0.319       634.15          1588.08        2761.14         3739.74         5007.14  
    0.325       729.36          1912.79        2801.16         3726.80         4978.01  
    0.331       1.49          804.29        2325.05         3507.91         4776.31  
    0.338       0          832.91        2399.72         3478.33         4498.95  
    0.344       0          843.16        2300.16         3328.97         4575.30  
    0.350       0          833.17        2417.48         3353.18         4751.78  
    0.356       166.83          801.58        2592.50         3357.53         4680.92  
    0.363       565.20          747.76        2722.99         3369.05         4645.67  
    0.369       511.88          824.64        2549.04         3410.68         4704.19  
    0.375       527.72          817.20        2514.92         3435.23         4746.52  
    0.381       545.96          828.09        2549.25         3467.65         4696.15  
    0.388       547.02          799.61        2580.43         3430.95         4559.80  
    0.394       553.80          753.91        2617.15         3434.23         4602.99  
    0.400       518.30          775.22        2648.41         3431.96         4734.55  
    0.406       499.24          811.31        2637.28         3437.07         4746.80  
    0.413       474.37          840.20        2611.91         3421.70         4700.69  
    0.419       462.62          841.53        2600.49         3406.90         4748.44  
    0.425       459.67          835.83        2678.50         3471.51         4783.59  
    0.431       450.74          842.06        2803.41         3483.34         4775.56  
    0.438       439.45          820.92        2833.94         3474.82         4947.41  
    0.444       447.36          779.22        2740.90         3472.07         4897.65  
    0.450       462.95          736.53        2698.09         3468.94         4844.38  
    0.456       461.61          707.31        2739.28         3475.64         4868.04  
    0.463       459.04          679.10        2734.69         3517.30         4833.41  
    0.469       427.68          601.26        2737.76         3588.32         4838.08  
    0.475       135.89          577.76        2864.40         3566.40         4950.40  
    0.481       508.46          559.68        2678.41         3499.60         4839.84  
    0.488       392.35          538.96        2637.31         3518.82         4934.26  
    0.494       0.80          1.10        542.04         2527.73         3511.23  
    0.500       0          510.15        2531.09         3586.69         5495.94  
    0.506       0          519.66        2204.92         3113.70         4231.37  
    0.513       0          507.47        2276.80         3561.34         4729.92  
    0.519       0          529.76        2313.45         3526.69         4246.61  
    0.525       0          531.14        2256.66         3331.63         4579.81  
    0.531       0          544.89        2103.89         3412.59         4635.45  
    0.537       0          565.44        2255.91         3454.98         4794.13  
    0.544       0          528.73        2273.45         3358.70         4579.13  
    0.550       0          377.14        2190.32         3224.58         4255.96  
    0.556       328.84          1730.47        2689.40         4003.89         5497.46  
    0.562       344.52          1856.08        2540.92         3931.37         5329.93  
    0.569       312.20          1737.17        2854.84         3938.34         5176.61  
    0.575       403.10          1680.13        2879.64         3901.80         5066.51  
    0.581       523.01          1736.37        2886.85         3846.60         5499.11  
    0.588       580.21          1752.37        2865.58         3978.95         5500.00  
    0.594       614.11          1858.64        2846.11         4121.85         5500.00  
    0.600       674.83          1794.25        2763.34         4080.68         4900.67  
    0.606       682.18          1553.44        2644.63         4045.02         4948.69  
    0.613       696.67          1909.00        3063.94         4140.89         5498.88  
    0.619       663.49          1811.56        3006.68         4048.75         5360.32  
    0.625       679.11          1835.99        2881.63         3785.28         5094.26  
    0.631       642.80          1811.65        2909.36         3695.07         4909.22  
    0.638       546.93          1922.65        3024.86         3310.76         4661.35  
    0.644       457.70          1770.51        2805.49         3915.30         5130.12  
    0.650       0.93          3.61        1547.03         2609.01         3856.38  
    0.656       0          1501.82        2351.61         3514.46         5095.20  
    0.663       0          1422.90        2219.44         3589.14         5014.94  
    0.669       697.39          1912.80        2483.70         3778.37         4902.08  
    0.675       776.91          2041.41        2718.84         3844.63         4890.08  
    0.681       1.59          784.09        2046.90         3363.88         4346.21  
    0.688       608.27          1794.30        3051.33         3668.34         5040.53  
    0.694       559.75          1657.85        3077.18         3957.99         5499.07  
    0.700       1.14          1323.80        2258.67         3787.12         4319.97  
    0.706       0          1348.95        2262.33         3510.78         4481.74  
    0.713       0          1342.02        2256.41         3406.79         4806.20  
    0.719       699.07          1791.07        3135.85         3474.21         4907.37  
    0.725       743.95          1925.54        3345.10         4531.08         5498.79  
    0.731       719.25          1855.37        2812.41         3888.19         5106.37  
    0.738       651.57          1792.31        2832.69         3760.87         4841.96  
    0.744       276.21          1689.35        2706.04         3563.93         4846.83  
    0.750       0.56          1520.70        2308.43         3559.59         4921.36  
    0.756       0          1506.91        2480.49         3710.57         4753.97  
    0.763       325.39          1489.35        2476.40         3867.05         4808.24  
    0.769       0.67          1220.97        2600.09         4073.73         4735.38  
    0.775       0          1198.05        2399.28         3194.02         4431.80  
    0.781       651.57          1927.01        2847.87         3840.80         4893.10  
    0.788       1.33          3.94        1870.74         3198.91         4259.75  
    0.794       0          1395.67        2293.21         3386.57         4514.26  
    0.800       0          1497.58        2583.89         3521.54         4773.74  
    0.806       569.98          1696.06        2855.26         3816.18         5056.19  
    0.812       565.16          1610.25        2754.32         3700.27         4877.15  
    0.819       1.15          1321.73        2504.15         3563.25         4968.97  
    0.825       0          2.70        1395.51         2539.66         3501.45  
    0.831       0          1276.61        2165.96         3271.76         4767.37  
    0.838       0          1113.33        2447.95         3446.87         4745.63  
    0.844       755.84          1314.07        2739.24         3967.05         5106.19  
    0.850       1.55          1144.44        2538.76         3990.35         4045.24  
    0.856       0          1294.13        2517.51         3605.50         4506.96  
    0.863       0          1314.16        2485.98         3396.63         4531.48  
    0.869       765.70          1704.89        2756.54         3868.62         4803.48  
    0.875       699.07          1695.69        2740.54         3848.29         4860.01  
    0.881       720.91          1808.16        2671.45         3723.07         4965.78  
    0.888       143.43          1445.47        2792.18         3397.47         5020.67  
    0.894       0.29          1191.80        2304.85         3196.90         4646.50  
    0.900       0          1073.80        2216.25         3374.52         4539.24  
    0.906       905.58          1997.22        3322.81         4103.98         4595.51  
    0.913       1.85          1141.40        2218.29         3369.40         4393.07  
    0.919       0          899.37        2102.90         3398.31         4402.26  
    0.925       0          1086.75        1890.91         3334.89         4408.01  
    0.931       0          1297.82        1938.32         3294.34         4486.99  
    0.938       0          929.09        2147.80         3240.20         4326.92  
    0.944       0          1074.30        1956.60         3115.46         4266.73  
    0.950       0          1563.00        2184.80         3137.13         4364.34  
    0.956       0          1282.11        2153.38         3149.55         4481.70  
    0.963       772.27          1864.18        3090.03         3592.11         4840.08  
    0.969       693.62          1637.69        2876.45         3786.04         4911.23  
    