0.025       0          694.13        1097.99         2715.26         3632.35  
    0.031       0          752.98        1042.31         2584.23         3735.70  
    0.038       0          650.97        1128.62         2586.66         3735.54  
    0.044       337.37          739.18        2158.42         3176.62         3922.44  
    0.050       497.57          809.66        2627.47         3408.66         3953.77  
    0.056       486.58          812.37        2643.51         3431.62         3972.32  
    0.062       475.40          796.14        2653.98         3646.10         4078.14  
    0.069       472.61          798.57        2662.75         3666.67         4162.42  
    0.075       488.98          790.84        2668.84         3558.74         4139.43  
    0.081       495.31          821.06        2667.50         3467.65         4113.38  
    0.088       504.96          808.10        2679.09         3447.46         4107.00  
    0.094       542.64          756.32        2681.62         3465.44         4126.17  
    0.100       561.71          801.45        2707.28         3498.60         4412.77  
    0.106       560.80          978.69        2679.18         3497.92         4519.57  
    0.113       555.93          1169.82        2605.79         3518.93         4447.18  
    0.119       554.09          1305.74        2589.30         3621.64         4414.17  
    0.125       555.23          1401.91        2622.02         3739.65         5142.27  
    0.131       182.74          842.91        1888.78         3039.36         4383.33  
    0.138       0          551.82        1527.03         2686.75         3863.54  
    0.144       0          548.74        1558.79         2673.82         3899.42  
    0.150       0          547.10        1554.60         2687.00         3872.51  
    0.156       0          548.08        1543.36         2752.04         3842.67  
    0.163       0          554.49        1554.77         2871.82         3861.91  
    0.169       0          557.47        1560.35         3017.60         3910.20  
    0.175       0          551.72        1567.68         3119.44         3945.05  
    0.181       0          544.44        1613.32         3049.63         3954.45  
    0.188       359.40          1014.44        2245.64         3320.78         4410.48  
    0.194       539.44          1158.90        2560.11         3497.98         4616.42  
    0.200       533.00          1084.52        2537.27         3491.13         4588.48  
    0.206       522.39          1011.21        2540.65         3503.11         4525.11  
    0.213       511.27          871.73        2584.27         3547.63         4480.70  
    0.219       483.54          772.10        2638.79         3593.21         4447.87  
    0.225       455.51          755.00        2607.45         3533.11         4551.00  
    0.231       448.78          754.69        2563.76         3455.96         4578.00  
    0.238       451.48          740.10        2596.40         3457.00         4545.31  
    0.244       437.13          745.88        2703.02         3531.74         4512.19  
    0.250       430.87          750.03        2770.50         3684.03         4457.80  
    0.256       434.94          727.75        2803.18         3792.52         4447.26  
    0.263       438.22          713.78        2940.49         3930.75         4260.23  
    0.269       438.87          718.19        2892.98         3967.64         4200.30  
    0.275       455.79          703.17        2774.44         3957.31         4087.99  
    0.281       445.98          734.02        2739.19         3620.90         4082.70  
    0.288       433.09          781.80        2748.86         3607.00         4085.62  
    0.294       141.75          631.49        1311.36         3080.59         3968.76  
    0.300       0          181.19        198.74         1307.62         3077.35  
    0.306       0          380.58        752.94         1946.85         3494.18  
    0.312       0          186.43        766.98         2456.45         3915.93  
    0.319       385.30          424.88        1797.54         3354.12         4735.99  
    0.325       188.75          606.16        1494.44         3318.88         4320.43  
    0.331       0          578.63        941.48         3007.61         3918.73  
    0.338       0          577.45        1332.65         2876.62         3931.76  
    0.344       0          585.05        1531.96         2731.19         3946.33  
    0.350       0          595.10        1599.20         2740.35         3925.38  
    0.356       0          196.91        951.92         2527.66         3794.37  
    0.363       0          413.46        1138.78         2646.47         3903.60  
    0.369       0          602.23        1344.20         2743.54         4030.04  
    0.375       0          603.95        1736.14         2682.76         3968.38  
    0.381       136.03          587.68        2083.82         3257.95         4580.44  
    0.388       66.64          476.85        1953.07         3556.58         4588.39  
    0.394       0          442.87        1712.02         3270.36         4491.11  
    0.400       0          148.10        1170.74         2611.90         3703.89  
    0.406       0          0        814.23         2392.05         3331.49  
    0.413       0          0        756.38         2299.11         3387.65  
    0.419       0          0        942.94         2287.04         3521.92  
    0.425       0          0        919.78         2393.89         3888.90  
    0.431       0          561.63        1851.97         3362.51         4321.81  
    0.438       0          275.12        1495.85         2851.18         4158.29  
    