0.025       0          949.44        1904.04         3051.51         3826.40  
    0.031       475.67          698.25        2171.01         3762.18         5327.33  
    0.038       488.87          830.37        2401.83         3817.91         5078.57  
    0.044       513.05          880.27        2840.03         3843.89         4988.92  
    0.050       559.84          885.65        3031.38         3872.97         4966.22  
    0.056       616.75          860.10        2814.77         3850.89         4868.08  
    0.062       650.48          834.79        2798.04         3817.10         4850.84  
    0.069       675.46          838.78        2981.62         3791.70         4886.88  
    0.075       732.77          804.67        3308.37         3851.68         5071.80  
    0.081       743.05          890.60        3589.78         3917.45         5457.97  
    0.088       76.71          762.81        1590.05         3711.20         4139.63  
    0.094       0          757.34        1793.17         3704.98         4125.54  
    0.100       0          780.32        2038.02         3694.63         4779.01  
    0.106       0          80.77        932.89         2412.80         3878.24  
    0.113       0          0        820.80         2349.53         3844.09  
    0.119       0          754.45        2156.84         3692.84         3924.86  
    0.125       0          841.83        2228.61         3932.96         3971.86  
    0.131       738.46          965.43        2428.96         3882.37         4769.08  
    0.138       813.93          961.59        2358.94         3816.41         4867.33  
    0.144       83.86          834.95        2188.41         3826.96         4245.38  
    0.150       0          801.65        2133.25         3697.82         4034.03  
    0.156       0          790.69        2105.43         3778.30         3916.18  
    0.163       0          81.47        930.15         2470.39         3826.89  
    0.169       0          716.35        2134.40         3748.56         4715.18  
    0.175       0          810.45        2175.97         3954.25         4410.82  
    0.181       275.20          823.23        2383.77         3948.44         4780.10  
    0.188       31.66          821.50        1929.12         3896.24         4815.75  
    0.194       0          84.72        908.48         2142.02         3943.90  
    0.200       0          656.68        1504.31         3669.37         4458.03  
    0.206       0          722.55        1636.04         3872.50         4091.90  
    0.213       0          767.68        1840.60         3872.64         3981.94  
    0.219       0          778.93        1857.60         3868.89         3960.62  
    0.225       0          764.97        1960.56         3836.60         4325.05  
    0.231       0          766.36        2053.98         3856.87         4269.20  
    0.238       0          750.66        2065.60         3868.30         4197.11  
    0.244       0          715.76        2002.42         3831.27         4360.01  
    0.250       0          682.00        2057.84         3841.88         4284.72  
    0.256       0          70.01        808.79         3512.20         3932.46  
    0.263       225.26          597.84        2961.70         3873.17         4605.30  
    0.269       363.90          635.74        3017.76         3915.38         4832.41  
    0.275       421.79          643.58        2768.26         3906.16         4673.68  
    0.281       394.79          690.67        2699.45         3914.19         4638.92  
    0.288       373.38          756.50        2767.82         3949.32         4665.23  
    0.294       358.96          835.32        2778.99         3970.44         4728.20  
    0.300       396.74          803.09        2719.75         3947.41         4757.64  
    0.306       390.88          876.47        2684.94         3969.74         4767.83  
    0.312       357.81          1070.24        2730.13         4132.51         5424.55  
    0.319       36.54          436.49        1341.94         2969.42         4304.68  
    0.325       0          367.85        1267.95         2926.44         4152.19  
    0.331       0          387.33        1244.10         3029.44         4175.83  
    0.338       0          376.25        1300.05         2973.72         4187.47  
    0.344       0          350.26        1339.21         2889.82         4146.17  
    0.350       326.28          1268.91        2648.95         3961.77         4722.67  
    0.356       359.17          1359.86        3061.71         4192.41         4708.31  
    0.363       350.50          1308.86        2918.00         3855.69         4424.46  
    0.369       36.07          452.29        1477.52         2982.26         4275.36  
    0.375       378.27          1225.94        2605.93         3572.39         4395.94  
    0.381       43.52          136.83        886.78         1956.36         3782.86  
    0.388       0          760.12        1401.50         2809.77         4087.22  
    0.394       0          825.68        1544.31         2830.85         4062.98  
    0.400       0          803.88        1573.83         2705.21         4122.19  
    0.406       677.26          1292.25        2583.03         3961.19         5358.64  
    0.413       766.59          1376.00        2782.85         4057.77         5500.00  
    0.419       79.23          825.32        1544.49         3038.11         4116.24  
    0.425       681.02          1343.07        2755.64         3732.70         5340.81  
    0.431       78.35          997.98        1580.51         2971.89         3702.30  
    