0.025       0          1402.65        1796.42         3280.77         4222.21  
    0.031       1253.72          1725.08        2061.20         3529.25         4498.48  
    0.038       614.39          1617.85        2525.39         3901.52         5460.05  
    0.044       452.48          1537.42        2358.54         3672.76         5500.00  
    0.050       449.44          1321.22        2325.56         3691.87         5125.16  
    0.056       489.19          1148.66        2378.71         3950.36         5038.59  
    0.062       484.92          1068.18        2425.20         3622.82         5002.64  
    0.069       477.81          997.15        2439.54         3717.93         4975.77  
    0.075       485.26          957.44        2434.89         3905.59         4923.93  
    0.081       500.59          989.41        2414.99         4047.62         4994.23  
    0.088       510.58          1316.04        2366.83         4015.45         5479.71  
    0.094       520.84          1402.96        2383.80         3957.64         5500.00  
    0.100       533.51          1399.88        2393.62         3946.58         5174.32  
    0.106       540.56          1391.03        2399.03         3764.23         4880.47  
    0.113       546.31          1414.32        2387.85         3695.22         4779.58  
    0.119       548.82          1436.20        2406.92         3701.40         4689.64  
    0.125       553.63          1434.39        2433.71         3718.08         4636.14  
    0.131       558.57          1438.80        2454.99         3738.04         4606.14  
    0.138       561.31          1469.89        2489.15         3778.46         4567.53  
    0.144       566.33          1467.01        2491.75         3804.47         4519.61  
    0.150       570.07          1460.15        2473.78         3728.84         4603.56  
    0.156       575.52          1466.88        2475.66         3748.39         4697.34  
    0.163       575.68          1428.43        2474.23         3771.28         4608.20  
    0.169       563.07          1412.98        2494.81         3685.40         4646.14  
    0.175       553.43          1423.98        2518.36         3600.05         4597.12  
    0.181       544.96          1407.03        2507.64         3545.94         4492.58  
    0.188       516.02          1371.81        2495.32         3496.96         4487.59  
    0.194       502.69          1337.01        2492.45         3521.47         4565.33  
    0.200       485.37          1307.16        2482.79         3598.70         4557.87  
    0.206       464.97          1203.18        2469.85         3571.20         4543.68  
    0.213       474.90          969.05        2458.66         3536.57         4507.41  
    0.219       457.88          706.14        2463.16         3524.88         4523.61  
    0.225       362.50          726.04        2483.17         3473.18         4567.97  
    0.231       356.83          736.53        2479.61         3519.59         4507.56  
    0.238       358.60          720.67        2470.83         3511.35         4420.08  
    0.244       361.65          687.11        2461.28         3488.69         4413.00  
    0.250       343.95          662.48        2471.71         3506.80         4419.84  
    0.256       320.02          702.16        2472.78         3506.23         4441.68  
    0.263       331.63          632.31        2464.82         3518.46         4443.70  
    0.269       352.93          614.72        2492.55         3524.58         4425.87  
    0.275       339.16          662.03        2477.34         3514.51         4448.23  
    0.281       330.07          654.46        2471.25         3532.23         4476.92  
    0.288       304.05          664.33        2483.37         3563.49         4431.03  
    0.294       323.70          578.43        2511.59         3583.39         4416.18  
    0.300       317.45          630.14        2484.40         3540.13         4450.35  
    0.306       320.12          631.46        2504.70         3538.86         4467.47  
    0.312       341.25          496.98        2469.13         3526.61         4510.29  
    0.319       322.57          594.09        2487.59         3491.02         4577.88  
    0.325       12.99          24.15        403.51         2585.00         3568.16  
    0.331       0          338.34        2431.77         3274.42         4428.13  
    0.338       0          565.54        2677.60         3331.80         4474.21  
    