0.025       619.81          1075.90        2984.13         4989.49         5314.83  
    0.031       613.97          1070.61        3037.28         4969.82         5231.69  
    0.038       575.73          1086.73        3044.54         4861.07         5156.32  
    0.044       547.09          1130.40        3124.90         4697.49         5109.39  
    0.050       541.85          1132.69        3101.93         4459.09         5104.54  
    0.056       540.31          1108.68        3030.20         4340.21         5136.11  
    0.062       538.77          1102.18        2882.00         4302.79         5135.86  
    0.069       549.32          1090.41        2668.12         4228.08         5121.99  
    0.075       578.48          1072.06        2330.60         4142.88         5124.82  
    0.081       613.07          1084.32        2231.24         4060.39         5080.51  
    0.088       687.58          1069.93        2212.47         3941.14         4997.00  
    0.094       786.37          989.56        2160.99         3827.50         5024.73  
    0.100       843.36          1041.10        2130.45         3856.32         5100.51  
    0.106       706.75          1240.36        2142.80         3933.91         5019.46  
    0.113       623.86          1326.72        2147.71         3992.56         4971.93  
    0.119       597.39          1394.28        2155.99         3973.43         5017.04  
    0.125       601.43          1418.68        2161.45         3954.93         5128.79  
    0.131       596.83          1387.78        2203.12         3943.88         5163.51  
    0.138       590.31          1335.14        2204.94         3904.32         5144.62  
    0.144       583.22          1284.71        2188.79         3880.55         4976.99  
    0.150       568.77          1262.36        2181.92         3867.16         4926.24  
    0.156       553.28          1224.64        2160.50         3905.59         4941.01  
    0.163       544.05          1185.51        2141.64         3994.42         5026.91  
    0.169       525.59          1137.22        2083.98         4011.12         5004.51  
    0.175       512.17          1113.03        2084.09         3993.17         4956.46  
    0.181       515.52          1060.65        2136.08         3905.47         4961.46  
    0.188       530.78          1056.45        2171.48         3921.64         5000.01  
    0.194       525.77          1022.92        2390.01         3977.81         5024.31  
    0.200       497.01          976.53        2537.04         4039.65         5044.30  
    0.206       478.45          932.07        3114.49         4175.78         5041.47  
    0.213       473.79          904.41        3624.14         4397.38         5061.77  
    0.219       494.56          891.67        3487.37         4926.10         5429.04  
    0.225       517.31          839.92        3160.31         4787.01         5230.58  
    0.231       517.55          781.64        3225.39         4606.33         5083.15  
    0.238       84.51          547.56        1192.60         3877.40         4997.01  
    0.244       0          476.55        796.89         3675.63         4987.38  
    0.250       367.29          737.32        3038.97         4722.32         5416.31  
    0.256       445.74          777.28        3411.64         4907.81         5500.00  
    0.263       429.77          762.62        3534.80         4802.25         5116.89  
    0.269       414.54          766.17        3758.07         4482.04         5114.09  
    0.275       403.49          758.50        3443.13         4451.41         5087.32  
    0.281       385.62          745.38        3282.83         4567.79         5061.55  
    0.288       369.00          740.25        3224.19         4474.31         5102.35  
    0.294       358.41          723.74        3121.01         4470.96         5101.18  
    0.300       354.81          728.09        2940.33         4545.93         5115.00  
    0.306       348.03          723.79        3030.15         4713.29         5437.56  
    0.312       346.95          716.69        3149.18         4743.86         5500.00  
    0.319       347.12          725.58        3143.60         4706.21         5500.00  
    0.325       344.11          749.56        3101.61         4580.77         5343.91  
    0.331       336.29          746.05        3042.35         4621.94         5469.49  
    0.338       332.00          741.07        2975.89         4651.63         5500.00  
    0.344       338.88          747.19        3036.56         4620.94         5500.00  
    0.350       332.06          742.49        3003.83         4585.12         5500.00  
    0.356       327.14          736.81        2907.73         4209.89         5500.00  
    0.363       326.41          738.55        2924.87         4220.06         5500.00  
    0.369       324.64          743.27        2968.24         4509.70         5500.00  
    0.375       325.67          723.75        2903.71         4425.50         5500.00  
    0.381       326.29          720.37        2774.08         4351.86         5500.00  
    0.388       331.88          683.05        2800.58         4370.39         5500.00  
    0.394       310.50          647.37        2707.22         4284.52         5500.00  
    0.400       282.49          565.78        2697.62         4207.68         5500.00  
    0.406       232.17          676.66        2680.12         4021.03         5500.00  
    0.413       257.74          711.31        2627.10         3875.08         5500.00  
    0.419       233.72          711.70        2620.60         3849.44         5500.00  
    