0.025       547.50          1039.03        2575.42         3216.82         4285.77  
    0.031       557.48          1054.78        2574.01         3258.11         4256.48  
    0.038       568.21          1124.61        2568.12         3322.87         4056.17  
    0.044       581.50          1171.86        2568.46         3327.91         3848.28  
    0.050       613.52          1106.32        2575.57         3328.86         3803.28  
    0.056       638.23          1027.58        2589.12         3336.39         3814.44  
    0.062       616.74          1019.81        2583.60         3311.32         3860.86  
    0.069       580.32          1034.06        2572.48         3295.42         3862.61  
    0.075       574.84          1014.64        2586.26         3278.59         3736.93  
    0.081       579.18          986.29        2596.80         3244.64         3654.02  
    0.088       581.87          938.00        2585.45         3228.87         3671.99  
    0.094       600.62          760.51        2566.69         3241.32         3685.12  
    0.100       544.59          628.18        2557.92         3257.19         3692.99  
    0.106       539.71          691.84        2579.55         3278.36         3740.41  
    0.113       579.85          792.62        2619.29         3314.57         3835.45  
    0.119       556.24          831.34        2642.00         3327.86         3939.38  
    0.125       524.47          855.08        2646.29         3312.04         3990.50  
    0.131       488.12          891.59        2639.56         3300.42         3936.43  
    0.138       465.11          886.11        2631.56         3294.53         3807.35  
    0.144       454.44          707.21        2618.11         3310.02         3707.27  
    0.150       215.19          268.01        1479.62         2944.96         3496.68  
    0.156       0          0        452.85         2593.61         3308.63  
    0.163       0          0        455.17         2592.24         3232.64  
    0.169       0          0        461.78         2620.61         3231.55  
    0.175       0          0        495.38         2635.67         3260.85  
    0.181       0          0        543.23         2617.03         3262.86  
    0.188       146.81          252.57        1626.40         3010.48         3595.11  
    0.194       368.33          468.39        2603.68         3378.70         3870.12  
    0.200       441.54          518.36        2612.10         3412.71         3831.96  
    0.206       451.22          536.26        2628.81         3436.14         3838.59  
    0.213       454.06          472.38        2642.38         3410.60         3849.54  
    0.219       432.35          534.06        2626.82         3411.52         3812.76  
    0.225       409.33          648.55        2603.48         3488.30         3802.48  
    0.231       400.15          687.98        2619.17         3551.65         3913.23  
    0.238       406.79          695.73        2633.71         3562.36         4028.77  
    0.244       400.74          717.22        2641.72         3582.97         4072.46  
    0.250       403.49          687.89        2733.18         3686.16         4177.55  
    0.256       411.17          637.05        2751.68         3633.17         4344.09  
    0.263       405.27          640.28        2757.59         3421.12         4396.60  
    0.269       410.54          597.70        2806.09         3461.05         4377.51  
    0.275       419.47          542.90        2743.05         3584.32         4470.18  
    0.281       418.14          482.35        2717.15         3573.12         4524.24  
    