0.025       663.17          2166.84        2327.57         3369.60         5500.00  
    0.031       700.69          2109.66        2433.59         3314.67         5500.00  
    0.038       269.18          1836.21        2038.72         2957.13         4491.49  
    0.044       0          886.22        1890.84         2872.65         3970.68  
    0.050       272.59          773.52        2461.44         3118.97         4947.69  
    0.056       462.15          956.49        2754.35         3241.74         5500.00  
    0.062       178.23          655.11        1624.71         2936.74         4096.60  
    0.069       0          507.08        996.87         2763.23         3266.36  
    0.075       0          527.16        1017.47         2762.86         3243.35  
    0.081       338.05          820.36        2103.35         3044.94         4654.39  
    0.088       540.87          1026.05        2753.28         3224.51         5500.00  
    0.094       541.80          1072.22        2767.35         3230.58         5500.00  
    0.100       542.23          1096.07        2786.47         3233.34         5500.00  
    0.106       540.71          1101.90        2808.78         3230.56         5500.00  
    0.113       535.39          1095.31        2809.25         3226.25         5500.00  
    0.119       527.57          1075.79        2771.66         3218.48         5500.00  
    0.125       523.70          1046.34        2745.60         3204.95         5500.00  
    0.131       522.57          1011.74        2745.61         3203.34         5500.00  
    0.138       518.68          1000.41        2746.73         3210.29         5500.00  
    0.144       513.71          999.35        2739.09         3216.07         5500.00  
    0.150       510.33          1006.32        2732.32         3215.42         5500.00  
    0.156       508.04          1023.90        2732.30         3216.75         5500.00  
    0.163       501.66          1019.80        2725.60         3211.58         5500.00  
    0.169       497.20          995.10        2725.07         3205.01         5500.00  
    0.175       491.56          980.44        2722.93         3200.20         5500.00  
    0.181       482.36          987.10        2703.04         3199.60         5500.00  
    0.188       470.43          976.22        2687.84         3202.92         5500.00  
    0.194       456.98          962.68        2690.94         3206.71         4708.41  
    0.200       452.41          942.58        2717.98         3215.24         4301.90  
    0.206       454.16          916.93        2755.43         3214.22         5067.83  
    0.213       460.21          891.31        2767.08         3210.07         5500.00  
    0.219       460.45          852.03        2735.26         3208.12         5500.00  
    0.225       437.97          820.54        2722.61         3214.63         5500.00  
    0.231       406.51          814.55        2749.40         3224.61         5500.00  
    0.238       388.25          813.55        2739.57         3217.25         5500.00  
    0.244       391.12          832.97        2729.35         3215.66         5500.00  
    0.250       395.99          858.82        2739.59         3237.83         5500.00  
    0.256       377.50          866.82        2735.22         3267.39         5500.00  
    0.263       368.50          849.26        2737.22         3281.65         5500.00  
    0.269       390.09          830.21        2763.97         3302.34         5500.00  
    0.275       398.47          826.90        2772.97         3300.08         5445.60  
    0.281       371.14          836.02        2761.94         3263.02         5270.94  
    0.288       357.22          842.09        2762.56         3260.09         5383.26  
    0.294       362.28          820.30        2769.91         3262.88         5500.00  
    0.300       358.83          844.29        2793.87         3215.16         5500.00  
    0.306       362.52          902.83        2827.98         3209.73         5500.00  
    0.312       368.74          951.12        2831.87         3232.37         5500.00  
    0.319       357.80          910.37        2828.08         3242.01         5500.00  
    0.325       344.77          881.90        2820.96         3327.46         5290.68  
    0.331       379.68          963.84        2792.95         3435.68         5067.42  
    0.338       402.20          1160.87        2745.41         3620.76         4962.25  
    0.344       149.70          465.41        1745.13         3055.36         4234.20  
    0.350       156.82          841.46        2149.21         3424.91         4555.85  
    0.356       93.03          499.16        1805.95         3216.57         4259.46  
    0.363       383.88          791.05        2295.52         3573.92         4609.99  
    0.369       610.25          1373.57        2974.89         3985.09         5187.95  
    0.375       483.82          1399.95        3057.92         4089.09         5408.51  
    0.381       152.40          512.24        1937.42         3401.47         4607.20  
    0.388       301.63          844.37        2320.37         3613.31         4746.77  
    0.394       537.10          1359.73        2858.87         3975.02         5026.10  
    0.400       584.70          1384.43        2812.54         3931.75         4904.02  
    0.406       644.67          1412.52        2938.92         3929.39         4918.39  
    0.413       703.33          1404.28        3030.94         3967.97         4960.79  
    0.419       666.75          1397.07        2981.81         4041.07         5098.39  
    0.425       588.45          1393.63        2896.67         4075.22         5163.13  
    0.431       558.78          1407.03        2880.56         4087.93         5352.77  
    0.438       616.14          1417.33        2979.10         4130.60         5488.57  
    0.444       619.70          1416.49        2998.42         4140.79         5238.33  
    0.450       621.81          1425.82        2916.70         4141.84         5154.93  
    0.456       581.63          1430.53        2886.68         4123.76         5218.53  
    0.463       551.51          1413.93        2798.87         4001.15         5145.00  
    0.469       542.25          1448.46        2717.31         3875.12         5083.87  
    0.475       542.37          1556.36        2618.83         3852.93         5013.40  
    0.481       781.34          1338.96        2574.31         3877.93         4822.28  
    0.488       342.93          1259.32        2544.54         3700.06         4620.28  
    