0.025       736.98          1509.13        2878.26         3779.72         4892.45  
    0.031       806.43          1712.16        3042.29         3549.20         4857.80  
    0.038       389.45          1510.13        2727.43         3383.80         4763.37  
    0.044       0          1292.64        2387.16         3466.52         4711.41  
    0.050       0          1239.47        2265.22         3552.84         4723.00  
    0.056       0          1237.55        2225.05         3556.67         4783.99  
    0.062       323.99          1470.61        2539.54         3617.38         4859.05  
    0.069       665.09          1774.87        2966.40         3790.25         4913.54  
    0.075       327.73          1436.78        2562.28         3565.34         4719.17  
    0.081       309.51          1460.41        2564.49         3399.53         4750.98  
    0.088       629.55          1776.26        2911.37         3622.29         4942.09  
    0.094       743.96          1755.36        2795.75         3754.26         4907.56  
    0.100       830.03          1803.15        2845.65         3780.83         4968.38  
    0.106       748.71          1795.51        2791.36         3736.04         5040.49  
    0.113       296.45          793.68        1205.20         2740.73         3975.43  
    0.119       155.14          1019.08        1665.33         2988.22         4309.29  
    0.125       407.05          1830.31        2825.46         3762.62         5151.37  
    0.131       229.70          1597.73        2385.33         3666.43         5051.43  
    0.138       236.95          1578.22        2397.49         3739.21         4994.27  
    0.144       628.94          1641.37        2522.05         3824.03         4848.06  
    0.150       854.25          1660.32        2574.64         3793.59         4775.78  
    0.156       408.71          1391.15        2420.53         3607.48         4602.37  
    0.163       0          1187.68        2177.59         3458.59         4469.98  
    0.169       0          1270.59        2185.33         3370.90         4451.08  
    0.175       0          1300.27        2314.06         3369.55         4504.87  
    0.181       239.92          1510.50        2533.83         3568.32         4739.55  
    0.188       197.11          1350.97        2001.54         3358.69         4615.55  
    0.194       416.78          1381.54        2236.36         3555.67         4832.92  
    0.200       774.43          1715.79        2913.39         3942.88         5182.11  
    0.206       852.63          1805.75        2917.07         3797.01         5044.16  
    0.213       408.89          821.12        2011.30         3057.36         4187.03  
    0.219       0          0        1369.28         2554.74         3594.68  
    0.225       0          764.63        1940.50         3158.57         4291.19  
    0.231       372.69          1699.00        2569.81         3750.07         5041.13  
    0.238       685.24          1837.87        2775.32         3804.28         5204.84  
    0.244       521.44          1693.00        2817.20         3823.70         5112.66  
    0.250       493.30          1649.07        2834.32         3849.27         4968.84  
    0.256       648.83          1850.61        3026.18         4018.79         5236.36  
    0.263       536.79          1827.03        2951.17         3925.57         5111.17  
    0.269       608.23          1694.39        2846.07         3825.52         4890.35  
    0.275       704.47          1775.36        2989.19         3940.84         4914.80  
    0.281       560.53          1846.91        3251.10         3865.60         4810.46  
    0.288       221.97          1180.68        2658.24         3465.82         4512.37  
    0.294       0          725.14        2045.88         3060.99         4272.63  
    0.300       0          366.26        1604.16         2540.57         3942.02  
    0.306       0          364.41        1544.58         2769.58         4045.46  
    0.312       390.78          1306.43        2406.32         3591.79         4604.34  
    0.319       702.29          1845.83        2778.89         3844.61         4805.71  
    0.325       703.45          1799.17        2601.40         3869.51         4766.27  
    0.331       610.96          1913.37        2699.06         3983.83         4868.37  
    0.338       238.54          1217.80        2542.27         3641.31         4608.20  
    0.344       0          587.56        2251.65         3243.65         4328.79  
    0.350       299.77          1048.18        2427.54         3634.59         4977.68  
    0.356       550.27          1241.56        2657.40         3968.41         5500.00  
    0.363       249.75          819.01        2035.41         3479.05         4617.16  
    0.369       306.81          702.42        2184.21         3690.32         4293.30  
    0.375       252.07          364.29        1565.24         3231.71         3976.86  
    0.381       0          0        579.15         2336.86         3442.30  
    0.388       304.63          389.44        1800.25         3056.82         4345.76  
    0.394       521.86          850.66        2709.93         3770.58         4936.71  
    0.400       223.13          436.01        1493.62         2886.08         4217.46  
    0.406       0          325.72        1395.41         2990.62         4215.27  
    0.413       0          591.45        2059.56         3500.78         4488.14  
    0.419       0          571.39        2149.33         3355.16         4526.47  
    0.425       0          577.13        2310.29         3391.26         4557.87  
    0.431       0          582.42        2268.05         3498.45         4697.74  
    0.438       0          547.39        2115.13         3534.25         4918.13  
    0.444       0          493.52        2050.06         3415.14         4641.74  
    0.450       236.83          1169.14        2248.44         3349.33         4604.47  
    0.456       417.73          1736.37        2584.53         3608.82         4911.13  
    0.463       401.66          1918.66        3217.93         3833.56         5280.36  
    0.469       179.37          1168.02        2813.92         3748.32         5099.93  
    0.475       0          434.53        2117.13         3505.68         4700.81  
    0.481       0          437.14        2087.01         3385.57         4587.73  
    0.488       196.30          1098.17        2482.11         3608.97         4741.76  
    0.494       348.72          1603.69        2843.53         3788.69         4841.83  
    0.500       352.39          1554.11        2809.38         3745.44         4838.83  
    0.506       359.82          1673.82        2762.87         3635.34         4910.85  
    0.513       348.39          1814.27        2780.72         3559.89         5003.93  
    0.519       293.14          1830.03        2782.30         3638.97         4965.03  
    0.525       215.94          1774.33        2823.08         3917.83         4878.43  
    0.531       174.52          1715.70        2823.69         4089.79         4818.24  
    0.537       75.13          766.39        2223.66         3354.47         4224.08  
    0.544       0          0        1788.02         2809.30         3921.43  
    0.550       101.78          1141.99        2518.12         3442.58         4623.93  
    0.556       155.24          1908.77        2825.34         3812.19         5041.53  
    0.562       182.26          1754.31        2741.75         3766.03         4945.73  
    0.569       212.38          1765.61        3035.92         3819.61         4818.96  
    0.575       91.18          804.66        2320.73         3071.29         4142.20  
    0.581       0          0        1383.32         2402.60         3744.55  
    0.588       0          706.60        1747.63         2766.46         4123.19  
    0.594       0          580.51        1905.24         2944.76         4181.58  
    0.600       0          0        1595.44         2828.08         3933.07  
    0.606       0          810.91        1875.99         3120.81         4164.82  
    0.613       0          1478.03        2120.39         3411.70         4400.72  
    0.619       0          666.96        1743.08         2840.43         3992.51  
    0.625       0          796.84        2069.19         2915.24         3965.49  
    0.631       0          1436.90        2425.75         3362.44         4256.76  
    0.638       0          1291.02        2187.41         3345.92         4304.09  
    0.644       0          1164.81        2070.24         3363.00         4288.39  
    0.650       0          1233.68        2091.19         3313.00         4323.09  
    0.656       367.75          1516.06        2545.59         3705.26         4725.02  
    0.663       641.40          1733.97        2848.30         4008.73         5034.45  
    0.669       676.78          1823.18        2889.67         3954.72         5026.36  
    0.675       672.89          1783.29        2849.54         3992.86         5015.48  
    0.681       511.59          1677.89        2755.63         3956.52         4989.88  
    0.688       186.85          743.66        1933.51         3105.48         4192.20  
    0.694       488.40          1039.60        2101.80         3219.97         4623.80  
    0.700       781.10          1770.23        2846.49         3907.94         5500.00  
    0.706       619.41          1705.97        2901.57         4061.93         5500.00  
    0.713       252.50          1402.00        2462.93         3791.50         4839.81  
    0.719       0          971.52        1996.66         3422.76         4280.28  
    0.725       0          957.79        1939.74         3199.11         4279.61  
    0.731       454.34          1567.99        2529.20         3709.60         4603.41  
    0.738       807.51          1942.91        2993.98         4370.02         4961.76  
    0.744       833.39          1373.30        2754.68         3967.24         4892.29  
    0.750       497.74          1352.84        2473.41         3585.86         4789.02  
    0.756       87.21          1420.58        2368.31         3576.38         4740.38  
    0.763       0          1181.80        2332.16         3461.82         4536.81  
    0.769       0          1108.20        2314.57         3362.67         4452.17  
    0.775       448.88          1501.38        2588.96         3785.08         4964.14  
    0.781       753.96          1829.86        2962.70         4238.89         5436.62  
    0.788       316.45          811.97        2305.66         3592.31         4733.11  
    0.794       0          0        1625.19         2800.80         3901.93  
    0.800       0          813.62        2014.00         3236.42         4517.79  
    0.806       366.68          1645.22        2527.28         3820.45         5050.49  
    0.812       681.68          1748.69        2648.69         3913.21         4838.97  
    0.819       312.55          1548.97        2498.65         3647.13         4448.17  
    0.825       464.33          1531.39        2635.28         3736.59         4917.92  
    0.831       807.95          1722.53        2938.51         4100.80         5500.00  
    0.838       735.14          1738.33        2917.04         4144.57         5438.88  
    0.844       316.11          1300.05        2397.02         3674.40         4885.36  
    0.850       250.31          1376.68        2509.66         3566.44         4726.79  
    0.856       223.15          1626.57        2919.10         3920.06         5008.44  
    0.863       303.82          1664.91        3080.76         4068.25         5026.87  
    0.869       508.53          1794.24        3201.08         3951.04         4981.48  
    0.875       511.42          1852.24        3040.46         3883.98         4999.67  
    0.881       531.01          1963.22        2628.38         3834.73         5000.96  
    0.888       563.04          2128.58        2610.33         3802.59         4853.85  
    0.894       473.67          1967.54        2772.31         3803.12         4754.45  
    0.900       171.92          1567.18        2569.29         3687.29         4758.08  
    0.906       0          1242.09        2208.41         3611.41         4585.13  
    0.913       370.29          1416.69        2508.73         3727.12         4700.69  
    0.919       573.35          1660.66        2899.38         3847.40         4985.99  
    0.925       557.74          1780.77        2868.77         3826.47         5013.56  
    0.931       276.56          1546.29        2605.01         3438.58         4608.66  
    0.938       0          1256.22        2394.40         3560.92         4108.55  
    0.944       0          1246.76        2438.07         3864.60         4647.67  
    0.950       0          1200.07        2514.00         3835.45         4884.60  
    0.956       0          1225.90        2430.10         3689.50         4700.14  
    0.963       0          1180.05        2334.31         3517.93         4524.91  
    0.969       0          1058.51        2339.48         3480.09         4218.56  
    0.975       0          1229.56        2373.28         3761.28         4374.40  
    0.981       453.11          1515.03        2493.04         3958.99         4852.80  
    0.988       899.69          2014.98        3118.99         3744.22         5112.55  
    0.994       433.31          1671.58        2767.31         3411.76         4722.76  
    1.000       0          1162.41        1914.95         3178.01         4379.69  
    1.006       0          1292.37        2191.52         3098.20         4489.08  
    1.012       295.43          1503.29        2674.58         3425.50         4703.75  
    1.019       466.39          1607.41        2790.76         3729.40         4842.84  
    1.025       597.16          1629.16        2922.46         3750.51         4889.22  
    1.031       734.86          1672.70        2811.52         3633.94         4830.53  
    1.038       461.07          1645.09        2706.58         3775.85         4838.49  
    1.044       568.99          1689.54        2950.04         4171.07         5226.11  
    1.050       375.42          1391.79        2455.66         3701.08         4854.83  
    1.056       0          1219.39        2073.45         3266.43         4370.46  
    1.062       0          1544.67        2176.26         3368.00         4714.73  
    1.069       0          1626.36        2283.10         3516.86         4941.88  
    1.075       0          1409.72        2284.30         3549.69         4831.02  
    1.081       0          1248.43        2167.34         3370.21         4527.85  
    1.088       0          1254.67        2096.48         3233.40         4365.80  
    1.094       0          1381.46        1973.02         3320.72         4585.75  
    