0.025       0          835.17        2244.65         3518.28         4657.84  
    0.031       0          812.77        2123.02         3563.38         4690.25  
    0.038       0          763.84        2008.32         3501.67         4682.78  
    0.044       0          628.21        2222.20         3327.19         4610.05  
    0.050       310.20          513.75        2492.80         4139.72         5222.69  
    0.056       407.58          639.08        2664.07         4534.90         5500.00  
    0.062       118.35          516.57        1330.19         3419.75         4842.84  
    0.069       320.91          675.95        2279.26         4003.48         5215.31  
    0.075       139.02          562.11        1448.52         3413.81         4786.48  
    0.081       0          469.43        802.82         3078.19         4470.77  
    0.088       0          472.10        807.08         3092.93         4558.63  
    0.094       0          474.19        810.23         3138.40         4622.06  
    0.100       0          471.62        811.71         3096.93         4662.87  
    0.106       0          455.58        806.79         3047.89         4664.45  
    0.113       309.68          683.45        2295.15         4177.14         4793.35  
    0.119       447.45          788.15        2591.24         4131.68         4744.87  
    0.125       454.73          797.93        2297.56         3900.52         4689.88  
    0.131       463.36          809.65        2249.06         3928.03         4820.97  
    0.138       467.48          812.98        2333.20         4025.85         4866.74  
    0.144       468.06          811.78        2554.72         4161.86         4901.37  
    0.150       468.30          813.43        2931.33         4201.81         4992.96  
    0.156       469.60          819.80        3247.68         4253.06         4816.26  
    0.163       470.94          826.41        3169.49         4060.36         4732.55  
    0.169       473.15          833.43        3164.52         3990.70         4827.22  
    0.175       470.65          840.07        3047.99         4009.97         4873.02  
    0.181       457.46          845.99        3040.34         4147.88         4957.91  
    0.188       439.40          850.82        3114.71         4502.07         4886.84  
    0.194       426.88          852.07        3200.38         4263.27         4751.28  
    0.200       421.46          849.82        3330.48         3896.73         4732.19  
    0.206       417.95          845.81        3602.15         4446.91         5270.48  
    0.213       407.64          842.20        3675.30         4665.02         5500.00  
    0.219       396.51          831.32        3593.24         4621.73         5500.00  
    0.225       394.06          801.99        3535.05         4592.27         5500.00  
    0.231       391.64          776.62        3593.64         4418.07         4939.85  
    0.238       384.28          766.82        3649.56         4338.36         4747.52  
    0.244       377.08          756.00        3657.35         4307.88         4761.94  
    0.250       369.66          746.59        3667.22         4270.22         4744.55  
    0.256       362.55          741.78        3681.27         4167.87         4781.75  
    0.263       358.40          735.90        3677.69         4342.41         4772.74  
    0.269       355.58          725.60        3667.73         4424.86         4798.57  
    0.275       352.61          715.67        3662.34         4497.80         4859.24  
    0.281       348.53          707.16        3635.77         4403.13         4907.77  
    0.288       344.37          698.74        3572.83         4271.60         4932.94  
    0.294       340.73          691.73        3440.45         4488.71         4919.17  
    0.300       337.74          683.75        3385.58         4429.53         4906.97  
    0.306       333.56          671.69        3446.03         4072.96         4879.83  
    0.312       327.45          659.01        3440.32         4023.26         4841.22  
    0.319       321.20          649.55        3458.03         4196.95         4878.93  
    0.325       316.48          637.46        3463.89         4318.70         4949.09  
    0.331       311.59          644.12        3274.64         4587.18         4965.52  
    0.338       304.51          652.36        3061.53         4692.66         4954.58  
    0.344       299.90          651.30        3095.87         4766.51         4854.21  
    0.350       301.01          651.62        3262.51         4808.33         4931.27  
    0.356       297.96          651.06        3255.46         4780.95         4866.07  
    0.363       289.97          652.92        3257.73         4725.86         5293.10  
    0.369       290.31          663.95        3179.52         4683.90         5500.00  
    0.375       291.18          675.01        3065.61         4678.15         5160.37  
    0.381       292.10          673.71        3019.52         4503.55         4945.49  
    0.388       294.67          662.40        2946.49         4437.91         4979.00  
    0.394       300.32          658.39        2812.57         4372.46         5022.71  
    0.400       305.11          653.84        2802.83         4325.75         5052.10  
    0.406       310.69          634.59        2907.47         4434.47         5367.53  
    0.413       314.81          596.29        2812.52         4287.52         5247.74  
    0.419       336.54          515.53        2733.33         4134.15         5263.70  
    0.425       355.84          433.90        2628.47         4022.66         5227.92  
    0.431       108.91          124.29        1041.23         3014.23         4297.62  
    0.438       0          0        369.64         2815.77         4007.96  
    0.444       0          0        383.81         2937.69         4096.62  
    0.450       0          0        392.82         2494.20         4005.64  
    0.456       0          252.69        1591.95         3393.40         4684.95  
    0.463       0          358.21        2040.22         3251.75         4461.47  
    0.469       238.48          507.44        2699.45         3900.12         5115.55  
    0.475       103.31          173.15        906.29         1587.92         3767.62  
    0.481       0          238.63        1637.55         2262.90         3844.51  
    0.488       0          103.38        709.41         1291.99         3276.37  
    0.494       0          455.07        1235.42         2243.70         3971.75  
    