0.025       618.07          619.90        2584.60         3508.91         4638.74  
    0.031       600.57          624.78        2613.87         3505.89         4560.57  
    0.038       538.16          694.88        2626.77         3491.44         4386.00  
    0.044       516.51          711.52        2659.67         3484.36         4522.50  
    0.050       524.65          643.54        2671.07         3492.31         4599.44  
    0.056       537.77          568.57        2642.50         3507.45         4398.85  
    0.062       375.14          593.46        2574.72         3524.88         4364.55  
    0.069       339.14          644.15        2547.75         3508.83         4412.99  
    0.075       418.69          671.00        2583.50         3477.31         4361.51  
    0.081       460.58          671.25        2657.08         3477.95         4158.99  
    0.088       496.80          652.16        2657.08         3505.87         4252.83  
    0.094       481.12          622.79        2592.62         3519.00         4398.03  
    0.100       165.67          218.25        1289.11         2882.33         3851.48  
    0.106       0          0        562.89         2534.40         3536.73  
    0.113       0          0        551.79         2613.40         3554.43  
    0.119       0          0        546.89         2609.16         3580.79  
    0.125       0          0        538.97         2602.25         3576.59  
    0.131       0          335.27        1773.52         3194.00         3595.93  
    0.138       0          514.42        2508.01         3583.46         3634.06  
    0.144       0          182.31        1228.05         2956.99         3616.20  
    0.150       0          0        507.34         2533.43         3576.48  
    0.156       0          0        509.90         2495.70         3562.58  
    0.163       0          0        502.09         2495.94         3564.08  
    0.169       0          0        494.90         2575.94         3508.40  
    0.175       198.71          312.33        1918.08         3164.56         3652.91  
    0.181       409.78          485.12        2622.66         3444.73         3732.68  
    0.188       335.48          481.76        2558.92         3436.97         3720.17  
    0.194       93.98          171.47        1219.10         2911.71         3555.48  
    0.200       177.38          308.47        1971.84         3161.28         3849.06  
    0.206       379.39          481.20        2776.72         3445.19         4114.63  
    0.213       442.59          516.36        2829.85         3429.49         4165.46  
    0.219       441.64          527.58        2804.05         3431.62         4068.38  
    0.225       416.26          543.61        2747.77         3414.24         4223.97  
    0.231       428.82          518.71        2724.13         3412.36         4546.25  
    0.238       447.57          475.49        2679.49         3421.92         4644.72  
    0.244       424.08          496.73        2747.03         3420.13         4753.94  
    0.250       409.64          502.88        2874.59         3436.92         4778.15  
    0.256       358.53          488.01        2952.96         3465.59         4690.88  
    0.263       117.90          172.75        1354.59         3124.67         3893.96  
    0.269       0          0        443.42         2905.32         3477.12  
    0.275       267.52          292.85        1824.80         3254.59         3938.16  
    0.281       410.29          450.26        2525.74         3465.02         4251.10  
    0.288       356.18          420.12        2613.23         3534.07         4308.79  
    0.294       229.75          407.34        2718.62         3636.64         4509.27  
    0.300       62.57          396.08        2581.44         3679.95         5018.23  
    0.306       0          403.48        2437.65         3560.46         4606.29  
    0.312       0          420.03        2363.42         3469.69         4394.62  
    0.319       0          420.04        2328.43         3437.52         4518.73  
    0.325       0          414.12        2383.51         3407.25         4425.92  
    0.331       0          398.14        2386.22         3400.43         4436.71  
    0.338       0          139.39        1089.52         2806.24         3836.85  
    0.344       0          0        379.95         2435.97         3515.04  
    0.350       0          0        385.23         2578.39         3644.87  
    0.356       0          265.99        1780.21         3229.60         4053.46  
    0.363       0          412.53        2470.06         3487.55         4350.17  
    0.369       0          147.09        1105.07         2767.51         3808.11  
    0.375       0          0        341.98         2401.10         3451.42  
    0.381       0          0        249.91         2336.75         3423.18  
    