0.025       547.70          1025.38        2502.76         3516.86         5500.00  
    0.031       546.50          997.94        2654.17         3534.97         5500.00  
    0.038       555.26          980.62        2814.02         3545.62         5343.51  
    0.044       570.56          989.25        2868.37         3530.99         5191.28  
    0.050       591.03          985.95        2938.91         3525.73         5193.40  
    0.056       593.76          969.98        3055.65         3528.83         5186.14  
    0.062       597.82          965.66        3080.27         3530.29         5144.47  
    0.069       624.45          981.06        3060.09         3546.90         5110.68  
    0.075       632.17          955.69        3096.87         3546.49         5099.13  
    0.081       566.32          915.77        3103.75         3531.31         5102.02  
    0.088       458.93          913.40        3046.49         3524.29         5101.84  
    0.094       502.69          915.72        3008.57         3506.09         5106.27  
    0.100       578.83          869.17        2979.09         3496.14         5088.01  
    0.106       557.90          833.94        2938.96         3506.15         5065.55  
    0.113       526.55          842.77        2965.89         3514.16         5064.20  
    0.119       399.34          834.06        3003.21         3502.47         5074.03  
    0.125       136.16          366.74        1790.08         3170.02         4182.87  
    0.131       0          0        805.70         2936.75         3449.77  
    0.138       129.19          450.60        2009.24         3217.42         4274.04  
    0.144       238.16          800.18        2998.44         3433.28         4946.04  
    0.150       241.27          764.25        3010.81         3467.93         4957.85  
    0.156       290.42          724.86        2916.19         3513.51         4972.16  
    0.163       147.58          316.64        1612.98         3143.57         4173.67  
    0.169       0          0        570.51         2817.58         3515.74  
    0.175       0          0        503.29         2826.18         3503.97  
    0.181       0          0        465.75         2912.81         3509.21  
    0.188       132.55          224.30        1935.00         3289.74         4343.85  
    0.194       308.64          529.29        3244.13         3553.07         5010.39  
    0.200       162.72          281.00        1695.05         3315.80         4216.29  
    0.206       0          0        370.93         3063.49         3584.75  
    0.213       0          203.45        1798.67         3355.56         4373.50  
    0.219       0          369.53        2873.60         3635.59         4965.78  
    0.225       0          165.70        1454.87         3278.48         4222.85  
    0.231       0          0        371.12         2999.68         3654.99  
    0.238       0          0        386.14         3021.44         3671.84  
    0.244       178.07          210.62        1861.80         3425.31         4396.05  
    0.250       143.64          169.90        1551.94         3304.16         4308.54  
    0.256       0          213.58        1656.62         3412.67         4342.39  
    0.263       0          371.61        2636.99         3788.07         4787.82  
    0.269       0          392.57        2529.50         3801.97         4823.63  
    0.275       111.83          391.93        2496.50         3822.91         5005.98  
    0.281       284.74          664.09        2512.70         3821.53         5165.86  
    0.288       349.20          981.29        2559.32         3842.91         5366.44  
    0.294       155.10          660.89        2202.88         3205.92         4640.40  
    0.300       217.00          506.51        2331.22         3296.65         4619.40  
    0.306       175.04          282.42        1545.60         3178.23         4423.11  
    0.312       0          0        652.33         2668.64         3854.35  
    0.319       192.92          447.71        1765.96         3372.72         4391.02  
    0.325       329.16          926.98        2655.51         3975.16         4974.60  
    0.331       338.92          1006.57        2667.21         4011.84         5266.03  
    0.338       392.10          938.94        2607.00         3978.10         5118.34  
    0.344       186.84          399.42        1432.70         3151.45         4363.69  
    0.350       251.78          676.13        1770.01         3325.76         4573.18  
    0.356       473.73          1402.16        2752.34         4029.34         5142.45  
    0.363       497.69          1505.62        2710.43         4067.52         5102.67  
    0.369       478.64          1376.47        2687.69         3981.48         5018.81  
    