0.025       489.67          845.44        3076.25         3448.41         5500.00  
    0.031       481.97          841.07        3073.43         3456.22         5500.00  
    0.038       481.99          837.11        3110.95         3392.46         5500.00  
    0.044       518.96          840.42        2844.05         3318.41         5500.00  
    0.050       558.17          1218.12        2432.47         3357.28         5500.00  
    0.056       275.05          1056.54        1992.21         3047.95         4853.58  
    0.062       0          637.99        1731.35         2702.29         4206.12  
    0.069       0          678.13        1809.15         2636.26         4159.23  
    0.075       0          615.48        1798.05         2518.48         4173.04  
    0.081       293.25          1083.65        2076.03         3160.83         4571.51  
    0.088       580.71          1578.70        2393.33         3744.15         4937.68  
    0.094       597.62          1586.15        2408.70         3736.44         4951.78  
    0.100       609.00          1595.03        2428.90         3878.62         5236.28  
    0.106       617.96          1646.61        2483.94         3956.02         5500.00  
    0.113       300.32          1137.82        2152.78         3259.34         4750.73  
    0.119       0          631.53        1825.11         2631.06         4106.75  
    0.125       329.67          1240.32        2262.47         3465.16         4358.11  
    0.131       636.89          1787.38        2626.83         4009.72         4575.64  
    0.138       627.17          1717.77        2557.32         3750.55         4638.42  
    0.144       613.58          1647.26        2496.78         3711.82         4696.99  
    0.150       605.21          1633.34        2464.17         3793.53         4690.06  
    0.156       601.44          1632.75        2445.45         3897.41         4646.07  
    0.163       598.88          1599.56        2410.46         3974.52         4647.72  
    0.169       592.33          1550.87        2365.72         4073.53         4552.03  
    0.175       582.94          1522.76        2344.97         4013.79         4454.33  
    0.181       575.57          1512.73        2344.89         3770.98         4499.66  
    0.188       568.99          1491.67        2338.09         3627.26         4548.05  
    0.194       565.24          1480.22        2304.52         3577.40         4516.58  
    0.200       566.16          1485.58        2258.71         3529.36         4482.27  
    0.206       568.72          1516.29        2193.32         3556.00         4465.68  
    0.213       568.20          1519.37        2107.66         3570.57         4395.49  
    0.219       570.92          1456.51        2109.45         3537.97         4462.34  
    0.225       278.26          1099.69        2181.08         3413.33         4387.93  
    0.231       0          832.61        2234.85         3159.25         4193.91  
    0.238       344.17          844.55        2312.74         3380.89         4275.27  
    0.244       322.69          805.04        2346.88         3202.50         4218.34  
    0.250       0          711.88        2218.87         2571.99         4066.44  
    0.256       0          575.32        2013.15         2474.46         4042.88  
    0.263       236.96          1033.06        2047.36         2993.97         4384.18  
    0.269       456.80          1409.45        2138.82         3424.58         4732.50  
    0.275       455.11          1330.19        2050.77         3350.53         4702.55  
    0.281       443.66          1294.60        2040.65         3358.41         4663.10  
    0.288       420.01          1177.68        2079.03         3438.38         4756.19  
    0.294       396.15          1106.11        2088.12         3431.23         4848.35  
    0.300       379.51          1092.14        2169.83         3421.08         4824.15  
    0.306       367.28          1069.38        2299.40         3491.62         4812.99  
    0.312       357.95          1101.06        2485.45         3415.28         4855.67  
    0.319       348.55          1253.09        2259.49         3206.38         4887.25  
    0.325       165.44          845.15        1764.63         3114.61         4724.85  
    0.331       0          384.04        1682.00         3146.10         4519.05  
    0.338       82.53          401.01        2379.10         3268.64         4834.78  
    0.344       77.38          197.17        1642.10         3081.57         4063.65  
    0.350       0          0        404.53         2626.75         3111.64  
    0.356       0          210.95        1209.53         2760.69         4128.55  
    0.363       0          197.79        1151.99         2926.26         4020.58  
    0.369       0          0        392.38         2677.65         3159.58  
    0.375       0          0        393.88         2627.28         3172.55  
    0.381       0          0        401.03         2703.54         3109.94  
    0.388       135.22          227.12        1626.82         2911.52         4119.30  
    0.394       263.22          470.00        2827.78         3094.89         5068.78  
    0.400       252.39          537.67        2842.83         3165.30         5012.51  
    0.406       213.49          566.56        2711.78         3306.94         5003.97  
    0.413       202.31          567.54        2813.44         3398.45         5133.33  
    0.419       208.86          544.14        2989.85         3223.91         5185.81  
    0.425       97.76          248.98        1673.59         3005.68         4192.41  
    0.431       0          0        450.81         2951.70         3469.69  
    0.438       0          0        339.04         2928.75         3379.93  
    0.444       84.66          430.58        1663.51         3002.44         4006.47  
    0.450       79.38          403.72        1672.19         2829.94         3968.95  
    0.456       0          214.91        1471.04         2895.81         4112.95  
    0.463       0          488.62        2507.98         3146.65         4948.19  
    