0.025       0          881.60        1809.11         2450.92         3344.05  
    0.031       0          823.01        1736.28         2461.35         3269.73  
    0.038       0          764.43        1582.29         2510.07         3232.57  
    0.044       0          742.55        1548.51         2546.92         3473.30  
    0.050       0          740.75        1531.62         2561.33         3673.23  
    0.056       0          738.20        1551.39         2588.71         3661.02  
    0.062       0          697.42        1512.46         2613.81         3561.52  
    0.069       441.11          1189.56        2233.95         3189.55         4812.27  
    0.075       725.64          1483.87        2640.89         3497.85         5117.89  
    0.081       679.51          1504.72        2658.66         3582.85         4564.32  
    0.088       614.69          1491.33        2639.28         3640.54         4119.99  
    0.094       674.68          1467.53        2600.27         3598.79         4075.90  
    0.100       778.58          1443.67        2599.55         3447.67         4184.80  
    0.106       773.86          1422.09        2618.23         3467.55         4164.45  
    0.113       716.15          1548.34        2618.34         3444.02         4091.70  
    0.119       719.62          1569.40        2618.98         3411.84         4105.52  
    0.125       709.20          1482.74        2597.20         3577.29         4171.12  
    0.131       649.90          1433.86        2594.62         3549.89         4436.07  
    0.138       582.08          1418.20        2609.43         3438.87         4637.83  
    0.144       579.48          1431.94        2616.37         3440.49         4693.16  
    0.150       582.96          1479.22        2603.75         3490.65         4714.27  
    0.156       538.71          1563.21        2594.33         3592.03         4744.86  
    0.163       527.85          1564.88        2600.22         3628.33         4718.04  
    0.169       629.44          1582.35        2586.30         3684.51         4708.30  
    0.175       554.06          1588.48        2526.62         3803.63         4831.51  
    0.181       557.36          1539.18        2463.12         3861.63         4869.90  
    0.188       769.80          1578.79        2538.60         3887.61         4919.07  
    0.194       802.81          1620.37        2683.06         3861.37         5112.09  
    0.200       717.91          1577.94        2718.11         3799.67         5394.74  
    0.206       683.95          1580.79        2738.33         3782.28         5333.19  
    0.213       523.98          1627.93        2740.74         3762.47         5202.43  
    0.219       434.67          1557.15        2744.43         3808.78         5388.74  
    0.225       460.68          1071.63        2713.64         3790.22         5364.97  
    0.231       484.56          795.82        2650.40         3799.00         5085.38  
    0.238       484.69          792.19        2667.91         3853.40         4932.91  
    0.244       496.97          824.51        2829.14         3803.42         4953.12  
    0.250       524.46          844.10        2837.45         3787.72         4959.04  
    0.256       568.71          852.92        2865.08         3813.28         4926.61  
    0.263       623.14          842.52        2978.69         3812.26         4887.90  
    0.269       679.80          798.50        3082.56         3808.87         4872.14  
    0.275       711.07          773.45        3180.32         3790.00         4813.24  
    0.281       717.54          770.32        3189.87         3774.02         4774.42  
    0.288       731.17          752.12        3282.67         3788.01         4792.51  
    0.294       686.00          798.93        3539.53         3805.04         4813.59  
    0.300       647.48          830.53        3650.24         3812.29         4805.78  
    0.306       670.83          803.98        3717.31         3799.61         4773.51  
    0.312       689.96          777.92        3768.99         3857.99         4695.27  
    0.319       240.68          764.84        2890.20         3811.50         4680.95  
    0.325       0          264.75        1329.67         2969.52         4054.35  
    0.331       152.58          480.13        2124.83         3319.71         4390.92  
    0.338       527.67          736.64        3177.05         3794.89         4822.17  
    0.344       626.20          763.45        3631.54         3829.68         4839.48  
    0.350       576.00          770.91        3427.77         3829.54         4775.68  
    0.356       550.27          745.25        3216.82         3841.14         4672.20  
    0.363       481.00          725.11        3475.40         3839.24         4650.04  
    0.369       460.18          696.34        3293.72         3863.66         4729.40  
    0.375       464.53          699.74        3248.51         3868.21         4684.72  
    0.381       421.96          728.69        3638.33         3900.23         4590.70  
    0.388       428.39          708.96        3815.34         3871.00         4630.47  
    0.394       154.32          532.18        1895.76         3862.45         4688.59  
    0.400       0          456.90        923.27         3886.81         4697.18  
    0.406       282.80          580.68        1994.28         3930.97         4761.64  
    0.413       378.80          684.78        2634.32         3938.62         4736.64  
    0.419       351.91          697.24        2571.61         3906.50         4677.11  
    0.425       387.29          696.32        2317.62         3921.65         4768.67  
    0.431       431.25          701.32        1825.90         3867.26         4849.76  
    0.438       436.58          605.02        2038.94         3862.56         4854.23  
    0.444       425.08          541.05        2316.12         3880.87         4818.29  
    0.450       420.69          532.87        2295.34         3862.05         4795.57  
    0.456       368.55          694.08        2193.62         3849.96         4808.77  
    0.463       345.54          703.40        2149.73         3815.43         4772.34  
    0.469       121.05          230.35        1001.83         2459.48         4130.07  
    0.475       0          0        393.88         1760.56         3816.65  
    0.481       236.15          471.42        1777.47         3208.03         4917.48  
    0.488       356.52          786.21        2602.51         3948.47         5500.00  
    0.494       122.97          285.24        1336.58         2731.17         4317.14  
    0.500       0          0        652.40         1954.53         3718.67  
    0.506       0          420.18        1404.71         2883.31         3898.66  
    0.513       0          648.44        1797.32         3326.25         4048.38  
    0.519       0          634.56        1791.44         3152.32         4181.60  
    0.525       0          634.91        1767.71         2987.69         4238.72  
    0.531       344.43          1037.46        2277.13         3691.81         5062.01  
    0.537       547.82          1256.13        2547.16         4010.03         5500.00  
    0.544       586.94          1265.34        2547.86         3953.90         5500.00  
    0.550       609.36          1357.72        2503.36         3778.23         5326.91  
    0.556       584.54          1466.43        2606.11         3695.66         5407.68  
    0.562       606.81          1440.80        2621.38         3759.09         5500.00  
    