0.025       368.54          1484.53        2625.11         4193.29         4734.54  
    0.031       610.38          1143.26        2474.40         3708.70         4670.59  
    0.038       585.94          723.64        2566.46         3569.59         4725.81  
    0.044       517.12          723.84        2610.01         3547.69         4450.55  
    0.050       476.01          762.30        2553.98         3530.71         4192.14  
    0.056       480.03          744.77        2525.22         3540.93         4113.75  
    0.062       508.46          658.44        2506.53         3563.33         3952.05  
    0.069       533.74          640.59        2521.42         3578.53         3952.49  
    0.075       466.82          631.54        2476.76         3590.15         4166.84  
    0.081       135.21          665.92        2459.48         3572.31         4288.91  
    0.088       147.40          683.68        2528.17         3529.80         4189.14  
    0.094       416.07          679.45        2625.25         3533.24         3924.92  
    0.100       469.86          650.06        2557.57         3562.27         4176.11  
    0.106       325.42          623.56        2482.56         3575.48         4263.84  
    0.113       39.18          80.03        826.94         2597.60         3676.24  
    0.119       0          0        560.22         2447.97         3588.22  
    0.125       0          484.49        2198.40         3467.34         3814.50  
    0.131       0          554.97        2459.69         3620.98         3997.15  
    0.138       0          549.60        2479.95         3604.02         3775.33  
    0.144       0          70.81        788.49         2606.39         3596.21  
    0.150       0          0        530.85         2471.47         3618.42  
    0.156       0          0        522.54         2514.35         3611.52  
    0.163       0          0        526.77         2499.29         3586.39  
    0.169       0          0        525.15         2472.76         3580.78  
    0.175       0          0        513.27         2459.66         3615.24  
    0.181       0          0        505.12         2474.51         3544.45  
    0.188       406.12          426.05        2330.02         3365.52         3665.64  
    0.194       432.31          581.29        2530.90         3457.46         3693.35  
    0.200       439.85          575.52        2500.44         3450.70         3679.66  
    0.206       463.20          518.93        2528.70         3469.77         3664.02  
    0.213       465.86          524.66        2680.33         3516.12         3735.43  
    0.219       457.97          549.03        2722.99         3485.67         3841.77  
    0.225       423.06          585.35        2856.58         3480.94         3882.12  
    0.231       404.10          585.08        2726.52         3485.52         3778.30  
    0.238       391.59          583.82        2804.71         3443.39         4001.46  
    0.244       388.52          578.89        2755.87         3439.11         4504.14  
    0.250       391.38          559.29        2706.35         3448.53         4631.46  
    0.256       379.64          561.17        2832.05         3445.53         4796.26  
    0.263       371.97          555.91        2960.28         3471.02         4772.15  
    0.269       373.35          538.72        2971.93         3506.61         4672.00  
    0.275       411.00          498.35        2932.34         3513.75         4679.65  
    0.281       394.85          455.73        2906.93         3508.26         4479.21  
    0.288       380.85          488.98        2666.58         3481.64         4253.39  
    0.294       409.78          451.54        2543.63         3489.38         4301.44  
    0.300       376.64          419.05        2694.18         3585.32         4343.51  
    0.306       397.56          410.28        2743.99         3668.77         4616.04  
    0.312       51.80          52.84        696.01         2710.99         3822.87  
    0.319       0          364.93        2146.42         3382.00         4183.87  
    