0.025       0          1524.46        1686.96         3191.66         4889.01  
    0.031       0          1149.89        1629.50         3270.14         4900.96  
    0.038       591.11          1186.33        2636.99         4357.00         5296.35  
    0.044       931.01          1163.18        2655.50         4846.29         5500.00  
    0.050       794.45          1062.47        1970.53         4782.25         5500.00  
    0.056       712.33          1057.37        1566.25         4749.28         5500.00  
    0.062       244.30          839.97        1209.81         2768.58         4993.44  
    0.069       476.33          943.35        1513.98         3691.76         5234.91  
    0.075       723.09          1056.19        1979.70         4726.85         5266.29  
    0.081       733.93          1059.59        2280.08         4421.01         4918.20  
    0.088       758.71          1062.40        2369.50         4033.29         4875.29  
    0.094       813.06          1079.63        2361.98         3850.30         4897.03  
    0.100       840.44          1159.66        2401.73         3819.10         4971.86  
    0.106       799.52          1281.70        2443.14         3775.81         5034.34  
    0.113       749.95          1441.38        2438.61         3741.59         5003.52  
    0.119       732.45          1672.14        2406.08         3794.54         5020.15  
    0.125       750.29          1766.77        2354.81         3782.82         5079.83  
    0.131       794.59          1708.37        2472.19         3705.84         5138.38  
    0.138       877.01          1554.10        2723.61         3770.61         5089.20  
    0.144       976.48          1629.28        2880.22         4007.90         5346.49  
    0.150       1034.43          1690.63        2839.23         3745.29         5156.95  
    0.156       1054.22          1833.09        2973.76         3461.02         4850.78  
    0.163       1045.72          2000.42        2945.16         3376.26         4851.23  
    0.169       1007.69          1729.32        2471.17         3601.09         4978.14  
    0.175       885.83          1529.02        2375.82         3774.58         5041.65  
    0.181       761.83          1626.37        2575.65         3857.53         5069.57  
    0.188       684.28          1772.29        2747.76         3774.06         5097.07  
    0.194       652.43          1867.66        2833.42         3748.86         5075.29  
    0.200       646.52          1903.43        2830.57         3786.14         5026.94  
    0.206       651.70          1936.62        2836.31         3812.49         5038.02  
    0.213       666.73          1970.66        2763.74         3759.14         5122.70  
    0.219       684.94          1997.79        2674.62         3864.49         5182.76  
    0.225       696.10          1991.74        2715.00         4107.54         5395.22  
    0.231       240.03          1138.75        2287.47         3248.84         4678.01  
    0.238       456.35          1596.91        2439.07         3560.08         5069.84  
    0.244       693.68          2060.78        2565.55         3850.61         5232.07  
    0.250       688.47          1907.42        2484.19         3721.84         5019.10  
    0.256       682.63          1818.64        2489.77         3726.91         4946.86  
    0.263       678.21          1843.54        2533.70         3750.87         4934.51  
    0.269       672.82          1886.28        2635.29         3775.73         4978.95  
    0.275       664.13          1904.71        2783.96         3744.97         4898.62  
    0.281       655.81          1906.43        3015.34         3761.50         4770.45  
    0.288       648.55          1900.99        3096.08         4230.01         5235.93  
    0.294       640.26          1883.64        3123.98         4411.16         5500.00  
    0.300       629.01          1846.50        3120.18         4256.56         5014.45  
    0.306       614.87          1806.23        3042.35         4107.08         4780.92  
    0.312       612.10          1801.60        3056.11         4267.47         5256.67  
    0.319       210.71          1081.71        2276.84         3622.21         4813.56  
    0.325       0          768.91        1953.96         3284.15         4577.88  
    0.331       521.76          1429.11        2078.73         3517.82         4851.92  
    0.338       771.19          1805.51        2109.22         3645.15         4905.42  
    0.344       260.69          1111.54        2019.52         3078.40         4414.79  
    0.350       0          715.36        1912.30         2724.00         4146.70  
    0.356       0          692.98        1798.61         2654.79         4136.35  
    0.363       437.16          1329.08        2274.10         3676.45         5032.19  
    0.369       658.76          1655.96        2553.35         4172.90         5500.00  
    0.375       648.44          1560.75        2491.20         4104.34         5500.00  
    0.381       644.66          1424.50        2436.74         3992.87         5370.74  
    0.388       652.78          1322.12        2411.11         3957.84         5432.36  
    0.394       677.69          1303.29        2373.16         4029.97         5500.00  
    0.400       699.73          1343.77        2362.80         4080.44         5425.35  
    0.406       706.17          1335.99        2374.85         4103.00         5192.78  
    0.413       699.15          1318.07        2370.85         4068.65         4902.24  
    0.419       682.19          1320.94        2335.10         4006.15         5260.62  
    0.425       663.74          1354.87        2313.93         3950.98         5500.00  
    0.431       225.94          895.25        1804.08         3045.14         4490.47  
    0.438       0          643.34        1609.61         2630.23         3979.39  
    0.444       0          626.92        1749.41         2445.34         4058.90  
    0.450       0          600.19        1322.80         2199.34         3980.06  
    0.456       391.04          653.52        1834.61         3300.16         4957.04  
    0.463       541.10          706.39        2301.66         3935.63         5500.00  
    0.469       493.06          723.28        2396.49         3935.62         5500.00  
    0.475       482.81          718.84        2514.19         3928.18         5500.00  
    0.481       165.85          553.08        1317.38         3025.73         4497.46  
    0.488       293.94          594.67        1853.15         3503.30         4975.35  
    0.494       445.99          660.62        2386.21         3935.88         5500.00  
    0.500       152.90          524.12        1231.78         2896.56         4436.19  
    0.506       0          452.61        655.95         2475.73         3860.10  
    0.513       296.18          590.91        1898.88         3391.91         4933.15  
    0.519       446.66          646.69        2520.56         3844.75         5500.00  
    0.525       424.28          632.11        2505.10         3890.38         5500.00  
    0.531       377.22          640.81        2523.79         3972.36         5500.00  
    0.537       333.54          655.18        2547.90         4007.00         5500.00  
    0.544       289.69          670.78        2585.44         3988.98         5500.00  
    0.550       240.56          693.17        2588.01         3954.92         5500.00  
    0.556       230.31          705.67        2486.20         3904.96         5500.00  
    0.562       241.75          707.16        2465.33         3879.80         5500.00  
    0.569       241.88          707.06        2521.20         3892.28         5500.00  
    0.575       242.58          699.90        2450.38         3891.57         5500.00  
    0.581       246.56          680.99        2366.91         3922.65         5500.00  
    0.588       247.34          666.36        2421.63         3924.53         5500.00  
    0.594       238.20          702.79        2514.68         3898.54         5500.00  
    0.600       211.23          735.23        2517.62         3865.12         5500.00  
    0.606       204.30          701.45        2496.67         3844.77         5500.00  
    