0.025       0          1492.13        3115.64         3223.38         3867.18  
    0.031       0          1533.74        2454.66         3242.32         3900.40  
    0.038       461.44          1595.40        2998.27         3705.51         5150.22  
    0.044       557.41          1436.20        3206.17         3907.30         5299.36  
    0.050       587.24          918.11        3020.07         4098.29         5042.14  
    0.056       609.53          714.80        2964.17         3917.85         4967.64  
    0.062       610.57          779.09        3183.17         3666.06         4969.52  
    0.069       601.62          900.03        3479.55         3598.40         4916.01  
    0.075       491.42          689.26        3307.76         3814.60         4905.00  
    0.081       440.09          821.57        3096.87         4020.00         4918.78  
    0.088       449.67          878.54        2948.20         4046.83         4921.41  
    0.094       468.74          841.89        2841.58         4035.28         4905.71  
    0.100       503.52          812.52        2810.25         4023.08         4911.26  
    0.106       551.32          878.19        2783.28         3988.68         4956.25  
    0.113       595.40          987.35        2686.73         3993.58         5383.02  
    0.119       601.44          1134.94        2534.75         3984.36         5042.56  
    0.125       581.58          1224.69        2472.20         3977.72         5043.11  
    0.131       561.00          1292.81        2540.34         4001.80         5407.54  
    0.138       542.41          1339.14        2529.12         4014.51         5137.89  
    0.144       526.64          1310.24        2513.74         3993.61         4913.69  
    0.150       523.40          1338.63        2583.34         3943.26         4903.25  
    0.156       528.29          1427.91        2601.23         3960.24         4925.04  
    0.163       538.00          1463.96        2630.86         3937.27         4798.53  
    0.169       551.88          1488.99        2708.72         3920.03         4768.27  
    0.175       568.12          1522.79        2695.21         3965.05         4875.45  
    0.181       584.73          1558.18        2696.53         3988.19         5125.00  
    0.188       611.74          1605.95        2773.95         3940.83         5211.57  
    0.194       633.55          1590.83        2662.70         3946.50         4950.11  
    0.200       658.78          1607.77        2491.09         3975.56         5003.60  
    0.206       675.06          1563.37        2516.10         3994.56         5147.95  
    0.213       669.40          1522.66        2611.61         4000.46         5429.26  
    0.219       631.57          1554.80        2688.97         3980.94         5228.79  
    0.225       577.37          1516.73        2656.30         3975.51         4908.09  
    0.231       542.77          1587.28        2651.97         3965.12         4859.03  
    0.238       518.51          1635.15        2821.75         3950.39         4830.28  
    0.244       497.24          1599.55        2885.84         3944.57         4815.96  
    0.250       484.90          1553.51        2821.35         3964.82         4814.83  
    0.256       474.52          1507.53        2735.89         3941.93         4834.98  
    0.263       462.33          1453.06        2631.05         3935.21         4924.04  
    0.269       451.32          1448.76        2576.82         3898.50         4899.73  
    0.275       448.05          1425.12        2489.13         3849.02         4835.99  
    0.281       444.04          1330.08        2351.71         3917.60         4892.61  
    0.288       450.50          1392.71        2280.00         3926.28         4930.34  
    0.294       498.11          1562.44        1973.35         3778.00         4941.74  
    0.300       523.06          1253.06        2038.66         3814.32         5002.85  
    0.306       115.80          253.89        958.30         2291.27         4040.95  
    0.312       0          497.06        1450.27         3300.19         4717.18  
    0.319       0          140.16        844.76         2930.02         4005.43  
    0.325       0          0        598.37         2555.98         3719.79  
    0.331       275.60          496.98        2243.62         3479.16         4762.96  
    0.338       343.21          632.82        2871.56         3764.08         5064.89  
    0.344       334.93          630.28        2984.48         3815.82         5089.03  
    0.350       332.56          643.66        3049.26         3895.08         5071.08  
    0.356       336.11          637.36        3011.82         3878.32         5055.79  
    0.363       344.79          613.88        2951.00         3833.14         5010.29  
    0.369       330.46          647.80        2987.70         3853.77         4962.66  
    0.375       320.01          687.14        3067.26         3876.47         4954.94  
    0.381       317.03          711.84        3103.21         3837.98         4963.23  
    0.388       321.08          724.18        2993.18         3759.17         4953.77  
    0.394       328.90          716.50        3144.72         3686.48         4897.28  
    0.400       369.33          736.18        3516.20         4001.05         5364.13  
    0.406       376.98          688.65        3315.21         3728.25         5074.90  
    0.413       343.49          725.40        3279.49         3908.91         5380.13  
    0.419       304.48          961.54        3242.36         3982.26         5500.00  
    0.425       293.24          1203.75        3248.35         3860.74         5500.00  
    0.431       285.02          1257.91        3317.92         3751.33         5500.00  
    0.438       285.32          1287.79        3308.56         3684.99         5019.76  
    0.444       333.55          1314.36        3237.23         3743.30         5105.32  
    0.450       370.30          1268.01        3154.92         3789.66         5426.89  
    0.456       406.07          1203.84        3180.92         3689.76         5030.90  
    0.463       91.13          930.34        3056.74         3642.50         4478.37  
    0.469       0          922.34        2886.68         3624.54         4174.44  
    0.475       0          944.77        3023.35         3655.18         3864.14  
    0.481       0          208.06        1438.25         3281.65         3762.43  
    0.488       287.18          1225.66        2718.23         3651.04         4691.84  
    