0.025       487.52          888.78        2812.85         3531.67         4031.64  
    0.031       499.92          890.59        2772.22         3512.15         3943.75  
    0.038       529.47          951.79        2789.06         3547.87         4047.86  
    0.044       562.89          1024.77        2682.38         3542.56         4641.24  
    0.050       591.76          1128.58        2551.77         3513.44         4856.28  
    0.056       609.43          1383.08        2356.43         3492.67         4746.46  
    0.062       599.94          1587.64        2152.55         3520.45         4663.91  
    0.069       576.55          1654.88        2442.37         3584.45         4468.95  
    0.075       561.10          1662.68        3098.24         3411.34         4305.50  
    0.081       554.18          1645.13        2823.54         3437.32         4491.98  
    0.088       551.22          1620.99        2641.28         3530.21         4627.95  
    0.094       550.29          1622.75        2681.37         3614.47         4695.04  
    0.100       551.24          1644.19        2767.33         3554.13         4865.28  
    0.106       551.72          1636.96        2828.46         3402.54         4845.14  
    0.113       551.14          1633.34        2718.18         3523.84         4736.34  
    0.119       549.27          1657.89        2585.02         3632.31         4690.66  
    0.125       547.52          1660.49        2565.58         3660.21         4690.21  
    0.131       548.84          1656.82        2611.50         3706.51         4633.84  
    0.138       548.72          1611.26        2527.00         3666.25         4663.80  
    0.144       544.10          1570.85        2581.48         3569.67         4640.52  
    0.150       543.40          1587.60        2908.18         3370.02         4614.18  
    0.156       545.01          1532.27        3088.62         3340.92         4643.41  
    0.163       547.96          1427.26        2966.56         3383.18         4636.37  
    0.169       544.64          1360.84        2895.33         3404.30         4637.31  
    0.175       540.54          1324.85        2895.06         3449.70         4632.66  
    0.181       536.41          1283.36        2833.59         3422.94         4594.57  
    0.188       539.81          1293.39        2972.65         3367.21         4518.06  
    0.194       525.57          1316.71        2947.98         3414.02         4327.05  
    0.200       506.43          1270.47        2782.32         3408.36         4316.08  
    0.206       493.23          1155.58        2663.11         3366.70         4412.17  
    0.213       492.53          1152.47        2632.59         3323.85         4518.02  
    0.219       481.63          1045.77        2546.60         3344.95         4526.83  
    0.225       455.97          881.33        2534.45         3404.65         4511.56  
    0.231       430.99          773.03        2581.58         3414.68         4677.92  
    0.238       424.13          728.94        2572.68         3408.53         5276.97  
    0.244       408.88          719.62        2569.05         3375.94         5500.00  
    0.250       397.59          721.90        2582.71         3359.53         5407.11  
    0.256       389.80          727.43        2611.76         3514.01         5176.70  
    0.263       390.33          718.80        2738.98         3619.29         5379.97  
    0.269       399.80          698.14        2859.97         3663.16         5500.00  
    0.275       396.08          686.38        2853.64         3671.70         5331.44  
    0.281       394.97          657.91        2935.01         3656.14         5072.32  
    0.288       412.05          636.81        2957.43         3527.83         4964.55  
    0.294       412.64          643.45        3088.66         3477.53         5192.28  
    0.300       417.07          631.42        2920.98         3602.23         5438.68  
    0.306       416.52          635.26        2665.67         3598.37         4879.38  
    0.312       394.78          654.90        2585.89         3579.63         4421.59  
    0.319       364.42          643.79        2538.58         3639.57         4311.82  
    0.325       358.03          624.89        2574.30         3676.41         4551.76  
    0.331       372.26          583.78        2629.44         3675.70         4901.80  
    0.338       364.80          570.27        2671.39         3669.51         5036.00  
    0.344       303.33          583.57        2661.28         3648.33         5064.87  
    0.350       272.13          599.77        2585.92         3575.21         5035.58  
    0.356       243.37          590.88        2510.07         3548.39         4975.86  
    0.363       69.08          173.83        1131.73         2851.60         3982.56  
    